178.99	-0.000
179.20	-0.000
179.42	-0.000
179.63	-1.940
179.84	-0.000
180.06	-0.000
180.27	0.542
180.49	-0.292
180.70	-0.238
180.92	-0.000
181.13	-0.549
181.35	0.080
181.56	0.283
181.77	0.291
181.99	0.157
182.20	0.045
182.42	0.016
182.63	0.070
182.85	0.109
183.06	0.142
183.28	0.113
183.49	0.168
183.70	0.208
183.92	0.226
184.13	0.215
184.35	0.251
184.56	0.322
184.78	0.451
184.99	0.417
185.21	0.374
185.42	0.298
185.63	0.294
185.85	0.198
186.06	0.223
186.28	0.219
186.49	0.216
186.71	0.256
186.92	0.213
187.13	0.150
187.35	0.124
187.56	0.114
187.78	0.115
187.99	0.109
188.21	0.132
188.42	0.174
188.63	0.239
188.85	0.188
189.06	0.173
189.28	0.124
189.49	0.120
189.71	0.125
189.92	0.155
190.13	0.143
190.35	0.164
190.56	0.163
190.78	0.183
190.99	0.175
191.20	0.132
191.42	0.133
191.63	0.166
191.85	0.183
192.06	0.184
192.28	0.174
192.49	0.188
192.70	0.135
192.92	0.086
193.13	0.038
193.35	0.092
193.56	0.078
193.77	0.118
193.99	0.119
194.20	0.105
194.42	0.124
194.63	0.133
194.84	0.106
195.06	0.099
195.27	0.080
195.49	0.093
195.70	0.089
195.91	0.144
196.13	0.139
196.34	0.125
196.56	0.076
196.77	0.104
196.98	0.079
197.20	0.051
197.41	0.077
197.63	0.118
197.84	0.080
198.05	0.067
198.27	0.025
198.48	-0.025
198.70	0.006
198.91	0.024
199.12	0.016
199.34	0.045
199.55	0.007
199.76	0.090
199.98	0.102
200.19	0.111
200.41	0.092
200.62	0.087
200.83	0.138
201.05	0.195
201.26	0.093
201.48	0.082
201.69	0.225
201.90	0.227
202.12	0.225
202.33	0.228
202.54	0.230
202.76	0.283
202.97	0.281
203.19	0.302
203.40	0.235
203.61	0.292
203.83	0.300
204.04	0.334
204.25	0.275
204.47	0.231
204.68	0.216
204.89	0.181
205.11	0.189
205.32	0.138
205.54	0.148
205.75	0.198
205.96	0.186
206.18	0.118
206.39	0.104
206.60	0.077
206.82	0.056
207.03	0.074
207.24	0.038
207.46	0.073
207.67	0.077
207.89	0.096
208.10	0.063
208.31	0.100
208.53	0.080
208.74	0.080
208.95	0.096
209.17	0.103
209.38	0.109
209.59	0.127
209.81	0.174
210.02	0.149
210.23	0.140
210.45	0.153
210.66	0.171
210.87	0.168
211.09	0.180
211.30	0.193
211.51	0.192
211.73	0.251
211.94	0.231
212.15	0.220
212.37	0.191
212.58	0.216
212.79	0.151
213.01	0.180
213.22	0.193
213.43	0.139
213.65	0.114
213.86	0.109
214.07	0.086
214.29	0.077
214.50	0.080
214.71	0.103
214.93	0.130
215.14	0.123
215.35	0.170
215.57	0.180
215.78	0.165
215.99	0.132
216.21	0.097
216.42	0.096
216.63	0.077
216.85	0.119
217.06	0.122
217.27	0.141
217.49	0.145
217.70	0.103
217.91	0.174
218.13	0.295
218.34	0.273
218.55	0.267
218.77	0.212
218.98	0.188
219.19	0.115
219.40	0.111
219.62	0.124
219.83	0.105
220.04	0.123
220.26	0.110
220.47	0.100
220.68	0.133
220.90	0.078
221.11	0.127
221.32	0.121
221.54	0.108
221.75	0.130
221.96	0.086
222.17	0.099
222.39	0.099
222.60	0.079
222.81	0.079
223.03	0.077
223.24	0.119
223.45	0.116
223.67	0.124
223.88	0.120
224.09	0.115
224.30	0.120
224.52	0.108
224.73	0.124
224.94	0.173
225.16	0.149
225.37	0.156
225.58	0.126
225.79	0.119
226.01	0.094
226.22	0.058
226.43	0.062
226.65	0.011
226.86	0.022
227.07	0.004
227.28	0.028
227.50	0.043
227.71	0.003
227.92	0.039
228.14	0.030
228.35	0.033
228.56	0.040
228.77	0.020
228.99	0.049
229.20	0.048
229.41	0.012
229.62	0.034
229.84	0.044
230.05	0.036
230.26	0.046
230.48	0.012
230.69	0.010
230.90	0.056
231.11	0.099
231.33	0.073
231.54	0.085
231.75	0.100
231.96	0.120
232.18	0.155
232.39	0.107
232.60	0.207
232.81	0.230
233.03	0.201
233.24	0.255
233.45	0.249
233.66	0.223
233.88	0.233
234.09	0.214
234.30	0.241
234.51	0.249
234.73	0.234
234.94	0.315
235.15	0.363
235.36	0.282
235.58	0.281
235.79	0.279
236.00	0.283
236.21	0.253
236.43	0.236
236.64	0.255
236.85	0.278
237.06	0.208
237.28	0.157
237.49	0.134
237.70	0.093
237.91	0.079
238.13	0.042
238.34	0.040
238.55	0.062
238.76	0.051
238.98	0.032
239.19	0.035
239.40	0.011
239.61	-0.018
239.83	0.026
240.04	0.034
240.25	0.043
240.46	0.060
240.67	0.005
240.89	-0.087
241.10	-0.122
241.31	-0.047
241.52	-0.083
241.74	-0.011
241.95	0.072
242.16	0.030
242.37	-0.006
242.58	0.062
242.80	0.082
243.01	0.020
243.22	-0.029
243.43	-0.019
243.65	-0.040
243.86	-0.042
244.07	-0.044
244.28	-0.031
244.49	-0.021
244.71	-0.003
244.92	-0.012
245.13	0.012
245.34	0.060
245.55	0.091
245.77	0.056
245.98	0.056
246.19	0.039
246.40	0.013
246.62	0.024
246.83	0.020
247.04	-0.019
247.25	-0.056
247.46	-0.037
247.68	-0.013
247.89	-0.006
248.10	0.006
248.31	-0.005
248.52	0.002
248.74	-0.030
248.95	-0.017
249.16	-0.046
249.37	-0.024
249.58	0.004
249.79	0.038
250.01	0.013
250.22	-0.009
250.43	0.053
250.64	0.022
250.85	-0.015
251.07	0.004
251.28	0.040
251.49	0.060
251.70	0.129
251.91	0.189
252.13	0.201
252.34	0.286
252.55	0.266
252.76	0.362
252.97	0.398
253.18	0.412
253.40	0.344
253.61	0.305
253.82	0.266
254.03	0.272
254.24	0.198
254.46	0.233
254.67	0.251
254.88	0.203
255.09	0.280
255.30	0.315
255.51	0.295
255.73	0.316
255.94	0.292
256.15	0.285
256.36	0.213
256.57	0.174
256.78	0.116
257.00	0.182
257.21	0.213
257.42	0.193
257.63	0.141
257.84	0.207
258.05	0.209
258.26	0.194
258.48	0.176
258.69	0.200
258.90	0.183
259.11	0.188
259.32	0.173
259.53	0.137
259.75	0.140
259.96	0.172
260.17	0.137
260.38	0.149
260.59	0.115
260.80	0.170
261.01	0.165
261.23	0.216
261.44	0.162
261.65	0.133
261.86	0.161
262.07	0.210
262.28	0.256
262.49	0.253
262.71	0.290
262.92	0.224
263.13	0.171
263.34	0.167
263.55	0.213
263.76	0.204
263.97	0.241
264.19	0.176
264.40	0.142
264.61	0.197
264.82	0.157
265.03	0.191
265.24	0.173
265.45	0.184
265.66	0.137
265.88	0.188
266.09	0.143
266.30	0.137
266.51	0.144
266.72	0.093
266.93	0.116
267.14	0.113
267.35	0.163
267.57	0.196
267.78	0.179
267.99	0.133
268.20	0.134
268.41	0.136
268.62	0.154
268.83	0.173
269.04	0.109
269.25	0.206
269.47	0.151
269.68	0.171
269.89	0.164
270.10	0.248
270.31	0.194
270.52	0.201
270.73	0.191
270.94	0.169
271.15	0.154
271.37	0.165
271.58	0.170
271.79	0.192
272.00	0.170
272.21	0.187
272.42	0.181
272.63	0.174
272.84	0.163
273.05	0.204
273.26	0.187
273.48	0.243
273.69	0.208
273.90	0.269
274.11	0.263
274.32	0.286
274.53	0.209
274.74	0.212
274.95	0.223
275.16	0.186
275.37	0.151
275.58	0.162
275.80	0.148
276.01	0.134
276.22	0.129
276.43	0.136
276.64	0.146
276.85	0.192
277.06	0.199
277.27	0.185
277.48	0.160
277.69	0.154
277.90	0.133
278.11	0.094
278.32	0.031
278.54	-0.005
278.75	0.014
278.96	0.016
279.17	0.022
279.38	0.049
279.59	0.057
279.80	0.082
280.01	0.085
280.22	0.082
280.43	0.067
280.64	0.053
280.85	0.092
281.06	0.091
281.27	0.051
281.48	0.038
281.70	0.011
281.91	0.027
282.12	0.030
282.33	0.047
282.54	0.081
282.75	0.133
282.96	0.160
283.17	0.125
283.38	0.139
283.59	0.161
283.80	0.139
284.01	0.196
284.22	0.213
284.43	0.195
284.64	0.195
284.85	0.209
285.06	0.203
285.27	0.187
285.48	0.148
285.70	0.172
285.91	0.193
286.12	0.208
286.33	0.213
286.54	0.175
286.75	0.171
286.96	0.163
287.17	0.122
287.38	0.117
287.59	0.136
287.80	0.126
288.01	0.102
288.22	0.084
288.43	0.050
288.64	0.008
288.85	-0.002
289.06	0.009
289.27	0.052
289.48	0.086
289.69	0.092
289.90	0.105
290.11	0.114
290.32	0.137
290.53	0.165
290.74	0.147
290.95	0.177
291.16	0.180
291.37	0.149
291.58	0.173
291.79	0.176
292.00	0.200
292.21	0.185
292.42	0.175
292.63	0.190
292.84	0.195
293.05	0.198
293.26	0.198
293.47	0.212
293.68	0.178
293.89	0.128
294.10	0.102
294.31	0.111
294.52	0.061
294.73	0.052
294.95	0.037
295.16	0.049
295.37	0.060
295.58	0.036
295.79	0.097
295.99	0.086
296.20	0.102
296.41	0.068
296.62	0.052
296.83	0.083
297.04	0.096
297.25	0.084
297.46	0.081
297.67	0.112
297.88	0.109
298.09	0.093
298.30	0.138
298.51	0.165
298.72	0.185
298.93	0.199
299.14	0.207
299.35	0.195
299.56	0.183
299.77	0.155
299.98	0.156
300.19	0.112
300.40	0.117
300.61	0.102
300.82	0.120
301.03	0.157
301.24	0.122
301.45	0.111
301.66	0.101
301.87	0.121
302.08	0.134
302.29	0.128
302.50	0.159
302.71	0.137
302.92	0.148
303.13	0.117
303.34	0.126
303.55	0.103
303.76	0.111
303.97	0.122
304.18	0.112
304.39	0.098
304.60	0.114
304.81	0.122
305.02	0.121
305.22	0.120
305.43	0.112
305.64	0.148
305.85	0.165
306.06	0.173
306.27	0.188
306.48	0.136
306.69	0.171
306.90	0.140
307.11	0.147
307.32	0.144
307.53	0.127
307.74	0.129
307.95	0.203
308.16	0.265
308.37	0.228
308.58	0.302
308.79	0.337
309.00	0.395
309.21	0.322
309.41	0.324
309.62	0.324
309.83	0.316
310.04	0.299
310.25	0.291
310.46	0.321
310.67	0.266
310.88	0.225
311.09	0.206
311.30	0.181
311.51	0.188
311.72	0.133
311.93	0.121
312.14	0.138
312.34	0.131
312.55	0.095
312.76	0.161
312.97	0.126
313.18	0.128
313.39	0.116
313.60	0.137
313.81	0.130
314.02	0.110
314.23	0.129
314.44	0.127
314.65	0.130
314.86	0.127
315.06	0.147
315.27	0.146
315.48	0.148
315.69	0.185
315.90	0.235
316.11	0.271
316.32	0.318
316.53	0.339
316.74	0.308
316.95	0.316
317.16	0.267
317.36	0.280
317.57	0.286
317.78	0.304
317.99	0.286
318.20	0.301
318.41	0.312
318.62	0.307
318.83	0.358
319.04	0.348
319.24	0.320
319.45	0.330
319.66	0.438
319.87	0.462
320.08	0.413
320.29	0.325
320.50	0.330
320.71	0.333
320.92	0.356
321.12	0.268
321.33	0.290
321.54	0.267
321.75	0.247
321.96	0.202
322.17	0.179
322.38	0.173
322.59	0.178
322.80	0.208
323.00	0.189
323.21	0.151
323.42	0.128
323.63	0.151
323.84	0.148
324.05	0.097
324.26	0.108
324.47	0.143
324.67	0.147
324.88	0.161
325.09	0.170
325.30	0.167
325.51	0.211
325.72	0.186
325.93	0.214
326.13	0.219
326.34	0.219
326.55	0.213
326.76	0.212
326.97	0.214
327.18	0.204
327.39	0.199
327.59	0.195
327.80	0.218
328.01	0.207
328.22	0.190
328.43	0.224
328.64	0.189
328.85	0.174
329.05	0.168
329.26	0.166
329.47	0.146
329.68	0.132
329.89	0.129
330.10	0.139
330.30	0.140
330.51	0.161
330.72	0.170
330.93	0.162
331.14	0.184
331.35	0.196
331.56	0.197
331.76	0.184
331.97	0.196
332.18	0.193
332.39	0.190
332.60	0.201
332.81	0.189
333.01	0.203
333.22	0.200
333.43	0.201
333.64	0.190
333.85	0.189
334.05	0.205
334.26	0.212
334.47	0.208
334.68	0.207
334.89	0.193
335.10	0.207
335.30	0.222
335.51	0.216
335.72	0.203
335.93	0.198
336.14	0.209
336.35	0.202
336.55	0.208
336.76	0.208
336.97	0.208
337.18	0.213
337.39	0.214
337.59	0.221
337.80	0.228
338.01	0.235
338.22	0.239
338.43	0.235
338.63	0.226
338.84	0.229
339.05	0.227
339.26	0.240
339.47	0.231
339.67	0.228
339.88	0.231
340.09	0.239
340.30	0.241
340.51	0.235
340.71	0.239
340.92	0.236
341.13	0.246
341.34	0.246
341.55	0.243
341.75	0.243
341.96	0.243
342.17	0.238
342.38	0.234
342.58	0.239
342.79	0.240
343.00	0.249
343.21	0.248
343.42	0.250
343.62	0.242
343.83	0.236
344.04	0.237
344.25	0.233
344.46	0.229
344.66	0.225
344.87	0.232
345.08	0.231
345.29	0.234
345.49	0.230
345.70	0.233
345.91	0.236
346.12	0.235
346.32	0.233
346.53	0.236
346.74	0.242
346.95	0.237
347.16	0.233
347.36	0.230
347.57	0.232
347.78	0.235
347.99	0.241
348.19	0.251
348.40	0.249
348.61	0.257
348.82	0.260
349.02	0.263
349.23	0.259
349.44	0.255
349.65	0.262
349.85	0.259
350.06	0.256
350.27	0.257
350.48	0.260
350.68	0.259
350.89	0.261
351.10	0.260
351.31	0.265
351.51	0.269
351.72	0.270
351.93	0.270
352.14	0.272
352.34	0.266
352.55	0.261
352.76	0.261
352.96	0.260
353.17	0.259
353.38	0.262
353.59	0.264
353.79	0.266
354.00	0.259
354.21	0.262
354.42	0.259
354.62	0.258
354.83	0.261
355.04	0.267
355.24	0.267
355.45	0.263
355.66	0.258
355.87	0.257
356.07	0.257
356.28	0.259
356.49	0.257
356.70	0.260
356.90	0.261
357.11	0.259
357.32	0.257
357.52	0.260
357.73	0.258
357.94	0.261
358.15	0.265
358.35	0.267
358.56	0.265
358.77	0.269
358.97	0.270
359.18	0.267
359.39	0.262
359.59	0.264
359.80	0.268
360.01	0.271
360.22	0.270
360.42	0.272
360.63	0.273
360.84	0.273
361.04	0.272
361.25	0.275
361.46	0.276
361.66	0.277
361.87	0.276
362.08	0.277
362.29	0.276
362.49	0.277
362.70	0.277
362.91	0.279
363.11	0.278
363.32	0.277
363.53	0.277
363.73	0.280
363.94	0.279
364.15	0.278
364.35	0.278
364.56	0.280
364.77	0.280
364.97	0.278
365.18	0.275
365.39	0.276
365.59	0.275
365.80	0.277
366.01	0.278
366.21	0.276
366.42	0.274
366.63	0.275
366.83	0.272
367.04	0.272
367.25	0.273
367.45	0.274
367.66	0.275
367.87	0.276
368.07	0.275
368.28	0.276
368.49	0.279
368.69	0.279
368.90	0.279
369.11	0.279
369.31	0.281
369.52	0.283
369.73	0.282
369.93	0.280
370.14	0.279
370.35	0.278
370.55	0.280
370.76	0.283
370.97	0.282
371.17	0.285
371.38	0.286
371.58	0.285
371.79	0.285
372.00	0.284
372.20	0.284
372.41	0.286
372.62	0.285
372.82	0.282
373.03	0.283
373.24	0.283
373.44	0.284
373.65	0.285
373.85	0.286
374.06	0.287
374.27	0.289
374.47	0.290
374.68	0.290
374.89	0.292
375.09	0.291
375.30	0.292
375.51	0.291
375.71	0.292
375.92	0.293
376.12	0.295
376.33	0.297
376.54	0.298
376.74	0.297
376.95	0.299
377.15	0.299
377.36	0.299
377.57	0.301
377.77	0.299
377.98	0.299
378.19	0.298
378.39	0.299
378.60	0.299
378.80	0.299
379.01	0.299
379.22	0.296
379.42	0.296
379.63	0.295
379.83	0.295
380.04	0.297
380.25	0.295
380.45	0.296
380.66	0.296
380.86	0.296
381.07	0.296
381.28	0.294
381.48	0.296
381.69	0.297
381.89	0.296
382.10	0.296
382.31	0.297
382.51	0.298
382.72	0.299
382.92	0.299
383.13	0.299
383.33	0.301
383.54	0.301
383.75	0.301
383.95	0.302
384.16	0.300
384.36	0.299
384.57	0.299
384.78	0.299
384.98	0.297
385.19	0.297
385.39	0.297
385.60	0.298
385.80	0.297
386.01	0.296
386.22	0.297
386.42	0.298
386.63	0.298
386.83	0.298
387.04	0.298
387.24	0.298
387.45	0.298
387.65	0.298
387.86	0.298
388.07	0.298
388.27	0.298
388.48	0.299
388.68	0.300
388.89	0.300
389.09	0.300
389.30	0.301
389.50	0.302
389.71	0.302
389.92	0.302
390.12	0.302
390.33	0.302
390.53	0.302
390.74	0.301
390.94	0.300
391.15	0.299
391.35	0.299
391.56	0.299
391.77	0.300
391.97	0.301
392.18	0.302
392.38	0.301
392.59	0.301
392.79	0.301
393.00	0.300
393.20	0.300
393.41	0.300
393.61	0.300
393.82	0.298
394.02	0.299
394.23	0.299
394.43	0.298
394.64	0.298
394.84	0.299
395.05	0.299
395.26	0.298
395.46	0.298
395.67	0.298
395.87	0.298
396.08	0.298
396.28	0.297
396.49	0.297
396.69	0.298
396.90	0.298
397.10	0.299
397.31	0.298
397.51	0.298
397.72	0.298
397.92	0.299
398.13	0.300
398.33	0.300
398.54	0.300
398.74	0.301
398.95	0.301
399.15	0.301
399.36	0.302
399.56	0.303
399.77	0.304
399.97	0.305
400.18	0.305
400.38	0.304
400.59	0.305
400.79	0.305
401.00	0.304
401.20	0.305
401.41	0.305
401.61	0.306
401.82	0.306
402.02	0.307
402.23	0.307
402.43	0.306
402.64	0.307
402.84	0.307
403.05	0.307
403.25	0.308
403.46	0.307
403.66	0.307
403.87	0.307
404.07	0.307
404.27	0.307
404.48	0.307
404.68	0.308
404.89	0.309
405.09	0.311
405.30	0.311
405.50	0.311
405.71	0.311
405.91	0.311
406.12	0.311
406.32	0.311
406.53	0.311
406.73	0.312
406.94	0.312
407.14	0.312
407.34	0.312
407.55	0.312
407.75	0.311
407.96	0.312
408.16	0.312
408.37	0.311
408.57	0.311
408.78	0.311
408.98	0.310
409.19	0.310
409.39	0.309
409.59	0.309
409.80	0.309
410.00	0.308
410.21	0.309
410.41	0.309
410.62	0.309
410.82	0.309
411.03	0.308
411.23	0.309
411.43	0.310
411.64	0.309
411.84	0.310
412.05	0.310
412.25	0.310
412.46	0.310
412.66	0.310
412.86	0.311
413.07	0.310
413.27	0.311
413.48	0.311
413.68	0.310
413.89	0.310
414.09	0.310
414.29	0.311
414.50	0.311
414.70	0.311
414.91	0.312
415.11	0.311
415.32	0.311
415.52	0.311
415.72	0.311
415.93	0.311
416.13	0.311
416.34	0.312
416.54	0.312
416.74	0.311
416.95	0.311
417.15	0.311
417.36	0.312
417.56	0.313
417.76	0.313
417.97	0.312
418.17	0.313
418.38	0.313
418.58	0.313
418.78	0.314
418.99	0.313
419.19	0.314
419.40	0.314
419.60	0.314
419.80	0.314
420.01	0.314
420.21	0.315
420.42	0.315
420.62	0.315
420.82	0.315
421.03	0.315
421.23	0.317
421.44	0.317
421.64	0.317
421.84	0.317
422.05	0.317
422.25	0.318
422.45	0.318
422.66	0.318
422.86	0.318
423.07	0.318
423.27	0.318
423.47	0.317
423.68	0.318
423.88	0.318
424.08	0.318
424.29	0.319
424.49	0.319
424.70	0.318
424.90	0.319
425.10	0.320
425.31	0.320
425.51	0.320
425.71	0.320
425.92	0.321
426.12	0.321
426.32	0.321
426.53	0.321
426.73	0.322
426.93	0.322
427.14	0.322
427.34	0.322
427.55	0.323
427.75	0.324
427.95	0.323
428.16	0.323
428.36	0.323
428.56	0.323
428.77	0.323
428.97	0.322
429.17	0.322
429.38	0.321
429.58	0.321
429.78	0.320
429.99	0.320
430.19	0.320
430.39	0.320
430.60	0.319
430.80	0.319
431.00	0.318
431.21	0.318
431.41	0.318
431.61	0.318
431.82	0.318
432.02	0.318
432.22	0.318
432.43	0.317
432.63	0.318
432.83	0.318
433.04	0.318
433.24	0.319
433.44	0.319
433.65	0.320
433.85	0.320
434.05	0.320
434.25	0.320
434.46	0.320
434.66	0.319
434.86	0.319
435.07	0.319
435.27	0.320
435.47	0.320
435.68	0.320
435.88	0.320
436.08	0.321
436.29	0.321
436.49	0.321
436.69	0.322
436.89	0.322
437.10	0.322
437.30	0.322
437.50	0.322
437.71	0.322
437.91	0.322
438.11	0.321
438.32	0.321
438.52	0.321
438.72	0.322
438.92	0.322
439.13	0.322
439.33	0.323
439.53	0.323
439.74	0.323
439.94	0.324
440.14	0.324
440.34	0.324
440.55	0.324
440.75	0.324
440.95	0.324
441.15	0.323
441.36	0.323
441.56	0.323
441.76	0.323
441.97	0.323
442.17	0.323
442.37	0.324
442.57	0.324
442.78	0.324
442.98	0.324
443.18	0.324
443.38	0.325
443.59	0.325
443.79	0.324
443.99	0.324
444.19	0.323
444.40	0.323
444.60	0.323
444.80	0.323
445.00	0.323
445.21	0.323
445.41	0.324
445.61	0.323
445.81	0.324
446.02	0.324
446.22	0.324
446.42	0.324
446.62	0.324
446.83	0.323
447.03	0.323
447.23	0.323
447.43	0.323
447.64	0.323
447.84	0.323
448.04	0.323
448.24	0.323
448.45	0.323
448.65	0.323
448.85	0.323
449.05	0.324
449.26	0.324
449.46	0.324
449.66	0.324
449.86	0.324
450.06	0.324
450.27	0.323
450.47	0.323
450.67	0.323
450.87	0.323
451.08	0.324
451.28	0.324
451.48	0.324
451.68	0.324
451.88	0.325
452.09	0.325
452.29	0.324
452.49	0.324
452.69	0.325
452.89	0.325
453.10	0.324
453.30	0.324
453.50	0.324
453.70	0.324
453.90	0.324
454.11	0.324
454.31	0.324
454.51	0.324
454.71	0.325
454.91	0.325
455.12	0.325
455.32	0.325
455.52	0.325
455.72	0.325
455.92	0.325
456.13	0.324
456.33	0.324
456.53	0.324
456.73	0.325
456.93	0.325
457.14	0.325
457.34	0.325
457.54	0.325
457.74	0.325
457.94	0.325
458.14	0.326
458.35	0.326
458.55	0.326
458.75	0.325
458.95	0.325
459.15	0.326
459.36	0.326
459.56	0.325
459.76	0.326
459.96	0.326
460.16	0.326
460.36	0.326
460.57	0.326
460.77	0.326
460.97	0.326
461.17	0.326
461.37	0.326
461.57	0.326
461.77	0.326
461.98	0.326
462.18	0.326
462.38	0.326
462.58	0.326
462.78	0.326
462.98	0.326
463.19	0.326
463.39	0.326
463.59	0.326
463.79	0.326
463.99	0.325
464.19	0.325
464.39	0.325
464.60	0.325
464.80	0.325
465.00	0.326
465.20	0.326
465.40	0.326
465.60	0.326
465.80	0.326
466.01	0.326
466.21	0.326
466.41	0.326
466.61	0.326
466.81	0.326
467.01	0.326
467.21	0.326
467.41	0.327
467.62	0.327
467.82	0.327
468.02	0.327
468.22	0.327
468.42	0.327
468.62	0.327
468.82	0.327
469.02	0.327
469.22	0.327
469.43	0.327
469.63	0.328
469.83	0.328
470.03	0.328
470.23	0.327
470.43	0.327
470.63	0.327
470.83	0.327
471.03	0.328
471.24	0.328
471.44	0.328
471.64	0.328
471.84	0.328
472.04	0.328
472.24	0.328
472.44	0.328
472.64	0.328
472.84	0.328
473.04	0.329
473.25	0.329
473.45	0.329
473.65	0.329
473.85	0.329
474.05	0.328
474.25	0.328
474.45	0.328
474.65	0.329
474.85	0.329
475.05	0.329
475.25	0.329
475.45	0.329
475.66	0.329
475.86	0.329
476.06	0.329
476.26	0.329
476.46	0.329
476.66	0.329
476.86	0.329
477.06	0.329
477.26	0.329
477.46	0.329
477.66	0.329
477.86	0.329
478.06	0.329
478.26	0.329
478.46	0.329
478.67	0.329
478.87	0.329
479.07	0.329
479.27	0.330
479.47	0.329
479.67	0.330
479.87	0.330
480.07	0.330
480.27	0.330
480.47	0.330
480.67	0.330
480.87	0.330
481.07	0.330
481.27	0.330
481.47	0.330
481.67	0.330
481.87	0.330
482.07	0.330
482.27	0.330
482.47	0.330
482.67	0.330
482.87	0.330
483.07	0.330
483.28	0.330
483.48	0.330
483.68	0.330
483.88	0.330
484.08	0.330
484.28	0.330
484.48	0.329
484.68	0.329
484.88	0.329
485.08	0.329
485.28	0.329
485.48	0.329
485.68	0.329
485.88	0.329
486.08	0.329
486.28	0.329
486.48	0.329
486.68	0.330
486.88	0.330
487.08	0.329
487.28	0.330
487.48	0.329
487.68	0.329
487.88	0.330
488.08	0.329
488.28	0.329
488.48	0.330
488.68	0.330
488.88	0.330
489.08	0.329
489.28	0.329
489.48	0.330
489.68	0.329
489.88	0.329
490.08	0.329
490.28	0.329
490.48	0.329
490.68	0.329
490.88	0.329
491.08	0.329
491.28	0.329
491.48	0.329
491.68	0.329
491.88	0.329
492.08	0.329
492.28	0.329
492.48	0.329
492.68	0.329
492.88	0.329
493.08	0.329
493.28	0.329
493.48	0.329
493.67	0.329
493.87	0.329
494.07	0.329
494.27	0.329
494.47	0.329
494.67	0.328
494.87	0.328
495.07	0.328
495.27	0.328
495.47	0.328
495.67	0.328
495.87	0.328
496.07	0.328
496.27	0.328
496.47	0.328
496.67	0.328
496.87	0.327
497.07	0.327
497.27	0.327
497.47	0.328
497.67	0.328
497.87	0.328
498.06	0.328
498.26	0.328
498.46	0.328
498.66	0.328
498.86	0.328
499.06	0.328
499.26	0.328
499.46	0.328
499.66	0.328
499.86	0.328
500.06	0.328
500.26	0.328
500.46	0.328
500.66	0.328
500.86	0.328
501.05	0.328
501.25	0.328
501.45	0.328
501.65	0.328
501.85	0.328
502.05	0.327
502.25	0.327
502.45	0.327
502.65	0.327
502.85	0.327
503.05	0.327
503.24	0.327
503.44	0.327
503.64	0.327
503.84	0.327
504.04	0.327
504.24	0.327
504.44	0.327
504.64	0.326
504.84	0.326
505.04	0.326
505.24	0.327
505.43	0.327
505.63	0.326
505.83	0.326
506.03	0.326
506.23	0.327
506.43	0.327
506.63	0.327
506.83	0.327
507.03	0.327
507.22	0.327
507.42	0.327
507.62	0.327
507.82	0.327
508.02	0.327
508.22	0.327
508.42	0.327
508.62	0.327
508.81	0.327
509.01	0.327
509.21	0.327
509.41	0.327
509.61	0.327
509.81	0.327
510.01	0.327
510.21	0.327
510.40	0.327
510.60	0.326
510.80	0.326
511.00	0.326
511.20	0.326
511.40	0.326
511.60	0.326
511.79	0.326
511.99	0.325
512.19	0.325
512.39	0.325
512.59	0.325
512.79	0.325
512.99	0.325
513.18	0.325
513.38	0.325
513.58	0.326
513.78	0.325
513.98	0.325
514.18	0.325
514.37	0.325
514.57	0.325
514.77	0.326
514.97	0.326
515.17	0.326
515.37	0.326
515.56	0.326
515.76	0.326
515.96	0.326
516.16	0.326
516.36	0.326
516.56	0.326
516.75	0.326
516.95	0.326
517.15	0.326
517.35	0.326
517.55	0.326
517.75	0.326
517.94	0.326
518.14	0.326
518.34	0.326
518.54	0.325
518.74	0.325
518.93	0.325
519.13	0.325
519.33	0.325
519.53	0.325
519.73	0.325
519.92	0.325
520.12	0.325
520.32	0.325
520.52	0.325
520.72	0.325
520.91	0.325
521.11	0.324
521.31	0.324
521.51	0.324
521.71	0.324
521.90	0.324
522.10	0.324
522.30	0.324
522.50	0.324
522.70	0.324
522.89	0.324
523.09	0.324
523.29	0.324
523.49	0.324
523.69	0.324
523.88	0.324
524.08	0.324
524.28	0.324
524.48	0.324
524.67	0.324
524.87	0.324
525.07	0.324
525.27	0.324
525.46	0.324
525.66	0.324
525.86	0.325
526.06	0.324
526.26	0.324
526.45	0.324
526.65	0.324
526.85	0.324
527.05	0.324
527.24	0.324
527.44	0.324
527.64	0.324
527.84	0.324
528.03	0.323
528.23	0.323
528.43	0.323
528.63	0.323
528.82	0.323
529.02	0.323
529.22	0.323
529.42	0.323
529.61	0.323
529.81	0.323
530.01	0.322
530.21	0.322
530.40	0.323
530.60	0.323
530.80	0.322
531.00	0.322
531.19	0.322
531.39	0.322
531.59	0.322
531.78	0.322
531.98	0.322
532.18	0.322
532.38	0.322
532.57	0.322
532.77	0.322
532.97	0.321
533.16	0.321
533.36	0.321
533.56	0.321
533.76	0.322
533.95	0.321
534.15	0.321
534.35	0.321
534.55	0.321
534.74	0.321
534.94	0.321
535.14	0.321
535.33	0.321
535.53	0.321
535.73	0.321
535.92	0.321
536.12	0.321
536.32	0.321
536.52	0.321
536.71	0.321
536.91	0.321
537.11	0.321
537.30	0.321
537.50	0.321
537.70	0.321
537.89	0.321
538.09	0.321
538.29	0.321
538.48	0.321
538.68	0.321
538.88	0.321
539.08	0.321
539.27	0.321
539.47	0.321
539.67	0.321
539.86	0.321
540.06	0.321
540.26	0.321
540.45	0.321
540.65	0.320
540.85	0.320
541.04	0.320
541.24	0.320
541.44	0.320
541.63	0.320
541.83	0.320
542.03	0.320
542.22	0.320
542.42	0.320
542.62	0.320
542.81	0.320
543.01	0.319
543.21	0.319
543.40	0.319
543.60	0.319
543.79	0.319
543.99	0.319
544.19	0.319
544.38	0.319
544.58	0.319
544.78	0.319
544.97	0.319
545.17	0.319
545.37	0.319
545.56	0.319
545.76	0.319
545.96	0.319
546.15	0.319
546.35	0.319
546.54	0.319
546.74	0.319
546.94	0.319
547.13	0.319
547.33	0.319
547.53	0.319
547.72	0.319
547.92	0.319
548.11	0.319
548.31	0.319
548.51	0.319
548.70	0.319
548.90	0.319
549.10	0.319
549.29	0.319
549.49	0.319
549.68	0.319
549.88	0.319
550.08	0.319
550.27	0.319
550.47	0.319
550.66	0.319
550.86	0.319
551.06	0.318
551.25	0.318
551.45	0.318
551.64	0.318
551.84	0.318
552.04	0.317
552.23	0.317
552.43	0.317
552.62	0.317
552.82	0.317
553.02	0.317
553.21	0.317
553.41	0.317
553.60	0.317
553.80	0.317
554.00	0.317
554.19	0.316
554.39	0.317
554.58	0.316
554.78	0.316
554.97	0.316
555.17	0.316
555.37	0.316
555.56	0.316
555.76	0.316
555.95	0.316
556.15	0.316
556.34	0.316
556.54	0.316
556.74	0.316
556.93	0.317
557.13	0.317
557.32	0.317
557.52	0.317
557.71	0.316
557.91	0.317
558.10	0.317
558.30	0.317
558.50	0.316
558.69	0.316
558.89	0.316
559.08	0.316
559.28	0.316
559.47	0.316
559.67	0.316
559.86	0.316
560.06	0.316
560.25	0.316
560.45	0.316
560.65	0.316
560.84	0.315
561.04	0.315
561.23	0.315
561.43	0.315
561.62	0.315
561.82	0.315
562.01	0.315
562.21	0.315
562.40	0.314
562.60	0.314
562.79	0.314
562.99	0.314
563.18	0.314
563.38	0.314
563.57	0.314
563.77	0.314
563.96	0.314
564.16	0.314
564.36	0.314
564.55	0.314
564.75	0.314
564.94	0.314
565.14	0.314
565.33	0.314
565.53	0.314
565.72	0.314
565.92	0.314
566.11	0.314
566.31	0.314
566.50	0.314
566.70	0.314
566.89	0.314
567.09	0.314
567.28	0.314
567.48	0.314
567.67	0.314
567.87	0.314
568.06	0.314
568.26	0.314
568.45	0.314
568.64	0.314
568.84	0.314
569.03	0.314
569.23	0.314
569.42	0.314
569.62	0.314
569.81	0.314
570.01	0.314
570.20	0.314
570.40	0.313
570.59	0.313
570.79	0.313
570.98	0.313
571.18	0.313
571.37	0.313
571.57	0.313
571.76	0.312
571.95	0.312
572.15	0.312
572.34	0.312
572.54	0.312
572.73	0.312
572.93	0.312
573.12	0.312
573.32	0.312
573.51	0.311
573.71	0.311
573.90	0.311
574.09	0.311
574.29	0.311
574.48	0.311
574.68	0.311
574.87	0.311
575.07	0.311
575.26	0.311
575.46	0.311
575.65	0.311
575.84	0.310
576.04	0.310
576.23	0.310
576.43	0.310
576.62	0.310
576.82	0.310
577.01	0.310
577.20	0.310
577.40	0.310
577.59	0.310
577.79	0.310
577.98	0.310
578.18	0.310
578.37	0.310
578.56	0.310
578.76	0.310
578.95	0.310
579.15	0.310
579.34	0.310
579.53	0.310
579.73	0.309
579.92	0.309
580.12	0.309
580.31	0.309
580.50	0.309
580.70	0.309
580.89	0.309
581.09	0.309
581.28	0.308
581.47	0.308
581.67	0.308
581.86	0.308
582.06	0.308
582.25	0.308
582.44	0.308
582.64	0.308
582.83	0.308
583.03	0.307
583.22	0.307
583.41	0.307
583.61	0.307
583.80	0.308
583.99	0.308
584.19	0.308
584.38	0.308
584.58	0.308
584.77	0.308
584.96	0.307
585.16	0.307
585.35	0.307
585.54	0.308
585.74	0.308
585.93	0.307
586.13	0.307
586.32	0.307
586.51	0.307
586.71	0.307
586.90	0.307
587.09	0.307
587.29	0.307
587.48	0.307
587.67	0.307
587.87	0.307
588.06	0.307
588.25	0.307
588.45	0.307
588.64	0.307
588.83	0.307
589.03	0.307
589.22	0.307
589.41	0.306
589.61	0.306
589.80	0.306
589.99	0.306
590.19	0.306
590.38	0.306
590.57	0.306
590.77	0.306
590.96	0.306
591.15	0.306
591.35	0.306
591.54	0.306
591.73	0.306
591.93	0.306
592.12	0.306
592.31	0.306
592.51	0.305
592.70	0.305
592.89	0.305
593.09	0.305
593.28	0.305
593.47	0.305
593.67	0.305
593.86	0.305
594.05	0.305
594.25	0.305
594.44	0.305
594.63	0.305
594.82	0.305
595.02	0.304
595.21	0.304
595.40	0.304
595.60	0.304
595.79	0.304
595.98	0.304
596.17	0.303
596.37	0.303
596.56	0.303
596.75	0.303
596.95	0.303
597.14	0.303
597.33	0.303
597.52	0.303
597.72	0.303
597.91	0.303
598.10	0.303
598.30	0.303
598.49	0.303
598.68	0.303
598.87	0.303
599.07	0.303
599.26	0.303
599.45	0.303
599.65	0.303
599.84	0.303
600.03	0.303
600.22	0.303
600.42	0.303
600.61	0.303
600.80	0.303
600.99	0.303
601.19	0.303
601.38	0.303
601.57	0.303
601.76	0.303
601.96	0.303
602.15	0.303
602.34	0.303
602.53	0.302
602.73	0.302
602.92	0.302
603.11	0.302
603.30	0.302
603.50	0.302
603.69	0.302
603.88	0.301
604.07	0.301
604.26	0.301
604.46	0.301
604.65	0.301
604.84	0.301
605.03	0.301
605.23	0.301
605.42	0.301
605.61	0.301
605.80	0.301
606.00	0.301
606.19	0.300
606.38	0.301
606.57	0.301
606.76	0.300
606.96	0.300
607.15	0.300
607.34	0.300
607.53	0.300
607.72	0.300
607.92	0.300
608.11	0.300
608.30	0.300
608.49	0.300
608.68	0.300
608.88	0.300
609.07	0.300
609.26	0.299
609.45	0.299
609.64	0.299
609.84	0.299
610.03	0.299
610.22	0.299
610.41	0.299
610.60	0.299
610.80	0.299
610.99	0.299
611.18	0.299
611.37	0.298
611.56	0.298
611.76	0.299
611.95	0.298
612.14	0.298
612.33	0.298
612.52	0.298
612.71	0.298
612.91	0.298
613.10	0.298
613.29	0.298
613.48	0.298
613.67	0.298
613.86	0.298
614.06	0.298
614.25	0.298
614.44	0.298
614.63	0.298
614.82	0.298
615.01	0.298
615.20	0.297
615.40	0.297
615.59	0.297
615.78	0.297
615.97	0.297
616.16	0.297
616.35	0.297
616.55	0.297
616.74	0.297
616.93	0.297
617.12	0.297
617.31	0.296
617.50	0.296
617.69	0.296
617.88	0.296
618.08	0.296
618.27	0.296
618.46	0.296
618.65	0.296
618.84	0.295
619.03	0.295
619.22	0.295
619.42	0.295
619.61	0.295
619.80	0.295
619.99	0.295
620.18	0.295
620.37	0.295
620.56	0.295
620.75	0.295
620.94	0.294
621.14	0.294
621.33	0.294
621.52	0.294
621.71	0.294
621.90	0.294
622.09	0.294
622.28	0.294
622.47	0.294
622.66	0.294
622.85	0.294
623.05	0.294
623.24	0.294
623.43	0.294
623.62	0.294
623.81	0.294
624.00	0.294
624.19	0.294
624.38	0.294
624.57	0.294
624.76	0.294
624.95	0.293
625.15	0.293
625.34	0.293
625.53	0.293
625.72	0.293
625.91	0.293
626.10	0.293
626.29	0.293
626.48	0.293
626.67	0.293
626.86	0.293
627.05	0.293
627.24	0.292
627.43	0.292
627.62	0.292
627.82	0.292
628.01	0.292
628.20	0.292
628.39	0.292
628.58	0.292
628.77	0.292
628.96	0.292
629.15	0.292
629.34	0.292
629.53	0.292
629.72	0.292
629.91	0.292
630.10	0.291
630.29	0.291
630.48	0.291
630.67	0.291
630.86	0.291
631.05	0.291
631.24	0.291
631.43	0.291
631.62	0.291
631.81	0.291
632.00	0.291
632.20	0.290
632.39	0.290
632.58	0.290
632.77	0.290
632.96	0.290
633.15	0.290
633.34	0.290
633.53	0.290
633.72	0.290
633.91	0.290
634.10	0.290
634.29	0.290
634.48	0.290
634.67	0.290
634.86	0.290
635.05	0.290
635.24	0.290
635.43	0.290
635.62	0.290
635.81	0.290
636.00	0.290
636.19	0.290
636.38	0.290
636.57	0.289
636.76	0.289
636.95	0.289
637.14	0.289
637.33	0.289
637.52	0.289
637.71	0.289
637.90	0.289
638.09	0.289
638.28	0.289
638.47	0.288
638.66	0.289
638.85	0.288
639.04	0.288
639.23	0.288
639.41	0.288
639.60	0.288
639.79	0.288
639.98	0.288
640.17	0.288
640.36	0.287
640.55	0.287
640.74	0.287
640.93	0.287
641.12	0.287
641.31	0.287
641.50	0.287
641.69	0.287
641.88	0.287
642.07	0.287
642.26	0.287
642.45	0.287
642.64	0.286
642.83	0.286
643.02	0.286
643.21	0.286
643.40	0.286
643.59	0.286
643.77	0.286
643.96	0.286
644.15	0.286
644.34	0.286
644.53	0.286
644.72	0.286
644.91	0.286
645.10	0.286
645.29	0.286
645.48	0.286
645.67	0.286
645.86	0.285
646.05	0.285
646.24	0.285
646.42	0.285
646.61	0.285
646.80	0.285
646.99	0.285
647.18	0.285
647.37	0.285
647.56	0.285
647.75	0.285
647.94	0.284
648.13	0.284
648.32	0.284
648.50	0.284
648.69	0.284
648.88	0.284
649.07	0.283
649.26	0.283
649.45	0.283
649.64	0.283
649.83	0.283
650.02	0.283
650.21	0.283
650.39	0.283
650.58	0.283
650.77	0.283
650.96	0.283
651.15	0.283
651.34	0.283
651.53	0.283
651.72	0.283
651.90	0.283
652.09	0.283
652.28	0.283
652.47	0.283
652.66	0.283
652.85	0.283
653.04	0.283
653.23	0.283
653.41	0.282
653.60	0.282
653.79	0.282
653.98	0.282
654.17	0.282
654.36	0.282
654.55	0.282
654.73	0.282
654.92	0.281
655.11	0.281
655.30	0.281
655.49	0.281
655.68	0.281
655.87	0.281
656.05	0.281
656.24	0.280
656.43	0.281
656.62	0.280
656.81	0.280
657.00	0.280
657.18	0.280
657.37	0.281
657.56	0.280
657.75	0.281
657.94	0.280
658.13	0.280
658.31	0.280
658.50	0.280
658.69	0.280
658.88	0.280
659.07	0.280
659.26	0.280
659.44	0.280
659.63	0.280
659.82	0.281
660.01	0.281
660.20	0.280
660.38	0.280
660.57	0.280
660.76	0.280
660.95	0.280
661.14	0.280
661.32	0.280
661.51	0.279
661.70	0.279
661.89	0.279
662.08	0.279
662.26	0.279
662.45	0.279
662.64	0.279
662.83	0.279
663.02	0.279
663.20	0.278
663.39	0.278
663.58	0.278
663.77	0.278
663.96	0.278
664.14	0.278
664.33	0.278
664.52	0.278
664.71	0.278
664.89	0.278
665.08	0.278
665.27	0.278
665.46	0.278
665.64	0.278
665.83	0.278
666.02	0.278
666.21	0.278
666.40	0.278
666.58	0.278
666.77	0.278
666.96	0.278
667.15	0.278
667.33	0.278
667.52	0.278
667.71	0.278
667.90	0.278
668.08	0.278
668.27	0.278
668.46	0.278
668.65	0.278
668.83	0.278
669.02	0.278
669.21	0.277
669.40	0.277
669.58	0.277
669.77	0.277
669.96	0.277
670.14	0.277
670.33	0.277
670.52	0.277
670.71	0.276
670.89	0.276
671.08	0.276
671.27	0.276
671.46	0.276
671.64	0.276
671.83	0.276
672.02	0.275
672.20	0.275
672.39	0.275
672.58	0.275
672.77	0.275
672.95	0.275
673.14	0.274
673.33	0.274
673.51	0.274
673.70	0.274
673.89	0.274
674.08	0.274
674.26	0.274
674.45	0.274
674.64	0.274
674.82	0.274
675.01	0.274
675.20	0.274
675.38	0.274
675.57	0.273
675.76	0.273
675.94	0.273
676.13	0.274
676.32	0.274
676.51	0.274
676.69	0.274
676.88	0.274
677.07	0.274
677.25	0.274
677.44	0.274
677.63	0.274
677.81	0.274
678.00	0.274
678.19	0.274
678.37	0.273
678.56	0.273
678.75	0.273
678.93	0.273
679.12	0.273
679.31	0.273
679.49	0.273
679.68	0.273
679.87	0.273
680.05	0.272
680.24	0.272
680.42	0.272
680.61	0.272
680.80	0.272
680.98	0.271
681.17	0.271
681.36	0.271
681.54	0.271
681.73	0.271
681.92	0.271
682.10	0.271
682.29	0.271
682.48	0.271
682.66	0.271
682.85	0.271
683.03	0.271
683.22	0.271
683.41	0.271
683.59	0.271
683.78	0.271
683.97	0.271
684.15	0.271
684.34	0.271
684.52	0.271
684.71	0.271
684.90	0.271
685.08	0.270
685.27	0.271
685.45	0.271
685.64	0.271
685.83	0.270
686.01	0.270
686.20	0.270
686.39	0.270
686.57	0.270
686.76	0.269
686.94	0.269
687.13	0.269
687.31	0.269
687.50	0.269
687.69	0.269
687.87	0.268
688.06	0.268
688.24	0.268
688.43	0.268
688.62	0.268
688.80	0.268
688.99	0.268
689.17	0.268
689.36	0.267
689.55	0.267
689.73	0.267
689.92	0.267
690.10	0.267
690.29	0.267
690.47	0.267
690.66	0.267
690.84	0.267
691.03	0.267
691.22	0.267
691.40	0.267
691.59	0.267
691.77	0.267
691.96	0.267
692.14	0.267
692.33	0.267
692.52	0.267
692.70	0.267
692.89	0.267
693.07	0.267
693.26	0.267
693.44	0.267
693.63	0.267
693.81	0.267
694.00	0.267
694.18	0.267
694.37	0.267
694.55	0.267
694.74	0.266
694.93	0.266
695.11	0.266
695.30	0.266
695.48	0.266
695.67	0.266
695.85	0.266
696.04	0.266
696.22	0.265
696.41	0.265
696.59	0.265
696.78	0.265
696.96	0.265
697.15	0.266
697.33	0.265
697.52	0.265
697.70	0.265
697.89	0.265
698.07	0.265
698.26	0.265
698.44	0.265
698.63	0.265
698.81	0.265
699.00	0.265
699.18	0.265
699.37	0.265
699.55	0.265
699.74	0.265
699.92	0.265
700.11	0.265
700.29	0.266
700.48	0.266
700.66	0.265
700.85	0.265
701.03	0.265
701.22	0.265
701.40	0.265
701.59	0.265
701.77	0.265
701.96	0.265
702.14	0.265
702.33	0.264
702.51	0.265
702.69	0.265
702.88	0.265
703.06	0.264
703.25	0.264
703.43	0.264
703.62	0.264
703.80	0.264
703.99	0.264
704.17	0.263
704.36	0.263
704.54	0.263
704.73	0.263
704.91	0.263
705.09	0.262
705.28	0.262
705.46	0.262
705.65	0.262
705.83	0.262
706.02	0.262
706.20	0.262
706.38	0.261
706.57	0.262
706.75	0.261
706.94	0.262
707.12	0.261
707.31	0.261
707.49	0.262
707.67	0.262
707.86	0.262
708.04	0.261
708.23	0.261
708.41	0.261
708.60	0.261
708.78	0.262
708.96	0.261
709.15	0.262
709.33	0.262
709.52	0.261
709.70	0.261
709.88	0.261
710.07	0.261
710.25	0.261
710.44	0.261
710.62	0.261
710.80	0.261
710.99	0.261
711.17	0.261
711.36	0.260
711.54	0.260
711.72	0.260
711.91	0.260
712.09	0.260
712.28	0.260
712.46	0.260
712.64	0.259
712.83	0.259
713.01	0.259
713.20	0.259
713.38	0.259
713.56	0.259
713.75	0.259
713.93	0.259
714.11	0.259
714.30	0.258
714.48	0.259
714.66	0.259
714.85	0.259
715.03	0.259
715.22	0.259
715.40	0.259
715.58	0.259
715.77	0.259
715.95	0.258
716.13	0.259
716.32	0.259
716.50	0.259
716.68	0.258
716.87	0.258
717.05	0.258
717.23	0.258
717.42	0.258
717.60	0.258
717.78	0.258
717.97	0.258
718.15	0.258
718.33	0.257
718.52	0.258
718.70	0.258
718.88	0.257
719.07	0.257
719.25	0.257
719.43	0.257
719.62	0.257
719.80	0.257
719.98	0.257
720.17	0.257
720.35	0.257
720.53	0.257
720.72	0.257
720.90	0.257
721.08	0.257
721.27	0.257
721.45	0.257
721.63	0.256
721.81	0.256
722.00	0.256
722.18	0.256
722.36	0.256
722.55	0.256
722.73	0.256
722.91	0.256
723.10	0.256
723.28	0.255
723.46	0.255
723.64	0.255
723.83	0.255
724.01	0.255
724.19	0.255
724.38	0.255
724.56	0.254
724.74	0.254
724.92	0.254
725.11	0.254
725.29	0.254
725.47	0.255
725.66	0.255
725.84	0.255
726.02	0.255
726.20	0.255
726.39	0.254
726.57	0.254
726.75	0.254
726.93	0.254
727.12	0.254
727.30	0.254
727.48	0.255
727.66	0.254
727.85	0.254
728.03	0.254
728.21	0.254
728.39	0.254
728.58	0.254
728.76	0.254
728.94	0.254
729.12	0.254
729.31	0.254
729.49	0.254
729.67	0.253
729.85	0.253
730.04	0.254
730.22	0.254
730.40	0.254
730.58	0.254
730.76	0.254
730.95	0.254
731.13	0.253
731.31	0.253
731.49	0.253
731.68	0.253
731.86	0.253
732.04	0.253
732.22	0.252
732.40	0.252
732.59	0.252
732.77	0.252
732.95	0.252
733.13	0.252
733.31	0.252
733.50	0.252
733.68	0.252
733.86	0.252
734.04	0.251
734.22	0.251
734.41	0.251
734.59	0.251
734.77	0.251
734.95	0.251
735.13	0.252
735.32	0.252
735.50	0.252
735.68	0.252
735.86	0.252
736.04	0.252
736.22	0.252
736.41	0.252
736.59	0.252
736.77	0.251
736.95	0.252
737.13	0.252
737.32	0.251
737.50	0.251
737.68	0.251
737.86	0.251
738.04	0.251
738.22	0.251
738.41	0.251
738.59	0.251
738.77	0.250
738.95	0.250
739.13	0.250
739.31	0.250
739.49	0.250
739.68	0.250
739.86	0.250
740.04	0.250
740.22	0.250
740.40	0.250
740.58	0.250
740.76	0.249
740.95	0.250
741.13	0.250
741.31	0.250
741.49	0.250
741.67	0.250
741.85	0.251
742.03	0.251
742.21	0.250
742.40	0.250
742.58	0.250
742.76	0.250
742.94	0.251
743.12	0.251
743.30	0.251
743.48	0.250
743.66	0.250
743.85	0.250
744.03	0.250
744.21	0.250
744.39	0.250
744.57	0.250
744.75	0.250
744.93	0.250
745.11	0.250
745.29	0.250
745.47	0.249
745.66	0.249
745.84	0.249
746.02	0.250
746.20	0.250
746.38	0.249
746.56	0.249
746.74	0.249
746.92	0.249
747.10	0.249
747.28	0.249
747.46	0.249
747.64	0.249
747.83	0.249
748.01	0.249
748.19	0.249
748.37	0.249
748.55	0.249
748.73	0.249
748.91	0.249
749.09	0.249
749.27	0.249
749.45	0.249
749.63	0.249
749.81	0.248
749.99	0.248
750.17	0.248
750.35	0.248
750.53	0.248
750.72	0.248
750.90	0.247
751.08	0.248
751.26	0.248
751.44	0.247
751.62	0.247
751.80	0.247
751.98	0.247
752.16	0.246
752.34	0.246
752.52	0.246
752.70	0.246
752.88	0.246
753.06	0.246
753.24	0.245
753.42	0.245
753.60	0.246
753.78	0.246
753.96	0.245
754.14	0.245
754.32	0.246
754.50	0.246
754.68	0.246
754.86	0.245
755.04	0.245
755.22	0.246
755.40	0.246
755.58	0.246
755.76	0.246
755.94	0.246
756.12	0.246
756.30	0.246
756.48	0.246
756.66	0.246
756.84	0.246
757.02	0.246
757.20	0.246
757.38	0.246
757.56	0.246
757.74	0.246
757.92	0.247
758.10	0.247
758.28	0.247
758.46	0.247
758.64	0.247
758.82	0.247
759.00	0.246
759.18	0.246
759.36	0.246
759.54	0.246
759.72	0.246
759.90	0.246
760.08	0.246
760.26	0.246
760.44	0.246
760.62	0.246
760.80	0.246
760.98	0.246
761.16	0.246
761.33	0.246
761.51	0.245
761.69	0.245
761.87	0.245
762.05	0.245
762.23	0.245
762.41	0.244
762.59	0.244
762.77	0.244
762.95	0.244
763.13	0.244
763.31	0.244
763.49	0.244
763.67	0.244
763.85	0.244
764.03	0.244
764.21	0.244
764.38	0.244
764.56	0.244
764.74	0.243
764.92	0.243
765.10	0.243
765.28	0.243
765.46	0.243
765.64	0.243
765.82	0.243
766.00	0.243
766.18	0.243
766.35	0.243
766.53	0.242
766.71	0.243
766.89	0.243
767.07	0.243
767.25	0.243
767.43	0.243
767.61	0.243
767.79	0.243
767.97	0.242
768.14	0.242
768.32	0.242
768.50	0.242
768.68	0.242
768.86	0.242
769.04	0.242
769.22	0.242
769.40	0.242
769.58	0.242
769.75	0.242
769.93	0.242
770.11	0.242
770.29	0.242
770.47	0.242
770.65	0.242
770.83	0.242
771.00	0.242
771.18	0.242
771.36	0.241
771.54	0.241
771.72	0.241
771.90	0.241
772.08	0.241
772.25	0.241
772.43	0.241
772.61	0.241
772.79	0.241
772.97	0.241
773.15	0.241
773.33	0.240
773.50	0.240
773.68	0.240
773.86	0.240
774.04	0.240
774.22	0.240
774.40	0.239
774.57	0.239
774.75	0.239
774.93	0.239
775.11	0.239
775.29	0.240
775.46	0.239
775.64	0.239
775.82	0.240
776.00	0.240
776.18	0.240
776.36	0.240
776.53	0.239
776.71	0.239
776.89	0.239
777.07	0.239
777.25	0.240
777.42	0.240
777.60	0.240
777.78	0.240
777.96	0.240
778.14	0.240
778.31	0.240
778.49	0.239
778.67	0.239
778.85	0.239
779.03	0.239
779.20	0.239
779.38	0.239
779.56	0.239
779.74	0.239
779.91	0.238
780.09	0.239
780.27	0.239
780.45	0.239
780.63	0.238
780.80	0.239
780.98	0.238
781.16	0.238
781.34	0.238
781.51	0.238
781.69	0.238
781.87	0.238
782.05	0.238
782.22	0.238
782.40	0.238
782.58	0.239
782.76	0.239
782.93	0.239
783.11	0.239
783.29	0.239
783.47	0.239
783.64	0.239
783.82	0.239
784.00	0.239
784.18	0.238
784.35	0.239
784.53	0.239
784.71	0.238
784.89	0.238
785.06	0.238
785.24	0.239
785.42	0.238
785.60	0.239
785.77	0.239
785.95	0.239
786.13	0.238
786.30	0.238
786.48	0.238
786.66	0.238
786.84	0.238
787.01	0.238
787.19	0.238
787.37	0.238
787.54	0.238
787.72	0.238
787.90	0.238
788.07	0.238
788.25	0.238
788.43	0.238
788.61	0.238
788.78	0.238
788.96	0.238
789.14	0.238
789.31	0.238
789.49	0.238
789.67	0.238
789.84	0.238
790.02	0.238
790.20	0.237
790.37	0.237
790.55	0.237
790.73	0.236
790.90	0.236
791.08	0.236
791.26	0.236
791.43	0.236
791.61	0.236
791.79	0.237
791.96	0.237
792.14	0.236
792.32	0.236
792.49	0.236
792.67	0.236
792.85	0.236
793.02	0.236
793.20	0.236
793.38	0.236
793.55	0.236
793.73	0.236
793.91	0.236
794.08	0.236
794.26	0.236
794.44	0.237
794.61	0.237
794.79	0.237
794.97	0.237
795.14	0.237
795.32	0.236
795.49	0.236
795.67	0.236
795.85	0.236
796.02	0.236
796.20	0.236
796.38	0.236
796.55	0.235
796.73	0.235
796.90	0.235
797.08	0.235
797.26	0.235
797.43	0.235
797.61	0.235
797.78	0.235
797.96	0.235
798.14	0.235
798.31	0.235
798.49	0.235
798.66	0.235
798.84	0.235
799.02	0.235
799.19	0.234
799.37	0.234
799.54	0.235
799.72	0.235
799.90	0.234
800.07	0.235
800.25	0.235
800.42	0.234
800.60	0.234
800.78	0.234
800.95	0.234
801.13	0.234
801.30	0.234
801.48	0.234
801.65	0.233
801.83	0.233
802.01	0.233
802.18	0.233
802.36	0.233
802.53	0.233
802.71	0.234
802.88	0.234
803.06	0.233
803.23	0.233
803.41	0.233
803.59	0.233
803.76	0.233
803.94	0.234
804.11	0.233
804.29	0.233
804.46	0.234
804.64	0.233
804.81	0.233
804.99	0.233
805.16	0.233
805.34	0.233
805.52	0.233
805.69	0.233
805.87	0.233
806.04	0.233
806.22	0.232
806.39	0.232
806.57	0.231
806.74	0.232
806.92	0.232
807.09	0.231
807.27	0.231
807.44	0.231
807.62	0.230
807.79	0.230
807.97	0.231
808.14	0.230
808.32	0.231
808.49	0.231
808.67	0.231
808.84	0.231
809.02	0.231
809.19	0.231
809.37	0.231
809.54	0.230
809.72	0.230
809.89	0.230
810.07	0.230
810.24	0.231
810.42	0.230
810.59	0.231
810.77	0.231
810.94	0.231
811.12	0.231
811.29	0.231
811.47	0.232
811.64	0.231
811.82	0.231
811.99	0.231
812.16	0.231
812.34	0.230
812.51	0.230
812.69	0.230
812.86	0.230
813.04	0.230
813.21	0.230
813.39	0.230
813.56	0.230
813.74	0.230
813.91	0.229
814.08	0.230
814.26	0.229
814.43	0.229
814.61	0.229
814.78	0.229
814.96	0.228
815.13	0.228
815.31	0.229
815.48	0.228
815.65	0.228
815.83	0.229
816.00	0.229
816.18	0.229
816.35	0.229
816.53	0.229
816.70	0.229
816.87	0.229
817.05	0.228
817.22	0.228
817.40	0.229
817.57	0.229
817.74	0.229
817.92	0.229
818.09	0.229
818.27	0.230
818.44	0.229
818.62	0.229
818.79	0.229
818.96	0.229
819.14	0.229
819.31	0.229
819.49	0.229
819.66	0.229
819.83	0.229
820.01	0.230
820.18	0.230
820.35	0.230
820.53	0.230
820.70	0.231
820.88	0.231
821.05	0.230
821.22	0.230
821.40	0.230
821.57	0.230
821.74	0.230
821.92	0.230
822.09	0.229
822.27	0.230
822.44	0.230
822.61	0.229
822.79	0.230
822.96	0.229
823.13	0.229
823.31	0.230
823.48	0.230
823.65	0.230
823.83	0.230
824.00	0.230
824.17	0.230
824.35	0.229
824.52	0.229
824.69	0.230
824.87	0.229
825.04	0.229
825.22	0.230
825.39	0.230
825.56	0.230
825.74	0.230
825.91	0.230
826.08	0.231
826.25	0.231
826.43	0.231
826.60	0.231
826.77	0.231
826.95	0.230
827.12	0.229
827.29	0.229
827.47	0.229
827.64	0.229
827.81	0.228
827.99	0.228
828.16	0.228
828.33	0.229
828.51	0.230
828.68	0.230
828.85	0.230
829.02	0.230
829.20	0.229
829.37	0.229
829.54	0.229
829.72	0.228
829.89	0.228
830.06	0.229
830.23	0.228
830.41	0.228
830.58	0.229
830.75	0.229
830.93	0.230
831.10	0.229
831.27	0.230
831.44	0.230
831.62	0.230
831.79	0.229
831.96	0.229
832.13	0.228
832.31	0.228
832.48	0.228
832.65	0.228
832.83	0.228
833.00	0.228
833.17	0.227
833.34	0.228
833.52	0.228
833.69	0.228
833.86	0.228
834.03	0.228
834.21	0.228
834.38	0.228
834.55	0.228
834.72	0.228
834.89	0.228
835.07	0.228
835.24	0.228
835.41	0.228
835.58	0.229
835.76	0.229
835.93	0.229
836.10	0.230
836.27	0.229
836.45	0.229
836.62	0.229
836.79	0.230
836.96	0.229
837.13	0.229
837.31	0.229
837.48	0.228
837.65	0.228
837.82	0.227
837.99	0.227
838.17	0.227
838.34	0.227
838.51	0.226
838.68	0.226
838.85	0.227
839.03	0.228
839.20	0.227
839.37	0.228
839.54	0.227
839.71	0.226
839.89	0.227
840.06	0.227
840.23	0.226
840.40	0.226
840.57	0.227
840.74	0.226
840.92	0.226
841.09	0.227
841.26	0.226
841.43	0.226
841.60	0.227
841.78	0.227
841.95	0.228
842.12	0.228
842.29	0.227
842.46	0.226
842.63	0.224
842.80	0.223
842.98	0.223
843.15	0.224
843.32	0.224
843.49	0.224
843.66	0.224
843.83	0.224
844.00	0.224
844.18	0.223
844.35	0.223
844.52	0.222
844.69	0.222
844.86	0.221
845.03	0.222
845.20	0.222
845.38	0.221
845.55	0.221
845.72	0.221
845.89	0.222
846.06	0.222
846.23	0.223
846.40	0.223
846.57	0.223
846.75	0.222
846.92	0.221
847.09	0.221
847.26	0.222
847.43	0.222
847.60	0.222
847.77	0.222
847.94	0.222
848.11	0.223
848.28	0.223
848.46	0.224
848.63	0.224
848.80	0.223
848.97	0.223
849.14	0.223
849.31	0.222
849.48	0.222
849.65	0.222
849.82	0.222
849.99	0.222
850.16	0.222
850.33	0.221
850.51	0.222
850.68	0.223
850.85	0.222
851.02	0.223
851.19	0.222
851.36	0.222
851.53	0.222
851.70	0.223
851.87	0.223
852.04	0.223
852.21	0.223
852.38	0.223
852.55	0.223
852.72	0.224
852.89	0.223
853.06	0.223
853.24	0.224
853.41	0.223
853.58	0.223
853.75	0.224
853.92	0.224
854.09	0.225
854.26	0.224
854.43	0.224
854.60	0.224
854.77	0.225
854.94	0.226
855.11	0.225
855.28	0.224
855.45	0.225
855.62	0.225
855.79	0.225
855.96	0.225
856.13	0.226
856.30	0.227
856.47	0.227
856.64	0.227
856.81	0.227
856.98	0.227
857.15	0.226
857.32	0.226
857.49	0.226
857.66	0.225
857.83	0.225
858.00	0.226
858.17	0.225
858.34	0.224
858.51	0.224
858.68	0.224
858.85	0.224
859.02	0.224
859.19	0.225
859.36	0.223
859.53	0.223
859.70	0.223
859.87	0.222
860.04	0.222
860.21	0.222
860.38	0.221
860.55	0.223
860.72	0.222
860.89	0.223
861.06	0.223
861.23	0.223
861.40	0.223
861.56	0.223
861.73	0.223
861.90	0.224
862.07	0.224
862.24	0.224
862.41	0.224
862.58	0.223
862.75	0.222
862.92	0.223
863.09	0.222
863.26	0.222
863.43	0.224
863.60	0.224
863.77	0.224
863.94	0.224
864.11	0.224
864.28	0.224
864.44	0.224
864.61	0.224
864.78	0.224
864.95	0.224
865.12	0.224
865.29	0.225
865.46	0.224
865.63	0.224
865.80	0.225
865.97	0.226
866.14	0.226
866.31	0.227
866.47	0.226
866.64	0.226
866.81	0.227
866.98	0.226
867.15	0.224
867.32	0.224
867.49	0.223
867.66	0.222
867.83	0.222
867.99	0.220
868.16	0.221
868.33	0.220
868.50	0.220
868.67	0.219
868.84	0.218
869.01	0.219
869.18	0.219
869.35	0.219
869.51	0.219
869.68	0.219
869.85	0.218
870.02	0.219
870.19	0.220
870.36	0.219
870.53	0.219
870.69	0.220
870.86	0.221
871.03	0.223
871.20	0.222
871.37	0.223
871.54	0.225
871.71	0.224
871.87	0.224
872.04	0.225
872.21	0.225
872.38	0.225
872.55	0.225
872.72	0.224
872.88	0.225
873.05	0.225
873.22	0.226
873.39	0.227
873.56	0.227
873.73	0.227
873.89	0.226
874.06	0.226
874.23	0.225
874.40	0.225
874.57	0.223
874.73	0.225
874.90	0.224
875.07	0.223
875.24	0.223
875.41	0.224
875.57	0.223
875.74	0.223
875.91	0.223
876.08	0.222
876.25	0.221
876.41	0.220
876.58	0.220
876.75	0.219
876.92	0.218
877.09	0.219
877.25	0.217
877.42	0.217
877.59	0.219
877.76	0.218
877.93	0.220
878.09	0.221
878.26	0.222
878.43	0.220
878.60	0.222
878.76	0.223
878.93	0.221
879.10	0.222
879.27	0.223
879.43	0.222
879.60	0.221
879.77	0.223
879.94	0.223
880.10	0.222
880.27	0.222
880.44	0.222
880.61	0.220
880.77	0.219
880.94	0.221
881.11	0.220
881.28	0.221
881.44	0.220
881.61	0.220
881.78	0.218
881.95	0.219
882.11	0.218
882.28	0.217
882.45	0.217
882.62	0.216
882.78	0.216
882.95	0.217
883.12	0.218
883.28	0.218
883.45	0.217
883.62	0.217
883.79	0.219
883.95	0.217
884.12	0.218
884.29	0.220
884.45	0.220
884.62	0.218
884.79	0.219
884.96	0.219
885.12	0.218
885.29	0.220
885.46	0.237
885.62	0.188
885.79	0.238
885.96	0.236
886.12	0.217
886.29	0.207
886.46	0.231
886.62	0.227
886.79	0.216
