178.99	-0.090
179.20	-0.090
179.42	-0.090
179.63	0.943
179.84	-0.358
180.06	-0.407
180.27	-0.600
180.49	0.172
180.70	-0.215
180.92	-0.000
181.13	-0.339
181.35	-0.367
181.56	-0.420
181.77	-0.448
181.99	-0.206
182.20	-0.209
182.42	-0.196
182.63	-0.093
182.85	0.012
183.06	-0.012
183.28	0.056
183.49	0.089
183.70	0.157
183.92	0.125
184.13	0.183
184.35	0.175
184.56	0.159
184.78	0.208
184.99	0.222
185.21	0.215
185.42	0.197
185.63	0.176
185.85	0.210
186.06	0.226
186.28	0.199
186.49	0.185
186.71	0.171
186.92	0.182
187.13	0.154
187.35	0.089
187.56	0.102
187.78	0.097
187.99	0.079
188.21	0.061
188.42	0.026
188.63	-0.006
188.85	-0.031
189.06	-0.044
189.28	-0.029
189.49	-0.112
189.71	-0.092
189.92	-0.064
190.13	-0.095
190.35	-0.142
190.56	-0.114
190.78	-0.126
190.99	-0.119
191.20	-0.090
191.42	-0.069
191.63	-0.031
191.85	0.011
192.06	0.027
192.28	0.020
192.49	0.010
192.70	0.038
192.92	0.075
193.13	0.067
193.35	0.132
193.56	0.160
193.77	0.077
193.99	0.120
194.20	0.104
194.42	0.079
194.63	0.095
194.84	0.137
195.06	0.117
195.27	0.115
195.49	0.105
195.70	0.101
195.91	0.104
196.13	0.086
196.34	0.084
196.56	0.097
196.77	0.120
196.98	0.140
197.20	0.076
197.41	0.086
197.63	0.107
197.84	0.068
198.05	0.036
198.27	0.031
198.48	-0.031
198.70	-0.065
198.91	-0.017
199.12	0.029
199.34	0.041
199.55	0.005
199.76	0.041
199.98	0.086
200.19	0.086
200.41	0.065
200.62	0.051
200.83	0.016
201.05	0.004
201.26	-0.033
201.48	0.030
201.69	0.015
201.90	0.013
202.12	0.004
202.33	0.021
202.54	0.058
202.76	0.062
202.97	0.110
203.19	0.107
203.40	0.092
203.61	0.040
203.83	-0.017
204.04	0.038
204.25	-0.017
204.47	-0.062
204.68	-0.068
204.89	-0.040
205.11	-0.022
205.32	0.033
205.54	0.046
205.75	0.068
205.96	0.047
206.18	0.050
206.39	0.041
206.60	0.036
206.82	0.007
207.03	0.011
207.24	0.046
207.46	0.077
207.67	0.106
207.89	0.073
208.10	0.084
208.31	0.136
208.53	0.111
208.74	0.130
208.95	0.177
209.17	0.202
209.38	0.174
209.59	0.196
209.81	0.195
210.02	0.191
210.23	0.162
210.45	0.181
210.66	0.213
210.87	0.244
211.09	0.279
211.30	0.251
211.51	0.189
211.73	0.191
211.94	0.195
212.15	0.156
212.37	0.186
212.58	0.194
212.79	0.185
213.01	0.157
213.22	0.115
213.43	0.091
213.65	0.192
213.86	0.159
214.07	0.165
214.29	0.124
214.50	0.119
214.71	0.148
214.93	0.118
215.14	0.109
215.35	0.090
215.57	0.073
215.78	0.071
215.99	0.099
216.21	0.060
216.42	0.054
216.63	0.065
216.85	0.046
217.06	0.069
217.27	0.081
217.49	0.085
217.70	0.115
217.91	0.175
218.13	0.114
218.34	0.105
218.55	0.091
218.77	0.116
218.98	0.108
219.19	0.081
219.40	0.041
219.62	0.013
219.83	-0.011
220.04	-0.013
220.26	-0.008
220.47	-0.009
220.68	0.030
220.90	0.018
221.11	0.024
221.32	0.028
221.54	-0.016
221.75	-0.035
221.96	0.012
222.17	-0.022
222.39	-0.041
222.60	-0.066
222.81	-0.047
223.03	-0.061
223.24	-0.043
223.45	-0.078
223.67	-0.102
223.88	-0.124
224.09	-0.109
224.30	-0.087
224.52	-0.074
224.73	-0.038
224.94	0.005
225.16	0.007
225.37	0.011
225.58	-0.010
225.79	-0.011
226.01	-0.009
226.22	0.035
226.43	0.048
226.65	0.081
226.86	0.040
227.07	0.070
227.28	0.044
227.50	0.028
227.71	0.038
227.92	0.082
228.14	0.072
228.35	0.099
228.56	0.098
228.77	0.064
228.99	0.051
229.20	0.058
229.41	0.056
229.62	0.058
229.84	0.067
230.05	0.040
230.26	0.028
230.48	0.089
230.69	0.060
230.90	0.001
231.11	0.006
231.33	0.074
231.54	0.058
231.75	0.088
231.96	0.096
232.18	0.025
232.39	0.033
232.60	0.100
232.81	0.104
233.03	0.139
233.24	0.224
233.45	0.281
233.66	0.242
233.88	0.199
234.09	0.183
234.30	0.193
234.51	0.216
234.73	0.188
234.94	0.145
235.15	0.154
235.36	0.148
235.58	0.142
235.79	0.134
236.00	0.123
236.21	0.111
236.43	0.107
236.64	0.126
236.85	0.133
237.06	0.103
237.28	0.076
237.49	0.072
237.70	0.021
237.91	-0.070
238.13	-0.053
238.34	-0.040
238.55	-0.004
238.76	-0.026
238.98	0.004
239.19	0.037
239.40	0.030
239.61	-0.016
239.83	0.003
240.04	-0.015
240.25	-0.020
240.46	-0.034
240.67	-0.025
240.89	-0.033
241.10	0.010
241.31	0.038
241.52	0.023
241.74	0.029
241.95	0.024
242.16	0.030
242.37	0.077
242.58	0.100
242.80	0.104
243.01	0.033
243.22	0.001
243.43	-0.029
243.65	-0.035
243.86	-0.002
244.07	0.020
244.28	-0.010
244.49	-0.006
244.71	0.006
244.92	-0.018
245.13	0.009
245.34	0.018
245.55	-0.013
245.77	-0.040
245.98	-0.028
246.19	-0.015
246.40	-0.039
246.62	-0.010
246.83	0.024
247.04	0.012
247.25	0.025
247.46	0.061
247.68	0.069
247.89	0.081
248.10	0.148
248.31	0.066
248.52	0.059
248.74	0.091
248.95	0.092
249.16	0.085
249.37	0.172
249.58	0.171
249.79	0.187
250.01	0.183
250.22	0.172
250.43	0.154
250.64	0.122
250.85	0.126
251.07	0.097
251.28	0.028
251.49	0.016
251.70	0.017
251.91	0.024
252.13	0.047
252.34	0.040
252.55	0.005
252.76	0.052
252.97	0.043
253.18	0.037
253.40	0.044
253.61	0.017
253.82	-0.027
254.03	-0.071
254.24	-0.048
254.46	0.000
254.67	0.007
254.88	0.039
255.09	0.077
255.30	0.093
255.51	0.104
255.73	0.158
255.94	0.127
256.15	0.149
256.36	0.158
256.57	0.164
256.78	0.171
257.00	0.160
257.21	0.166
257.42	0.189
257.63	0.171
257.84	0.165
258.05	0.268
258.26	0.306
258.48	0.303
258.69	0.314
258.90	0.236
259.11	0.212
259.32	0.165
259.53	0.152
259.75	0.161
259.96	0.171
260.17	0.175
260.38	0.171
260.59	0.142
260.80	0.117
261.01	0.139
261.23	0.128
261.44	0.132
261.65	0.113
261.86	0.109
262.07	0.142
262.28	0.141
262.49	0.056
262.71	0.020
262.92	0.018
263.13	-0.024
263.34	0.013
263.55	-0.002
263.76	0.014
263.97	0.020
264.19	-0.003
264.40	0.004
264.61	-0.011
264.82	0.031
265.03	0.021
265.24	0.048
265.45	0.044
265.66	0.029
265.88	0.005
266.09	-0.001
266.30	0.001
266.51	-0.039
266.72	-0.031
266.93	0.036
267.14	0.095
267.35	0.087
267.57	0.124
267.78	0.113
267.99	0.138
268.20	0.120
268.41	0.116
268.62	0.138
268.83	0.152
269.04	0.164
269.25	0.165
269.47	0.137
269.68	0.102
269.89	0.110
270.10	0.128
270.31	0.135
270.52	0.135
270.73	0.154
270.94	0.193
271.15	0.181
271.37	0.148
271.58	0.124
271.79	0.146
272.00	0.124
272.21	0.145
272.42	0.128
272.63	0.152
272.84	0.156
273.05	0.145
273.26	0.098
273.48	0.058
273.69	0.026
273.90	0.070
274.11	0.075
274.32	0.075
274.53	0.094
274.74	0.134
274.95	0.121
275.16	0.114
275.37	0.071
275.58	0.069
275.80	0.094
276.01	0.098
276.22	0.070
276.43	0.063
276.64	0.064
276.85	0.057
277.06	0.050
277.27	0.077
277.48	0.056
277.69	0.082
277.90	0.098
278.11	0.137
278.32	0.085
278.54	0.096
278.75	0.072
278.96	0.065
279.17	0.033
279.38	0.066
279.59	0.057
279.80	0.081
280.01	0.071
280.22	0.053
280.43	0.059
280.64	0.139
280.85	0.152
281.06	0.119
281.27	0.119
281.48	0.099
281.70	0.055
281.91	0.068
282.12	0.057
282.33	0.099
282.54	0.097
282.75	0.098
282.96	0.111
283.17	0.129
283.38	0.139
283.59	0.142
283.80	0.103
284.01	0.106
284.22	0.084
284.43	0.097
284.64	0.128
284.85	0.115
285.06	0.092
285.27	0.088
285.48	0.097
285.70	0.162
285.91	0.207
286.12	0.212
286.33	0.206
286.54	0.228
286.75	0.168
286.96	0.120
287.17	0.163
287.38	0.161
287.59	0.141
287.80	0.132
288.01	0.151
288.22	0.168
288.43	0.164
288.64	0.203
288.85	0.194
289.06	0.178
289.27	0.147
289.48	0.131
289.69	0.118
289.90	0.110
290.11	0.079
290.32	0.084
290.53	0.072
290.74	0.068
290.95	0.047
291.16	0.063
291.37	0.069
291.58	0.075
291.79	0.081
292.00	0.085
292.21	0.081
292.42	0.088
292.63	0.118
292.84	0.140
293.05	0.112
293.26	0.127
293.47	0.106
293.68	0.089
293.89	0.092
294.10	0.105
294.31	0.124
294.52	0.119
294.73	0.106
294.95	0.151
295.16	0.147
295.37	0.163
295.58	0.139
295.79	0.128
295.99	0.112
296.20	0.116
296.41	0.116
296.62	0.130
296.83	0.104
297.04	0.094
297.25	0.084
297.46	0.092
297.67	0.061
297.88	0.051
298.09	0.078
298.30	0.069
298.51	0.081
298.72	0.071
298.93	0.055
299.14	0.075
299.35	0.063
299.56	0.062
299.77	0.073
299.98	0.076
300.19	0.071
300.40	0.086
300.61	0.067
300.82	0.051
301.03	0.051
301.24	0.049
301.45	0.032
301.66	0.057
301.87	0.045
302.08	0.059
302.29	0.075
302.50	0.081
302.71	0.117
302.92	0.127
303.13	0.143
303.34	0.177
303.55	0.125
303.76	0.111
303.97	0.121
304.18	0.118
304.39	0.126
304.60	0.111
304.81	0.126
305.02	0.164
305.22	0.208
305.43	0.196
305.64	0.163
305.85	0.200
306.06	0.185
306.27	0.182
306.48	0.158
306.69	0.136
306.90	0.155
307.11	0.121
307.32	0.091
307.53	0.090
307.74	0.073
307.95	0.081
308.16	0.084
308.37	0.081
308.58	0.099
308.79	0.116
309.00	0.157
309.21	0.122
309.41	0.079
309.62	0.075
309.83	0.066
310.04	0.089
310.25	0.057
310.46	0.070
310.67	0.071
310.88	0.078
311.09	0.130
311.30	0.133
311.51	0.143
311.72	0.101
311.93	0.107
312.14	0.120
312.34	0.113
312.55	0.114
312.76	0.129
312.97	0.103
313.18	0.107
313.39	0.131
313.60	0.136
313.81	0.177
314.02	0.136
314.23	0.149
314.44	0.155
314.65	0.182
314.86	0.159
315.06	0.202
315.27	0.234
315.48	0.188
315.69	0.153
315.90	0.168
316.11	0.234
316.32	0.223
316.53	0.259
316.74	0.296
316.95	0.294
317.16	0.305
317.36	0.320
317.57	0.255
317.78	0.217
317.99	0.184
318.20	0.162
318.41	0.174
318.62	0.168
318.83	0.155
319.04	0.143
319.24	0.154
319.45	0.126
319.66	0.124
319.87	0.128
320.08	0.139
320.29	0.140
320.50	0.145
320.71	0.117
320.92	0.095
321.12	0.089
321.33	0.107
321.54	0.089
321.75	0.074
321.96	0.076
322.17	0.082
322.38	0.159
322.59	0.142
322.80	0.144
323.00	0.178
323.21	0.187
323.42	0.193
323.63	0.159
323.84	0.157
324.05	0.120
324.26	0.118
324.47	0.117
324.67	0.147
324.88	0.139
325.09	0.180
325.30	0.169
325.51	0.138
325.72	0.129
325.93	0.144
326.13	0.158
326.34	0.174
326.55	0.191
326.76	0.165
326.97	0.168
327.18	0.178
327.39	0.157
327.59	0.193
327.80	0.185
328.01	0.197
328.22	0.203
328.43	0.218
328.64	0.229
328.85	0.234
329.05	0.201
329.26	0.199
329.47	0.174
329.68	0.177
329.89	0.209
330.10	0.209
330.30	0.197
330.51	0.177
330.72	0.158
330.93	0.141
331.14	0.148
331.35	0.158
331.56	0.166
331.76	0.164
331.97	0.152
332.18	0.169
332.39	0.174
332.60	0.179
332.81	0.166
333.01	0.167
333.22	0.189
333.43	0.177
333.64	0.167
333.85	0.191
334.05	0.195
334.26	0.192
334.47	0.184
334.68	0.183
334.89	0.213
335.10	0.231
335.30	0.243
335.51	0.243
335.72	0.251
335.93	0.252
336.14	0.259
336.35	0.244
336.55	0.243
336.76	0.254
336.97	0.251
337.18	0.265
337.39	0.274
337.59	0.267
337.80	0.284
338.01	0.300
338.22	0.300
338.43	0.305
338.63	0.304
338.84	0.312
339.05	0.311
339.26	0.303
339.47	0.302
339.67	0.295
339.88	0.307
340.09	0.308
340.30	0.301
340.51	0.311
340.71	0.322
340.92	0.328
341.13	0.321
341.34	0.325
341.55	0.328
341.75	0.325
341.96	0.332
342.17	0.333
342.38	0.324
342.58	0.318
342.79	0.322
343.00	0.323
343.21	0.329
343.42	0.332
343.62	0.329
343.83	0.340
344.04	0.344
344.25	0.348
344.46	0.345
344.66	0.352
344.87	0.341
345.08	0.337
345.29	0.335
345.49	0.340
345.70	0.345
345.91	0.349
346.12	0.342
346.32	0.337
346.53	0.335
346.74	0.344
346.95	0.343
347.16	0.349
347.36	0.342
347.57	0.342
347.78	0.342
347.99	0.347
348.19	0.345
348.40	0.336
348.61	0.331
348.82	0.333
349.02	0.327
349.23	0.330
349.44	0.334
349.65	0.331
349.85	0.332
350.06	0.329
350.27	0.326
350.48	0.334
350.68	0.335
350.89	0.336
351.10	0.338
351.31	0.350
351.51	0.345
351.72	0.352
351.93	0.352
352.14	0.352
352.34	0.355
352.55	0.355
352.76	0.361
352.96	0.364
353.17	0.367
353.38	0.371
353.59	0.371
353.79	0.370
354.00	0.372
354.21	0.369
354.42	0.374
354.62	0.378
354.83	0.376
355.04	0.381
355.24	0.382
355.45	0.384
355.66	0.377
355.87	0.379
356.07	0.380
356.28	0.376
356.49	0.383
356.70	0.385
356.90	0.380
357.11	0.383
357.32	0.382
357.52	0.383
357.73	0.384
357.94	0.387
358.15	0.393
358.35	0.399
358.56	0.399
358.77	0.399
358.97	0.400
359.18	0.399
359.39	0.400
359.59	0.403
359.80	0.402
360.01	0.406
360.22	0.407
360.42	0.408
360.63	0.417
360.84	0.414
361.04	0.412
361.25	0.417
361.46	0.415
361.66	0.412
361.87	0.411
362.08	0.416
362.29	0.415
362.49	0.416
362.70	0.411
362.91	0.416
363.11	0.416
363.32	0.417
363.53	0.419
363.73	0.417
363.94	0.419
364.15	0.420
364.35	0.422
364.56	0.423
364.77	0.426
364.97	0.422
365.18	0.423
365.39	0.423
365.59	0.420
365.80	0.423
366.01	0.426
366.21	0.427
366.42	0.423
366.63	0.427
366.83	0.426
367.04	0.429
367.25	0.430
367.45	0.432
367.66	0.433
367.87	0.436
368.07	0.438
368.28	0.436
368.49	0.436
368.69	0.435
368.90	0.435
369.11	0.432
369.31	0.436
369.52	0.439
369.73	0.440
369.93	0.442
370.14	0.443
370.35	0.443
370.55	0.445
370.76	0.451
370.97	0.448
371.17	0.449
371.38	0.449
371.58	0.448
371.79	0.450
372.00	0.452
372.20	0.452
372.41	0.453
372.62	0.453
372.82	0.454
373.03	0.453
373.24	0.455
373.44	0.459
373.65	0.457
373.85	0.457
374.06	0.459
374.27	0.460
374.47	0.464
374.68	0.465
374.89	0.465
375.09	0.464
375.30	0.468
375.51	0.469
375.71	0.470
375.92	0.471
376.12	0.469
376.33	0.468
376.54	0.468
376.74	0.469
376.95	0.470
377.15	0.469
377.36	0.470
377.57	0.469
377.77	0.468
377.98	0.471
378.19	0.473
378.39	0.472
378.60	0.473
378.80	0.473
379.01	0.472
379.22	0.474
379.42	0.474
379.63	0.470
379.83	0.469
380.04	0.468
380.25	0.469
380.45	0.470
380.66	0.468
380.86	0.468
381.07	0.472
381.28	0.472
381.48	0.473
381.69	0.474
381.89	0.475
382.10	0.476
382.31	0.478
382.51	0.476
382.72	0.476
382.92	0.477
383.13	0.478
383.33	0.479
383.54	0.479
383.75	0.480
383.95	0.483
384.16	0.485
384.36	0.487
384.57	0.488
384.78	0.489
384.98	0.491
385.19	0.492
385.39	0.490
385.60	0.492
385.80	0.493
386.01	0.493
386.22	0.492
386.42	0.492
386.63	0.490
386.83	0.492
387.04	0.493
387.24	0.492
387.45	0.492
387.65	0.494
387.86	0.494
388.07	0.496
388.27	0.496
388.48	0.497
388.68	0.496
388.89	0.497
389.09	0.498
389.30	0.498
389.50	0.500
389.71	0.500
389.92	0.501
390.12	0.501
390.33	0.501
390.53	0.503
390.74	0.506
390.94	0.507
391.15	0.508
391.35	0.509
391.56	0.509
391.77	0.509
391.97	0.510
392.18	0.510
392.38	0.510
392.59	0.511
392.79	0.511
393.00	0.513
393.20	0.513
393.41	0.513
393.61	0.514
393.82	0.513
394.02	0.513
394.23	0.512
394.43	0.513
394.64	0.514
394.84	0.514
395.05	0.514
395.26	0.515
395.46	0.515
395.67	0.516
395.87	0.518
396.08	0.520
396.28	0.519
396.49	0.519
396.69	0.519
396.90	0.520
397.10	0.521
397.31	0.521
397.51	0.521
397.72	0.521
397.92	0.521
398.13	0.523
398.33	0.523
398.54	0.525
398.74	0.526
398.95	0.526
399.15	0.526
399.36	0.527
399.56	0.528
399.77	0.528
399.97	0.528
400.18	0.527
400.38	0.527
400.59	0.527
400.79	0.527
401.00	0.529
401.20	0.530
401.41	0.529
401.61	0.530
401.82	0.531
402.02	0.531
402.23	0.532
402.43	0.532
402.64	0.534
402.84	0.535
403.05	0.536
403.25	0.537
403.46	0.537
403.66	0.538
403.87	0.538
404.07	0.539
404.27	0.540
404.48	0.541
404.68	0.543
404.89	0.545
405.09	0.549
405.30	0.550
405.50	0.550
405.71	0.551
405.91	0.552
406.12	0.554
406.32	0.556
406.53	0.557
406.73	0.559
406.94	0.559
407.14	0.559
407.34	0.560
407.55	0.562
407.75	0.564
407.96	0.564
408.16	0.565
408.37	0.564
408.57	0.565
408.78	0.566
408.98	0.567
409.19	0.569
409.39	0.566
409.59	0.566
409.80	0.566
410.00	0.568
410.21	0.567
410.41	0.568
410.62	0.567
410.82	0.568
411.03	0.569
411.23	0.570
411.43	0.571
411.64	0.572
411.84	0.573
412.05	0.572
412.25	0.573
412.46	0.575
412.66	0.578
412.86	0.579
413.07	0.580
413.27	0.582
413.48	0.583
413.68	0.585
413.89	0.587
414.09	0.588
414.29	0.590
414.50	0.593
414.70	0.594
414.91	0.596
415.11	0.597
415.32	0.598
415.52	0.598
415.72	0.599
415.93	0.599
416.13	0.599
416.34	0.602
416.54	0.603
416.74	0.602
416.95	0.602
417.15	0.603
417.36	0.603
417.56	0.602
417.76	0.602
417.97	0.603
418.17	0.603
418.38	0.603
418.58	0.603
418.78	0.603
418.99	0.603
419.19	0.605
419.40	0.606
419.60	0.606
419.80	0.607
420.01	0.607
420.21	0.610
420.42	0.611
420.62	0.611
420.82	0.611
421.03	0.613
421.23	0.615
421.44	0.617
421.64	0.618
421.84	0.620
422.05	0.621
422.25	0.622
422.45	0.624
422.66	0.625
422.86	0.625
423.07	0.625
423.27	0.627
423.47	0.627
423.68	0.629
423.88	0.630
424.08	0.631
424.29	0.632
424.49	0.632
424.70	0.634
424.90	0.635
425.10	0.636
425.31	0.636
425.51	0.637
425.71	0.638
425.92	0.640
426.12	0.641
426.32	0.642
426.53	0.644
426.73	0.644
426.93	0.645
427.14	0.646
427.34	0.647
427.55	0.648
427.75	0.649
427.95	0.649
428.16	0.651
428.36	0.652
428.56	0.652
428.77	0.654
428.97	0.656
429.17	0.656
429.38	0.656
429.58	0.658
429.78	0.658
429.99	0.659
430.19	0.659
430.39	0.660
430.60	0.660
430.80	0.659
431.00	0.661
431.21	0.661
431.41	0.663
431.61	0.663
431.82	0.663
432.02	0.665
432.22	0.665
432.43	0.666
432.63	0.665
432.83	0.667
433.04	0.666
433.24	0.666
433.44	0.667
433.65	0.668
433.85	0.669
434.05	0.670
434.25	0.670
434.46	0.670
434.66	0.671
434.86	0.672
435.07	0.674
435.27	0.675
435.47	0.674
435.68	0.675
435.88	0.675
436.08	0.678
436.29	0.678
436.49	0.679
436.69	0.680
436.89	0.681
437.10	0.682
437.30	0.682
437.50	0.683
437.71	0.683
437.91	0.684
438.11	0.685
438.32	0.684
438.52	0.685
438.72	0.685
438.92	0.685
439.13	0.685
439.33	0.686
439.53	0.686
439.74	0.688
439.94	0.688
440.14	0.688
440.34	0.688
440.55	0.688
440.75	0.687
440.95	0.687
441.15	0.688
441.36	0.687
441.56	0.688
441.76	0.688
441.97	0.689
442.17	0.689
442.37	0.688
442.57	0.689
442.78	0.690
442.98	0.691
443.18	0.691
443.38	0.692
443.59	0.692
443.79	0.692
443.99	0.691
444.19	0.692
444.40	0.693
444.60	0.693
444.80	0.693
445.00	0.694
445.21	0.694
445.41	0.694
445.61	0.696
445.81	0.695
446.02	0.695
446.22	0.696
446.42	0.697
446.62	0.698
446.83	0.698
447.03	0.697
447.23	0.696
447.43	0.698
447.64	0.697
447.84	0.698
448.04	0.698
448.24	0.697
448.45	0.697
448.65	0.697
448.85	0.696
449.05	0.696
449.26	0.696
449.46	0.696
449.66	0.695
449.86	0.695
450.06	0.696
450.27	0.695
450.47	0.695
450.67	0.694
450.87	0.694
451.08	0.694
451.28	0.694
451.48	0.694
451.68	0.693
451.88	0.692
452.09	0.691
452.29	0.691
452.49	0.691
452.69	0.691
452.89	0.691
453.10	0.691
453.30	0.692
453.50	0.692
453.70	0.691
453.90	0.692
454.11	0.691
454.31	0.691
454.51	0.690
454.71	0.689
454.91	0.689
455.12	0.689
455.32	0.689
455.52	0.689
455.72	0.690
455.92	0.690
456.13	0.689
456.33	0.690
456.53	0.690
456.73	0.689
456.93	0.689
457.14	0.688
457.34	0.688
457.54	0.687
457.74	0.687
457.94	0.686
458.14	0.685
458.35	0.685
458.55	0.685
458.75	0.685
458.95	0.685
459.15	0.684
459.36	0.683
459.56	0.683
459.76	0.683
459.96	0.681
460.16	0.681
460.36	0.681
460.57	0.680
460.77	0.680
460.97	0.680
461.17	0.679
461.37	0.680
461.57	0.679
461.77	0.680
461.98	0.680
462.18	0.680
462.38	0.680
462.58	0.679
462.78	0.678
462.98	0.678
463.19	0.677
463.39	0.677
463.59	0.676
463.79	0.676
463.99	0.675
464.19	0.675
464.39	0.675
464.60	0.675
464.80	0.674
465.00	0.675
465.20	0.674
465.40	0.672
465.60	0.671
465.80	0.671
466.01	0.670
466.21	0.669
466.41	0.669
466.61	0.668
466.81	0.668
467.01	0.668
467.21	0.668
467.41	0.668
467.62	0.667
467.82	0.667
468.02	0.666
468.22	0.666
468.42	0.666
468.62	0.665
468.82	0.665
469.02	0.665
469.22	0.664
469.43	0.664
469.63	0.663
469.83	0.663
470.03	0.663
470.23	0.662
470.43	0.661
470.63	0.661
470.83	0.660
471.03	0.660
471.24	0.659
471.44	0.658
471.64	0.656
471.84	0.656
472.04	0.656
472.24	0.655
472.44	0.654
472.64	0.653
472.84	0.654
473.04	0.653
473.25	0.653
473.45	0.653
473.65	0.652
473.85	0.652
474.05	0.651
474.25	0.650
474.45	0.650
474.65	0.649
474.85	0.649
475.05	0.648
475.25	0.647
475.45	0.648
475.66	0.648
475.86	0.649
476.06	0.648
476.26	0.647
476.46	0.647
476.66	0.647
476.86	0.647
477.06	0.646
477.26	0.645
477.46	0.644
477.66	0.644
477.86	0.643
478.06	0.643
478.26	0.643
478.46	0.642
478.67	0.642
478.87	0.642
479.07	0.642
479.27	0.641
479.47	0.641
479.67	0.640
479.87	0.639
480.07	0.638
480.27	0.638
480.47	0.637
480.67	0.637
480.87	0.636
481.07	0.636
481.27	0.635
481.47	0.635
481.67	0.635
481.87	0.635
482.07	0.635
482.27	0.635
482.47	0.634
482.67	0.634
482.87	0.634
483.07	0.634
483.28	0.634
483.48	0.634
483.68	0.634
483.88	0.633
484.08	0.633
484.28	0.632
484.48	0.632
484.68	0.632
484.88	0.632
485.08	0.631
485.28	0.630
485.48	0.630
485.68	0.630
485.88	0.630
486.08	0.629
486.28	0.628
486.48	0.628
486.68	0.628
486.88	0.627
487.08	0.627
487.28	0.626
487.48	0.626
487.68	0.626
487.88	0.625
488.08	0.625
488.28	0.625
488.48	0.624
488.68	0.624
488.88	0.624
489.08	0.623
489.28	0.623
489.48	0.623
489.68	0.622
489.88	0.622
490.08	0.622
490.28	0.621
490.48	0.621
490.68	0.620
490.88	0.620
491.08	0.620
491.28	0.619
491.48	0.619
491.68	0.619
491.88	0.619
492.08	0.619
492.28	0.618
492.48	0.618
492.68	0.618
492.88	0.617
493.08	0.617
493.28	0.617
493.48	0.617
493.67	0.617
493.87	0.617
494.07	0.616
494.27	0.616
494.47	0.616
494.67	0.616
494.87	0.616
495.07	0.615
495.27	0.615
495.47	0.616
495.67	0.615
495.87	0.615
496.07	0.614
496.27	0.615
496.47	0.615
496.67	0.614
496.87	0.615
497.07	0.615
497.27	0.614
497.47	0.614
497.67	0.615
497.87	0.614
498.06	0.614
498.26	0.614
498.46	0.614
498.66	0.614
498.86	0.614
499.06	0.614
499.26	0.614
499.46	0.613
499.66	0.613
499.86	0.613
500.06	0.613
500.26	0.613
500.46	0.613
500.66	0.613
500.86	0.613
501.05	0.613
501.25	0.612
501.45	0.612
501.65	0.613
501.85	0.612
502.05	0.612
502.25	0.612
502.45	0.612
502.65	0.612
502.85	0.612
503.05	0.612
503.24	0.612
503.44	0.612
503.64	0.612
503.84	0.611
504.04	0.611
504.24	0.611
504.44	0.611
504.64	0.611
504.84	0.611
505.04	0.611
505.24	0.611
505.43	0.610
505.63	0.610
505.83	0.610
506.03	0.610
506.23	0.610
506.43	0.610
506.63	0.610
506.83	0.610
507.03	0.609
507.22	0.609
507.42	0.609
507.62	0.608
507.82	0.608
508.02	0.608
508.22	0.608
508.42	0.608
508.62	0.607
508.81	0.607
509.01	0.607
509.21	0.606
509.41	0.606
509.61	0.606
509.81	0.606
510.01	0.606
510.21	0.605
510.40	0.605
510.60	0.605
510.80	0.605
511.00	0.604
511.20	0.604
511.40	0.604
511.60	0.604
511.79	0.604
511.99	0.604
512.19	0.603
512.39	0.603
512.59	0.603
512.79	0.603
512.99	0.603
513.18	0.602
513.38	0.602
513.58	0.602
513.78	0.601
513.98	0.601
514.18	0.600
514.37	0.600
514.57	0.600
514.77	0.600
514.97	0.599
515.17	0.599
515.37	0.598
515.56	0.597
515.76	0.597
515.96	0.597
516.16	0.597
516.36	0.597
516.56	0.597
516.75	0.596
516.95	0.596
517.15	0.595
517.35	0.595
517.55	0.594
517.75	0.594
517.94	0.594
518.14	0.593
518.34	0.593
518.54	0.592
518.74	0.592
518.93	0.591
519.13	0.590
519.33	0.590
519.53	0.590
519.73	0.589
519.92	0.589
520.12	0.588
520.32	0.587
520.52	0.586
520.72	0.585
520.91	0.585
521.11	0.584
521.31	0.583
521.51	0.583
521.71	0.582
521.90	0.582
522.10	0.581
522.30	0.580
522.50	0.580
522.70	0.579
522.89	0.578
523.09	0.577
523.29	0.577
523.49	0.576
523.69	0.575
523.88	0.574
524.08	0.573
524.28	0.573
524.48	0.572
524.67	0.571
524.87	0.570
525.07	0.569
525.27	0.568
525.46	0.567
525.66	0.566
525.86	0.565
526.06	0.564
526.26	0.563
526.45	0.563
526.65	0.562
526.85	0.561
527.05	0.560
527.24	0.559
527.44	0.558
527.64	0.557
527.84	0.556
528.03	0.555
528.23	0.554
528.43	0.553
528.63	0.552
528.82	0.551
529.02	0.550
529.22	0.549
529.42	0.548
529.61	0.547
529.81	0.546
530.01	0.544
530.21	0.543
530.40	0.543
530.60	0.541
530.80	0.540
531.00	0.539
531.19	0.537
531.39	0.536
531.59	0.534
531.78	0.533
531.98	0.532
532.18	0.531
532.38	0.530
532.57	0.528
532.77	0.527
532.97	0.526
533.16	0.524
533.36	0.523
533.56	0.522
533.76	0.520
533.95	0.519
534.15	0.518
534.35	0.517
534.55	0.515
534.74	0.514
534.94	0.512
535.14	0.511
535.33	0.510
535.53	0.509
535.73	0.508
535.92	0.506
536.12	0.505
536.32	0.504
536.52	0.502
536.71	0.501
536.91	0.500
537.11	0.498
537.30	0.497
537.50	0.495
537.70	0.494
537.89	0.492
538.09	0.491
538.29	0.490
538.48	0.488
538.68	0.488
538.88	0.486
539.08	0.485
539.27	0.484
539.47	0.482
539.67	0.481
539.86	0.479
540.06	0.478
540.26	0.476
540.45	0.475
540.65	0.473
540.85	0.472
541.04	0.470
541.24	0.469
541.44	0.468
541.63	0.467
541.83	0.466
542.03	0.464
542.22	0.463
542.42	0.462
542.62	0.460
542.81	0.458
543.01	0.457
543.21	0.455
543.40	0.453
543.60	0.452
543.79	0.451
543.99	0.450
544.19	0.448
544.38	0.447
544.58	0.446
544.78	0.444
544.97	0.443
545.17	0.442
545.37	0.440
545.56	0.438
545.76	0.437
545.96	0.435
546.15	0.434
546.35	0.432
546.54	0.430
546.74	0.429
546.94	0.428
547.13	0.426
547.33	0.425
547.53	0.424
547.72	0.422
547.92	0.421
548.11	0.419
548.31	0.418
548.51	0.417
548.70	0.416
548.90	0.414
549.10	0.413
549.29	0.411
549.49	0.410
549.68	0.409
549.88	0.408
550.08	0.406
550.27	0.405
550.47	0.404
550.66	0.403
550.86	0.402
551.06	0.400
551.25	0.399
551.45	0.398
551.64	0.397
551.84	0.396
552.04	0.394
552.23	0.393
552.43	0.391
552.62	0.390
552.82	0.389
553.02	0.388
553.21	0.386
553.41	0.385
553.60	0.384
553.80	0.383
554.00	0.382
554.19	0.381
554.39	0.379
554.58	0.378
554.78	0.377
554.97	0.376
555.17	0.375
555.37	0.373
555.56	0.372
555.76	0.371
555.95	0.370
556.15	0.368
556.34	0.367
556.54	0.366
556.74	0.365
556.93	0.364
557.13	0.363
557.32	0.361
557.52	0.360
557.71	0.359
557.91	0.358
558.10	0.357
558.30	0.356
558.50	0.355
558.69	0.354
558.89	0.353
559.08	0.352
559.28	0.351
559.47	0.350
559.67	0.349
559.86	0.348
560.06	0.347
560.25	0.346
560.45	0.345
560.65	0.344
560.84	0.343
561.04	0.342
561.23	0.341
561.43	0.340
561.62	0.340
561.82	0.339
562.01	0.337
562.21	0.336
562.40	0.335
562.60	0.334
562.79	0.333
562.99	0.332
563.18	0.331
563.38	0.330
563.57	0.329
563.77	0.328
563.96	0.327
564.16	0.326
564.36	0.325
564.55	0.324
564.75	0.323
564.94	0.322
565.14	0.321
565.33	0.320
565.53	0.319
565.72	0.318
565.92	0.317
566.11	0.316
566.31	0.315
566.50	0.315
566.70	0.314
566.89	0.313
567.09	0.312
567.28	0.311
567.48	0.311
567.67	0.310
567.87	0.309
568.06	0.308
568.26	0.307
568.45	0.306
568.64	0.305
568.84	0.305
569.03	0.304
569.23	0.303
569.42	0.302
569.62	0.302
569.81	0.301
570.01	0.300
570.20	0.299
570.40	0.298
570.59	0.297
570.79	0.296
570.98	0.295
571.18	0.295
571.37	0.294
571.57	0.293
571.76	0.293
571.95	0.292
572.15	0.291
572.34	0.290
572.54	0.289
572.73	0.289
572.93	0.288
573.12	0.287
573.32	0.286
573.51	0.285
573.71	0.285
573.90	0.284
574.09	0.283
574.29	0.283
574.48	0.282
574.68	0.281
574.87	0.281
575.07	0.280
575.26	0.279
575.46	0.279
575.65	0.278
575.84	0.277
576.04	0.277
576.23	0.276
576.43	0.275
576.62	0.275
576.82	0.274
577.01	0.274
577.20	0.273
577.40	0.272
577.59	0.272
577.79	0.271
577.98	0.271
578.18	0.270
578.37	0.269
578.56	0.268
578.76	0.268
578.95	0.267
579.15	0.266
579.34	0.266
579.53	0.265
579.73	0.265
579.92	0.264
580.12	0.263
580.31	0.263
580.50	0.262
580.70	0.261
580.89	0.261
581.09	0.260
581.28	0.260
581.47	0.259
581.67	0.258
581.86	0.257
582.06	0.257
582.25	0.256
582.44	0.255
582.64	0.255
582.83	0.254
583.03	0.254
583.22	0.253
583.41	0.252
583.61	0.252
583.80	0.251
583.99	0.251
584.19	0.250
584.38	0.250
584.58	0.249
584.77	0.249
584.96	0.248
585.16	0.248
585.35	0.248
585.54	0.247
585.74	0.247
585.93	0.247
586.13	0.246
586.32	0.246
586.51	0.245
586.71	0.245
586.90	0.244
587.09	0.244
587.29	0.244
587.48	0.243
587.67	0.243
587.87	0.242
588.06	0.242
588.25	0.241
588.45	0.240
588.64	0.240
588.83	0.239
589.03	0.238
589.22	0.238
589.41	0.237
589.61	0.237
589.80	0.236
589.99	0.236
590.19	0.235
590.38	0.235
590.57	0.234
590.77	0.233
590.96	0.233
591.15	0.233
591.35	0.232
591.54	0.232
591.73	0.231
591.93	0.231
592.12	0.230
592.31	0.230
592.51	0.230
592.70	0.230
592.89	0.229
593.09	0.229
593.28	0.228
593.47	0.228
593.67	0.228
593.86	0.227
594.05	0.227
594.25	0.226
594.44	0.226
594.63	0.226
594.82	0.225
595.02	0.225
595.21	0.224
595.40	0.224
595.60	0.223
595.79	0.223
595.98	0.223
596.17	0.222
596.37	0.222
596.56	0.221
596.75	0.221
596.95	0.220
597.14	0.220
597.33	0.220
597.52	0.219
597.72	0.219
597.91	0.219
598.10	0.218
598.30	0.218
598.49	0.217
598.68	0.217
598.87	0.217
599.07	0.217
599.26	0.216
599.45	0.216
599.65	0.215
599.84	0.215
600.03	0.214
600.22	0.214
600.42	0.214
600.61	0.213
600.80	0.213
600.99	0.213
601.19	0.212
601.38	0.212
601.57	0.211
601.76	0.211
601.96	0.211
602.15	0.211
602.34	0.210
602.53	0.210
602.73	0.209
602.92	0.209
603.11	0.209
603.30	0.208
603.50	0.208
603.69	0.208
603.88	0.208
604.07	0.207
604.26	0.207
604.46	0.207
604.65	0.206
604.84	0.206
605.03	0.205
605.23	0.205
605.42	0.205
605.61	0.204
605.80	0.204
606.00	0.203
606.19	0.203
606.38	0.203
606.57	0.202
606.76	0.202
606.96	0.202
607.15	0.202
607.34	0.201
607.53	0.201
607.72	0.201
607.92	0.200
608.11	0.200
608.30	0.200
608.49	0.199
608.68	0.199
608.88	0.199
609.07	0.199
609.26	0.198
609.45	0.198
609.64	0.198
609.84	0.198
610.03	0.197
610.22	0.197
610.41	0.197
610.60	0.196
610.80	0.196
610.99	0.196
611.18	0.196
611.37	0.195
611.56	0.195
611.76	0.195
611.95	0.194
612.14	0.194
612.33	0.194
612.52	0.193
612.71	0.193
612.91	0.193
613.10	0.193
613.29	0.192
613.48	0.192
613.67	0.192
613.86	0.192
614.06	0.191
614.25	0.191
614.44	0.191
614.63	0.191
614.82	0.190
615.01	0.190
615.20	0.190
615.40	0.189
615.59	0.189
615.78	0.189
615.97	0.189
616.16	0.188
616.35	0.188
616.55	0.188
616.74	0.188
616.93	0.187
617.12	0.187
617.31	0.187
617.50	0.187
617.69	0.186
617.88	0.186
618.08	0.185
618.27	0.185
618.46	0.185
618.65	0.185
618.84	0.184
619.03	0.184
619.22	0.184
619.42	0.184
619.61	0.184
619.80	0.184
619.99	0.183
620.18	0.183
620.37	0.183
620.56	0.183
620.75	0.183
620.94	0.182
621.14	0.182
621.33	0.182
621.52	0.182
621.71	0.182
621.90	0.182
622.09	0.181
622.28	0.181
622.47	0.181
622.66	0.180
622.85	0.180
623.05	0.180
623.24	0.180
623.43	0.179
623.62	0.179
623.81	0.179
624.00	0.179
624.19	0.178
624.38	0.178
624.57	0.178
624.76	0.178
624.95	0.177
625.15	0.177
625.34	0.177
625.53	0.177
625.72	0.176
625.91	0.176
626.10	0.176
626.29	0.176
626.48	0.176
626.67	0.175
626.86	0.175
627.05	0.175
627.24	0.175
627.43	0.175
627.62	0.175
627.82	0.175
628.01	0.175
628.20	0.174
628.39	0.174
628.58	0.174
628.77	0.173
628.96	0.173
629.15	0.173
629.34	0.173
629.53	0.173
629.72	0.173
629.91	0.172
630.10	0.172
630.29	0.172
630.48	0.172
630.67	0.172
630.86	0.172
631.05	0.171
631.24	0.171
631.43	0.171
631.62	0.170
631.81	0.170
632.00	0.170
632.20	0.170
632.39	0.170
632.58	0.170
632.77	0.170
632.96	0.169
633.15	0.169
633.34	0.169
633.53	0.168
633.72	0.168
633.91	0.168
634.10	0.168
634.29	0.168
634.48	0.168
634.67	0.167
634.86	0.167
635.05	0.167
635.24	0.167
635.43	0.167
635.62	0.167
635.81	0.167
636.00	0.166
636.19	0.166
636.38	0.166
636.57	0.165
636.76	0.165
636.95	0.165
637.14	0.165
637.33	0.165
637.52	0.165
637.71	0.165
637.90	0.164
638.09	0.164
638.28	0.164
638.47	0.164
638.66	0.164
638.85	0.163
639.04	0.163
639.23	0.163
639.41	0.162
639.60	0.162
639.79	0.162
639.98	0.162
640.17	0.162
640.36	0.162
640.55	0.162
640.74	0.162
640.93	0.162
641.12	0.162
641.31	0.161
641.50	0.161
641.69	0.161
641.88	0.161
642.07	0.161
642.26	0.161
642.45	0.160
642.64	0.160
642.83	0.160
643.02	0.160
643.21	0.160
643.40	0.160
643.59	0.160
643.77	0.160
643.96	0.160
644.15	0.159
644.34	0.159
644.53	0.159
644.72	0.158
644.91	0.158
645.10	0.158
645.29	0.158
645.48	0.157
645.67	0.157
645.86	0.157
646.05	0.157
646.24	0.156
646.42	0.156
646.61	0.156
646.80	0.156
646.99	0.156
647.18	0.155
647.37	0.155
647.56	0.155
647.75	0.154
647.94	0.154
648.13	0.154
648.32	0.154
648.50	0.154
648.69	0.154
648.88	0.154
649.07	0.154
649.26	0.154
649.45	0.154
649.64	0.154
649.83	0.153
650.02	0.153
650.21	0.153
650.39	0.153
650.58	0.153
650.77	0.153
650.96	0.152
651.15	0.152
651.34	0.152
651.53	0.152
651.72	0.152
651.90	0.152
652.09	0.152
652.28	0.151
652.47	0.151
652.66	0.151
652.85	0.151
653.04	0.151
653.23	0.151
653.41	0.151
653.60	0.151
653.79	0.151
653.98	0.150
654.17	0.150
654.36	0.150
654.55	0.150
654.73	0.150
654.92	0.150
655.11	0.149
655.30	0.149
655.49	0.149
655.68	0.149
655.87	0.149
656.05	0.149
656.24	0.149
656.43	0.149
656.62	0.149
656.81	0.148
657.00	0.148
657.18	0.148
657.37	0.148
657.56	0.148
657.75	0.148
657.94	0.148
658.13	0.148
658.31	0.147
658.50	0.147
658.69	0.147
658.88	0.147
659.07	0.147
659.26	0.147
659.44	0.147
659.63	0.147
659.82	0.147
660.01	0.146
660.20	0.146
660.38	0.146
660.57	0.146
660.76	0.146
660.95	0.146
661.14	0.145
661.32	0.145
661.51	0.145
661.70	0.145
661.89	0.145
662.08	0.145
662.26	0.144
662.45	0.144
662.64	0.144
662.83	0.144
663.02	0.144
663.20	0.144
663.39	0.144
663.58	0.143
663.77	0.143
663.96	0.143
664.14	0.143
664.33	0.143
664.52	0.143
664.71	0.143
664.89	0.143
665.08	0.142
665.27	0.142
665.46	0.142
665.64	0.142
665.83	0.142
666.02	0.142
666.21	0.142
666.40	0.142
666.58	0.142
666.77	0.141
666.96	0.141
667.15	0.141
667.33	0.141
667.52	0.141
667.71	0.141
667.90	0.140
668.08	0.140
668.27	0.140
668.46	0.140
668.65	0.140
668.83	0.140
669.02	0.140
669.21	0.140
669.40	0.140
669.58	0.140
669.77	0.140
669.96	0.140
670.14	0.140
670.33	0.139
670.52	0.139
670.71	0.139
670.89	0.139
671.08	0.139
671.27	0.139
671.46	0.139
671.64	0.139
671.83	0.139
672.02	0.139
672.20	0.139
672.39	0.138
672.58	0.138
672.77	0.138
672.95	0.138
673.14	0.138
673.33	0.137
673.51	0.137
673.70	0.137
673.89	0.137
674.08	0.137
674.26	0.137
674.45	0.137
674.64	0.136
674.82	0.136
675.01	0.136
675.20	0.136
675.38	0.136
675.57	0.136
675.76	0.136
675.94	0.136
676.13	0.136
676.32	0.136
676.51	0.136
676.69	0.136
676.88	0.136
677.07	0.136
677.25	0.136
677.44	0.136
677.63	0.135
677.81	0.135
678.00	0.135
678.19	0.135
678.37	0.135
678.56	0.135
678.75	0.135
678.93	0.135
679.12	0.135
679.31	0.135
679.49	0.135
679.68	0.134
679.87	0.134
680.05	0.134
680.24	0.134
680.42	0.134
680.61	0.134
680.80	0.134
680.98	0.134
681.17	0.133
681.36	0.133
681.54	0.133
681.73	0.133
681.92	0.133
682.10	0.133
682.29	0.133
682.48	0.133
682.66	0.133
682.85	0.133
683.03	0.132
683.22	0.132
683.41	0.132
683.59	0.132
683.78	0.132
683.97	0.132
684.15	0.131
684.34	0.131
684.52	0.131
684.71	0.131
684.90	0.131
685.08	0.131
685.27	0.131
685.45	0.131
685.64	0.130
685.83	0.130
686.01	0.130
686.20	0.130
686.39	0.130
686.57	0.130
686.76	0.130
686.94	0.130
687.13	0.130
687.31	0.130
687.50	0.130
687.69	0.130
687.87	0.130
688.06	0.130
688.24	0.129
688.43	0.129
688.62	0.129
688.80	0.129
688.99	0.129
689.17	0.129
689.36	0.129
689.55	0.129
689.73	0.128
689.92	0.128
690.10	0.128
690.29	0.128
690.47	0.128
690.66	0.127
690.84	0.127
691.03	0.127
691.22	0.127
691.40	0.127
691.59	0.127
691.77	0.127
691.96	0.126
692.14	0.126
692.33	0.126
692.52	0.126
692.70	0.126
692.89	0.126
693.07	0.126
693.26	0.126
693.44	0.126
693.63	0.126
693.81	0.125
694.00	0.125
694.18	0.125
694.37	0.125
694.55	0.125
694.74	0.126
694.93	0.125
695.11	0.125
695.30	0.125
695.48	0.125
695.67	0.125
695.85	0.125
696.04	0.125
696.22	0.125
696.41	0.125
696.59	0.125
696.78	0.125
696.96	0.125
697.15	0.125
697.33	0.125
697.52	0.125
697.70	0.125
697.89	0.125
698.07	0.125
698.26	0.124
698.44	0.124
698.63	0.124
698.81	0.124
699.00	0.124
699.18	0.124
699.37	0.124
699.55	0.124
699.74	0.124
699.92	0.123
700.11	0.123
700.29	0.123
700.48	0.123
700.66	0.123
700.85	0.123
701.03	0.123
701.22	0.123
701.40	0.123
701.59	0.123
701.77	0.122
701.96	0.122
702.14	0.122
702.33	0.122
702.51	0.122
702.69	0.122
702.88	0.122
703.06	0.122
703.25	0.122
703.43	0.122
703.62	0.122
703.80	0.122
703.99	0.122
704.17	0.122
704.36	0.122
704.54	0.122
704.73	0.121
704.91	0.121
705.09	0.121
705.28	0.121
705.46	0.121
705.65	0.121
705.83	0.121
706.02	0.121
706.20	0.121
706.38	0.121
706.57	0.120
706.75	0.120
706.94	0.120
707.12	0.120
707.31	0.120
707.49	0.120
707.67	0.120
707.86	0.120
708.04	0.120
708.23	0.120
708.41	0.120
708.60	0.120
708.78	0.120
708.96	0.120
709.15	0.120
709.33	0.120
709.52	0.120
709.70	0.119
709.88	0.119
710.07	0.119
710.25	0.119
710.44	0.119
710.62	0.119
710.80	0.119
710.99	0.119
711.17	0.119
711.36	0.119
711.54	0.119
711.72	0.119
711.91	0.119
712.09	0.118
712.28	0.118
712.46	0.117
712.64	0.117
712.83	0.117
713.01	0.117
713.20	0.117
713.38	0.117
713.56	0.117
713.75	0.116
713.93	0.116
714.11	0.116
714.30	0.116
714.48	0.116
714.66	0.116
714.85	0.116
715.03	0.116
715.22	0.116
715.40	0.115
715.58	0.115
715.77	0.115
715.95	0.115
716.13	0.116
716.32	0.116
716.50	0.115
716.68	0.115
716.87	0.115
717.05	0.115
717.23	0.115
717.42	0.115
717.60	0.115
717.78	0.115
717.97	0.115
718.15	0.115
718.33	0.115
718.52	0.115
718.70	0.115
718.88	0.115
719.07	0.115
719.25	0.115
719.43	0.115
719.62	0.115
719.80	0.115
719.98	0.115
720.17	0.115
720.35	0.115
720.53	0.115
720.72	0.114
720.90	0.114
721.08	0.114
721.27	0.114
721.45	0.114
721.63	0.114
721.81	0.114
722.00	0.114
722.18	0.113
722.36	0.113
722.55	0.113
722.73	0.113
722.91	0.113
723.10	0.113
723.28	0.113
723.46	0.113
723.64	0.113
723.83	0.113
724.01	0.113
724.19	0.113
724.38	0.112
724.56	0.112
724.74	0.113
724.92	0.113
725.11	0.112
725.29	0.112
725.47	0.112
725.66	0.112
725.84	0.112
726.02	0.112
726.20	0.112
726.39	0.112
726.57	0.112
726.75	0.112
726.93	0.112
727.12	0.112
727.30	0.112
727.48	0.111
727.66	0.111
727.85	0.111
728.03	0.111
728.21	0.111
728.39	0.111
728.58	0.110
728.76	0.110
728.94	0.110
729.12	0.110
729.31	0.110
729.49	0.110
729.67	0.110
729.85	0.110
730.04	0.110
730.22	0.110
730.40	0.110
730.58	0.110
730.76	0.110
730.95	0.110
731.13	0.110
731.31	0.110
731.49	0.110
731.68	0.110
731.86	0.110
732.04	0.110
732.22	0.110
732.40	0.110
732.59	0.110
732.77	0.110
732.95	0.110
733.13	0.110
733.31	0.110
733.50	0.110
733.68	0.110
733.86	0.110
734.04	0.110
734.22	0.110
734.41	0.110
734.59	0.110
734.77	0.110
734.95	0.109
735.13	0.109
735.32	0.109
735.50	0.109
735.68	0.109
735.86	0.109
736.04	0.109
736.22	0.108
736.41	0.108
736.59	0.108
736.77	0.108
736.95	0.108
737.13	0.108
737.32	0.108
737.50	0.108
737.68	0.108
737.86	0.108
738.04	0.108
738.22	0.108
738.41	0.107
738.59	0.107
738.77	0.107
738.95	0.107
739.13	0.107
739.31	0.107
739.49	0.107
739.68	0.107
739.86	0.107
740.04	0.107
740.22	0.107
740.40	0.107
740.58	0.107
740.76	0.107
740.95	0.107
741.13	0.106
741.31	0.107
741.49	0.106
741.67	0.106
741.85	0.106
742.03	0.106
742.21	0.106
742.40	0.106
742.58	0.106
742.76	0.106
742.94	0.106
743.12	0.107
743.30	0.107
743.48	0.106
743.66	0.106
743.85	0.106
744.03	0.106
744.21	0.106
744.39	0.106
744.57	0.106
744.75	0.106
744.93	0.106
745.11	0.106
745.29	0.106
745.47	0.106
745.66	0.106
745.84	0.106
746.02	0.106
746.20	0.106
746.38	0.106
746.56	0.106
746.74	0.106
746.92	0.106
747.10	0.105
747.28	0.105
747.46	0.105
747.64	0.105
747.83	0.105
748.01	0.105
748.19	0.105
748.37	0.105
748.55	0.105
748.73	0.105
748.91	0.105
749.09	0.105
749.27	0.105
749.45	0.105
749.63	0.105
749.81	0.104
749.99	0.104
750.17	0.104
750.35	0.104
750.53	0.104
750.72	0.104
750.90	0.104
751.08	0.103
751.26	0.103
751.44	0.103
751.62	0.103
751.80	0.103
751.98	0.103
752.16	0.103
752.34	0.103
752.52	0.103
752.70	0.103
752.88	0.103
753.06	0.102
753.24	0.103
753.42	0.102
753.60	0.102
753.78	0.102
753.96	0.103
754.14	0.103
754.32	0.103
754.50	0.103
754.68	0.103
754.86	0.103
755.04	0.103
755.22	0.103
755.40	0.103
755.58	0.103
755.76	0.103
755.94	0.103
756.12	0.103
756.30	0.102
756.48	0.102
756.66	0.102
756.84	0.103
757.02	0.102
757.20	0.102
757.38	0.103
757.56	0.103
757.74	0.102
757.92	0.102
758.10	0.102
758.28	0.102
758.46	0.102
758.64	0.102
758.82	0.102
759.00	0.102
759.18	0.102
759.36	0.102
759.54	0.102
759.72	0.102
759.90	0.102
760.08	0.102
760.26	0.102
760.44	0.102
760.62	0.102
760.80	0.102
760.98	0.102
761.16	0.102
761.33	0.102
761.51	0.102
761.69	0.102
761.87	0.102
762.05	0.102
762.23	0.101
762.41	0.101
762.59	0.101
762.77	0.101
762.95	0.101
763.13	0.101
763.31	0.101
763.49	0.101
763.67	0.101
763.85	0.101
764.03	0.100
764.21	0.101
764.38	0.101
764.56	0.101
764.74	0.100
764.92	0.100
765.10	0.100
765.28	0.100
765.46	0.100
765.64	0.100
765.82	0.099
766.00	0.099
766.18	0.099
766.35	0.099
766.53	0.099
766.71	0.099
766.89	0.099
767.07	0.099
767.25	0.099
767.43	0.099
767.61	0.098
767.79	0.098
767.97	0.098
768.14	0.098
768.32	0.098
768.50	0.098
768.68	0.098
768.86	0.097
769.04	0.097
769.22	0.097
769.40	0.097
769.58	0.097
769.75	0.097
769.93	0.097
770.11	0.097
770.29	0.097
770.47	0.097
770.65	0.097
770.83	0.097
771.00	0.097
771.18	0.097
771.36	0.097
771.54	0.097
771.72	0.097
771.90	0.097
772.08	0.097
772.25	0.097
772.43	0.097
772.61	0.097
772.79	0.097
772.97	0.097
773.15	0.097
773.33	0.097
773.50	0.097
773.68	0.097
773.86	0.097
774.04	0.097
774.22	0.097
774.40	0.097
774.57	0.097
774.75	0.098
774.93	0.098
775.11	0.098
775.29	0.097
775.46	0.097
775.64	0.097
775.82	0.097
776.00	0.097
776.18	0.097
776.36	0.097
776.53	0.097
776.71	0.097
776.89	0.097
777.07	0.097
777.25	0.097
777.42	0.097
777.60	0.097
777.78	0.097
777.96	0.097
778.14	0.097
778.31	0.097
778.49	0.097
778.67	0.096
778.85	0.096
779.03	0.096
779.20	0.096
779.38	0.096
779.56	0.096
779.74	0.096
779.91	0.096
780.09	0.096
780.27	0.096
780.45	0.096
780.63	0.096
780.80	0.096
780.98	0.095
781.16	0.095
781.34	0.095
781.51	0.095
781.69	0.095
781.87	0.094
782.05	0.094
782.22	0.095
782.40	0.094
782.58	0.095
782.76	0.094
782.93	0.094
783.11	0.094
783.29	0.094
783.47	0.094
783.64	0.094
783.82	0.094
784.00	0.094
784.18	0.094
784.35	0.094
784.53	0.093
784.71	0.094
784.89	0.094
785.06	0.093
785.24	0.094
785.42	0.093
785.60	0.093
785.77	0.093
785.95	0.093
786.13	0.093
786.30	0.093
786.48	0.094
786.66	0.093
786.84	0.093
787.01	0.093
787.19	0.093
787.37	0.093
787.54	0.093
787.72	0.093
787.90	0.093
788.07	0.093
788.25	0.093
788.43	0.093
788.61	0.093
788.78	0.093
788.96	0.093
789.14	0.093
789.31	0.093
789.49	0.093
789.67	0.093
789.84	0.093
790.02	0.092
790.20	0.092
790.37	0.092
790.55	0.092
790.73	0.092
790.90	0.092
791.08	0.092
791.26	0.092
791.43	0.092
791.61	0.092
791.79	0.092
791.96	0.092
792.14	0.091
792.32	0.092
792.49	0.091
792.67	0.091
792.85	0.091
793.02	0.092
793.20	0.091
793.38	0.092
793.55	0.092
793.73	0.092
793.91	0.092
794.08	0.092
794.26	0.092
794.44	0.092
794.61	0.092
794.79	0.092
794.97	0.092
795.14	0.092
795.32	0.092
795.49	0.091
795.67	0.091
795.85	0.092
796.02	0.092
796.20	0.092
796.38	0.092
796.55	0.091
796.73	0.091
796.90	0.091
797.08	0.091
797.26	0.091
797.43	0.092
797.61	0.091
797.78	0.090
797.96	0.090
798.14	0.090
798.31	0.090
798.49	0.090
798.66	0.090
798.84	0.090
799.02	0.091
799.19	0.091
799.37	0.091
799.54	0.091
799.72	0.091
799.90	0.091
800.07	0.091
800.25	0.091
800.42	0.091
800.60	0.091
800.78	0.090
800.95	0.090
801.13	0.090
801.30	0.090
801.48	0.090
801.65	0.091
801.83	0.091
802.01	0.091
802.18	0.091
802.36	0.091
802.53	0.090
802.71	0.090
802.88	0.090
803.06	0.090
803.23	0.090
803.41	0.090
803.59	0.090
803.76	0.089
803.94	0.089
804.11	0.090
804.29	0.090
804.46	0.089
804.64	0.089
804.81	0.090
804.99	0.090
805.16	0.090
805.34	0.090
805.52	0.089
805.69	0.089
805.87	0.088
806.04	0.088
806.22	0.089
806.39	0.089
806.57	0.089
806.74	0.088
806.92	0.088
807.09	0.088
807.27	0.087
807.44	0.088
807.62	0.088
807.79	0.087
807.97	0.087
808.14	0.087
808.32	0.087
808.49	0.087
808.67	0.086
808.84	0.086
809.02	0.086
809.19	0.085
809.37	0.086
809.54	0.085
809.72	0.085
809.89	0.086
810.07	0.085
810.24	0.085
810.42	0.085
810.59	0.085
810.77	0.085
810.94	0.085
811.12	0.085
811.29	0.085
811.47	0.084
811.64	0.084
811.82	0.084
811.99	0.084
812.16	0.085
812.34	0.085
812.51	0.085
812.69	0.085
812.86	0.085
813.04	0.086
813.21	0.086
813.39	0.085
813.56	0.085
813.74	0.085
813.91	0.085
814.08	0.086
814.26	0.085
814.43	0.086
814.61	0.086
814.78	0.086
814.96	0.086
815.13	0.087
815.31	0.087
815.48	0.086
815.65	0.086
815.83	0.086
816.00	0.086
816.18	0.086
816.35	0.086
816.53	0.086
816.70	0.085
816.87	0.085
817.05	0.086
817.22	0.086
817.40	0.087
817.57	0.086
817.74	0.087
817.92	0.086
818.09	0.086
818.27	0.086
818.44	0.085
818.62	0.085
818.79	0.085
818.96	0.085
819.14	0.086
819.31	0.086
819.49	0.087
819.66	0.087
819.83	0.086
820.01	0.086
820.18	0.086
820.35	0.086
820.53	0.086
820.70	0.086
820.88	0.086
821.05	0.085
821.22	0.086
821.40	0.085
821.57	0.086
821.74	0.086
821.92	0.086
822.09	0.086
822.27	0.086
822.44	0.086
822.61	0.086
822.79	0.086
822.96	0.086
823.13	0.085
823.31	0.085
823.48	0.085
823.65	0.085
823.83	0.086
824.00	0.086
824.17	0.085
824.35	0.085
824.52	0.085
824.69	0.085
824.87	0.084
825.04	0.084
825.22	0.084
825.39	0.084
825.56	0.084
825.74	0.084
825.91	0.084
826.08	0.085
826.25	0.085
826.43	0.085
826.60	0.085
826.77	0.085
826.95	0.085
827.12	0.085
827.29	0.084
827.47	0.084
827.64	0.084
827.81	0.085
827.99	0.085
828.16	0.085
828.33	0.085
828.51	0.085
828.68	0.085
828.85	0.084
829.02	0.084
829.20	0.084
829.37	0.084
829.54	0.084
829.72	0.084
829.89	0.083
830.06	0.083
830.23	0.083
830.41	0.083
830.58	0.083
830.75	0.083
830.93	0.084
831.10	0.084
831.27	0.083
831.44	0.084
831.62	0.084
831.79	0.083
831.96	0.084
832.13	0.083
832.31	0.083
832.48	0.083
832.65	0.083
832.83	0.083
833.00	0.082
833.17	0.082
833.34	0.082
833.52	0.082
833.69	0.081
833.86	0.081
834.03	0.080
834.21	0.081
834.38	0.080
834.55	0.080
834.72	0.080
834.89	0.081
835.07	0.080
835.24	0.080
835.41	0.081
835.58	0.081
835.76	0.081
835.93	0.081
836.10	0.080
836.27	0.080
836.45	0.081
836.62	0.082
836.79	0.081
836.96	0.081
837.13	0.081
837.31	0.081
837.48	0.081
837.65	0.082
837.82	0.082
837.99	0.082
838.17	0.081
838.34	0.081
838.51	0.081
838.68	0.081
838.85	0.082
839.03	0.082
839.20	0.081
839.37	0.081
839.54	0.080
839.71	0.081
839.89	0.081
840.06	0.081
840.23	0.081
840.40	0.081
840.57	0.081
840.74	0.082
840.92	0.082
841.09	0.082
841.26	0.082
841.43	0.082
841.60	0.082
841.78	0.083
841.95	0.083
842.12	0.083
842.29	0.083
842.46	0.082
842.63	0.082
842.80	0.083
842.98	0.083
843.15	0.083
843.32	0.082
843.49	0.082
843.66	0.083
843.83	0.084
844.00	0.084
844.18	0.084
844.35	0.084
844.52	0.084
844.69	0.084
844.86	0.084
845.03	0.084
845.20	0.084
845.38	0.083
845.55	0.083
845.72	0.082
845.89	0.082
846.06	0.082
846.23	0.082
846.40	0.082
846.57	0.082
846.75	0.083
846.92	0.083
847.09	0.082
847.26	0.080
847.43	0.080
847.60	0.080
847.77	0.079
847.94	0.080
848.11	0.079
848.28	0.079
848.46	0.079
848.63	0.078
848.80	0.078
848.97	0.078
849.14	0.078
849.31	0.078
849.48	0.077
849.65	0.077
849.82	0.077
849.99	0.077
850.16	0.076
850.33	0.076
850.51	0.076
850.68	0.076
850.85	0.076
851.02	0.077
851.19	0.078
851.36	0.078
851.53	0.077
851.70	0.076
851.87	0.076
852.04	0.076
852.21	0.076
852.38	0.076
852.55	0.076
852.72	0.076
852.89	0.076
853.06	0.077
853.24	0.077
853.41	0.076
853.58	0.076
853.75	0.077
853.92	0.077
854.09	0.077
854.26	0.078
854.43	0.078
854.60	0.077
854.77	0.076
854.94	0.076
855.11	0.077
855.28	0.077
855.45	0.078
855.62	0.078
855.79	0.078
855.96	0.078
856.13	0.078
856.30	0.078
856.47	0.078
856.64	0.078
856.81	0.078
856.98	0.078
857.15	0.078
857.32	0.078
857.49	0.078
857.66	0.077
857.83	0.077
858.00	0.077
858.17	0.077
858.34	0.077
858.51	0.078
858.68	0.077
858.85	0.077
859.02	0.076
859.19	0.076
859.36	0.076
859.53	0.077
859.70	0.077
859.87	0.077
860.04	0.077
860.21	0.077
860.38	0.076
860.55	0.077
860.72	0.076
860.89	0.076
861.06	0.076
861.23	0.076
861.40	0.076
861.56	0.076
861.73	0.076
861.90	0.077
862.07	0.076
862.24	0.077
862.41	0.078
862.58	0.078
862.75	0.078
862.92	0.078
863.09	0.078
863.26	0.078
863.43	0.078
863.60	0.078
863.77	0.079
863.94	0.079
864.11	0.078
864.28	0.079
864.44	0.079
864.61	0.079
864.78	0.078
864.95	0.078
865.12	0.078
865.29	0.079
865.46	0.078
865.63	0.078
865.80	0.076
865.97	0.075
866.14	0.075
866.31	0.074
866.47	0.074
866.64	0.074
866.81	0.074
866.98	0.074
867.15	0.074
867.32	0.074
867.49	0.074
867.66	0.075
867.83	0.074
867.99	0.074
868.16	0.074
868.33	0.073
868.50	0.075
868.67	0.076
868.84	0.075
869.01	0.076
869.18	0.075
869.35	0.076
869.51	0.076
869.68	0.076
869.85	0.076
870.02	0.076
870.19	0.076
870.36	0.076
870.53	0.076
870.69	0.077
870.86	0.077
871.03	0.076
871.20	0.075
871.37	0.075
871.54	0.076
871.71	0.076
871.87	0.076
872.04	0.075
872.21	0.074
872.38	0.074
872.55	0.073
872.72	0.073
872.88	0.072
873.05	0.073
873.22	0.073
873.39	0.073
873.56	0.072
873.73	0.072
873.89	0.072
874.06	0.071
874.23	0.071
874.40	0.071
874.57	0.073
874.73	0.073
874.90	0.074
875.07	0.074
875.24	0.074
875.41	0.073
875.57	0.073
875.74	0.075
875.91	0.075
876.08	0.076
876.25	0.077
876.41	0.077
876.58	0.078
876.75	0.077
876.92	0.078
877.09	0.078
877.25	0.076
877.42	0.076
877.59	0.078
877.76	0.077
877.93	0.077
878.09	0.077
878.26	0.077
878.43	0.077
878.60	0.076
878.76	0.077
878.93	0.078
879.10	0.078
879.27	0.078
879.43	0.078
879.60	0.078
879.77	0.078
879.94	0.078
880.10	0.078
880.27	0.079
880.44	0.078
880.61	0.078
880.77	0.080
880.94	0.081
881.11	0.081
881.28	0.082
881.44	0.081
881.61	0.080
881.78	0.079
881.95	0.079
882.11	0.080
882.28	0.079
882.45	0.079
882.62	0.080
882.78	0.079
882.95	0.078
883.12	0.077
883.28	0.077
883.45	0.077
883.62	0.078
883.79	0.077
883.95	0.078
884.12	0.079
884.29	0.078
884.45	0.077
884.62	0.077
884.79	0.075
884.96	0.076
885.12	0.077
885.29	0.088
885.46	0.073
885.62	0.095
885.79	0.078
885.96	0.075
886.12	0.071
886.29	0.072
886.46	0.060
886.62	0.080
886.79	0.091
