178.99	0.168
179.20	0.168
179.42	0.168
179.63	-0.377
179.84	-0.000
180.06	1.672
180.27	-0.000
180.49	0.320
180.70	1.028
180.92	-0.767
181.13	-0.000
181.35	-0.000
181.56	-0.000
181.77	-1.003
181.99	-0.571
182.20	-0.260
182.42	-0.121
182.63	-0.030
182.85	0.177
183.06	0.135
183.28	0.066
183.49	0.083
183.70	0.136
183.92	0.152
184.13	0.097
184.35	0.121
184.56	0.131
184.78	0.139
184.99	0.236
185.21	0.282
185.42	0.214
185.63	0.238
185.85	0.218
186.06	0.295
186.28	0.335
186.49	0.227
186.71	0.337
186.92	0.346
187.13	0.315
187.35	0.204
187.56	0.234
187.78	0.245
187.99	0.223
188.21	0.256
188.42	0.340
188.63	0.386
188.85	0.296
189.06	0.361
189.28	0.390
189.49	0.329
189.71	0.238
189.92	0.333
190.13	0.522
190.35	0.796
190.56	0.684
190.78	0.765
190.99	0.957
191.20	0.587
191.42	0.505
191.63	0.529
191.85	0.507
192.06	0.401
192.28	0.386
192.49	0.558
192.70	0.567
192.92	0.428
193.13	0.384
193.35	0.449
193.56	0.302
193.77	0.322
193.99	0.353
194.20	0.359
194.42	0.337
194.63	0.192
194.84	0.164
195.06	0.186
195.27	0.217
195.49	0.265
195.70	0.265
195.91	0.342
196.13	0.316
196.34	0.313
196.56	0.313
196.77	0.275
196.98	0.219
197.20	0.267
197.41	0.277
197.63	0.371
197.84	0.426
198.05	0.448
198.27	0.397
198.48	0.373
198.70	0.356
198.91	0.360
199.12	0.445
199.34	0.389
199.55	0.383
199.76	0.333
199.98	0.281
200.19	0.380
200.41	0.359
200.62	0.347
200.83	0.340
201.05	0.388
201.26	0.383
201.48	0.363
201.69	0.332
201.90	0.341
202.12	0.187
202.33	0.106
202.54	0.091
202.76	0.085
202.97	0.107
203.19	0.178
203.40	0.215
203.61	0.187
203.83	0.223
204.04	0.177
204.25	0.229
204.47	0.187
204.68	0.151
204.89	0.137
205.11	0.198
205.32	0.231
205.54	0.193
205.75	0.233
205.96	0.244
206.18	0.261
206.39	0.268
206.60	0.373
206.82	0.445
207.03	0.592
207.24	0.568
207.46	0.633
207.67	0.647
207.89	0.473
208.10	0.462
208.31	0.483
208.53	0.454
208.74	0.401
208.95	0.449
209.17	0.433
209.38	0.453
209.59	0.360
209.81	0.340
210.02	0.365
210.23	0.323
210.45	0.341
210.66	0.369
210.87	0.377
211.09	0.404
211.30	0.377
211.51	0.329
211.73	0.426
211.94	0.324
212.15	0.270
212.37	0.354
212.58	0.338
212.79	0.297
213.01	0.337
213.22	0.286
213.43	0.253
213.65	0.214
213.86	0.183
214.07	0.173
214.29	0.157
214.50	0.194
214.71	0.233
214.93	0.266
215.14	0.244
215.35	0.227
215.57	0.238
215.78	0.296
215.99	0.326
216.21	0.224
216.42	0.260
216.63	0.227
216.85	0.224
217.06	0.262
217.27	0.250
217.49	0.385
217.70	0.854
217.91	0.734
218.13	1.169
218.34	1.312
218.55	-0.000
218.77	-0.000
218.98	-0.000
219.19	-0.000
219.40	1.841
219.62	1.572
219.83	0.904
220.04	0.488
220.26	0.460
220.47	0.390
220.68	0.402
220.90	0.402
221.11	0.375
221.32	0.382
221.54	0.354
221.75	0.531
221.96	0.343
222.17	0.298
222.39	0.338
222.60	0.267
222.81	0.305
223.03	0.347
223.24	0.265
223.45	0.190
223.67	0.241
223.88	0.291
224.09	0.309
224.30	0.332
224.52	0.512
224.73	0.466
224.94	0.482
225.16	0.429
225.37	0.456
225.58	0.550
225.79	0.514
226.01	0.522
226.22	0.436
226.43	0.445
226.65	0.339
226.86	0.312
227.07	0.340
227.28	0.264
227.50	0.267
227.71	0.292
227.92	0.288
228.14	0.217
228.35	0.216
228.56	0.197
228.77	0.190
228.99	0.153
229.20	0.149
229.41	0.143
229.62	0.154
229.84	0.132
230.05	0.129
230.26	0.130
230.48	0.140
230.69	0.132
230.90	0.098
231.11	0.147
231.33	0.156
231.54	0.172
231.75	0.219
231.96	0.220
232.18	0.231
232.39	0.265
232.60	0.401
232.81	0.358
233.03	0.329
233.24	0.368
233.45	0.295
233.66	0.328
233.88	0.415
234.09	0.453
234.30	0.481
234.51	0.602
234.73	0.600
234.94	0.622
235.15	0.839
235.36	0.935
235.58	0.691
235.79	0.694
236.00	0.779
236.21	0.661
236.43	0.635
236.64	0.539
236.85	0.638
237.06	0.413
237.28	0.622
237.49	0.807
237.70	1.048
237.91	1.504
238.13	-0.000
238.34	-0.000
238.55	-0.000
238.76	-0.000
238.98	0.800
239.19	0.699
239.40	0.545
239.61	0.598
239.83	0.606
240.04	0.672
240.25	0.718
240.46	0.593
240.67	0.683
240.89	0.653
241.10	0.646
241.31	0.490
241.52	0.602
241.74	0.518
241.95	0.457
242.16	0.406
242.37	0.378
242.58	0.381
242.80	0.390
243.01	0.382
243.22	0.371
243.43	0.472
243.65	0.452
243.86	0.393
244.07	0.360
244.28	0.370
244.49	0.396
244.71	0.418
244.92	0.365
245.13	0.313
245.34	0.339
245.55	0.359
245.77	0.407
245.98	0.363
246.19	0.281
246.40	0.370
246.62	0.302
246.83	0.355
247.04	0.298
247.25	0.289
247.46	0.304
247.68	0.319
247.89	0.286
248.10	0.296
248.31	0.312
248.52	0.248
248.74	0.209
248.95	0.209
249.16	0.180
249.37	0.223
249.58	0.318
249.79	0.265
250.01	0.275
250.22	0.203
250.43	0.207
250.64	0.240
250.85	0.220
251.07	0.281
251.28	0.217
251.49	0.221
251.70	0.214
251.91	0.306
252.13	0.295
252.34	0.283
252.55	0.328
252.76	0.399
252.97	0.594
253.18	0.646
253.40	0.648
253.61	0.755
253.82	0.632
254.03	0.578
254.24	0.762
254.46	0.510
254.67	0.664
254.88	0.573
255.09	0.648
255.30	0.490
255.51	0.530
255.73	0.527
255.94	0.651
256.15	0.485
256.36	0.439
256.57	0.432
256.78	0.499
257.00	0.446
257.21	0.418
257.42	0.277
257.63	0.251
257.84	0.277
258.05	0.247
258.26	0.223
258.48	0.177
258.69	0.224
258.90	0.319
259.11	0.299
259.32	0.288
259.53	0.262
259.75	0.241
259.96	0.191
260.17	0.215
260.38	0.135
260.59	0.157
260.80	0.121
261.01	0.146
261.23	0.097
261.44	0.122
261.65	0.160
261.86	0.230
262.07	0.235
262.28	0.175
262.49	0.146
262.71	0.185
262.92	0.199
263.13	0.189
263.34	0.111
263.55	0.127
263.76	0.109
263.97	0.155
264.19	0.211
264.40	0.209
264.61	0.111
264.82	0.169
265.03	0.149
265.24	0.169
265.45	0.190
265.66	0.248
265.88	0.182
266.09	0.135
266.30	0.098
266.51	0.099
266.72	0.025
266.93	0.099
267.14	0.136
267.35	0.136
267.57	0.179
267.78	0.301
267.99	0.220
268.20	0.197
268.41	0.176
268.62	0.234
268.83	0.203
269.04	0.261
269.25	0.275
269.47	0.323
269.68	0.371
269.89	0.379
270.10	0.358
270.31	0.346
270.52	0.343
270.73	0.370
270.94	0.410
271.15	0.468
271.37	0.428
271.58	0.366
271.79	0.381
272.00	0.323
272.21	0.236
272.42	0.229
272.63	0.280
272.84	0.269
273.05	0.251
273.26	0.256
273.48	0.277
273.69	0.251
273.90	0.284
274.11	0.206
274.32	0.204
274.53	0.212
274.74	0.249
274.95	0.247
275.16	0.193
275.37	0.196
275.58	0.181
275.80	0.188
276.01	0.235
276.22	0.280
276.43	0.263
276.64	0.238
276.85	0.235
277.06	0.200
277.27	0.267
277.48	0.316
277.69	0.398
277.90	0.405
278.11	0.503
278.32	0.442
278.54	0.513
278.75	0.532
278.96	0.510
279.17	0.484
279.38	0.519
279.59	0.706
279.80	0.801
280.01	1.132
280.22	-0.000
280.43	1.571
280.64	1.011
280.85	2.273
281.06	-0.000
281.27	-0.000
281.48	-0.000
281.70	-0.000
281.91	1.071
282.12	0.806
282.33	0.761
282.54	0.668
282.75	0.855
282.96	0.632
283.17	0.565
283.38	0.528
283.59	0.515
283.80	0.523
284.01	0.477
284.22	0.444
284.43	0.323
284.64	0.332
284.85	0.288
285.06	0.299
285.27	0.301
285.48	0.370
285.70	0.392
285.91	0.403
286.12	0.419
286.33	0.534
286.54	0.592
286.75	0.553
286.96	0.509
287.17	0.431
287.38	0.517
287.59	0.657
287.80	0.704
288.01	0.943
288.22	0.952
288.43	0.660
288.64	0.612
288.85	0.733
289.06	0.621
289.27	0.692
289.48	0.805
289.69	0.723
289.90	0.571
290.11	0.523
290.32	0.483
290.53	0.534
290.74	0.493
290.95	0.442
291.16	0.553
291.37	0.593
291.58	0.670
291.79	0.776
292.00	0.756
292.21	0.617
292.42	0.498
292.63	0.396
292.84	0.498
293.05	0.575
293.26	0.669
293.47	0.672
293.68	0.667
293.89	0.534
294.10	0.468
294.31	0.403
294.52	0.407
294.73	0.432
294.95	0.387
295.16	0.402
295.37	0.358
295.58	0.304
295.79	0.302
295.99	0.271
296.20	0.262
296.41	0.224
296.62	0.247
296.83	0.260
297.04	0.259
297.25	0.266
297.46	0.258
297.67	0.221
297.88	0.218
298.09	0.242
298.30	0.249
298.51	0.261
298.72	0.245
298.93	0.291
299.14	0.267
299.35	0.282
299.56	0.302
299.77	0.401
299.98	0.406
300.19	0.418
300.40	0.386
300.61	0.424
300.82	0.508
301.03	0.487
301.24	0.440
301.45	0.492
301.66	0.590
301.87	0.626
302.08	0.621
302.29	0.641
302.50	0.657
302.71	0.673
302.92	0.798
303.13	0.986
303.34	0.899
303.55	0.838
303.76	0.795
303.97	0.750
304.18	0.651
304.39	0.630
304.60	0.531
304.81	0.571
305.02	0.568
305.22	0.553
305.43	0.704
305.64	0.857
305.85	0.942
306.06	0.659
306.27	0.620
306.48	0.598
306.69	0.584
306.90	0.484
307.11	0.521
307.32	0.520
307.53	0.530
307.74	0.421
307.95	0.458
308.16	0.385
308.37	0.400
308.58	0.381
308.79	0.342
309.00	0.391
309.21	0.396
309.41	0.344
309.62	0.320
309.83	0.231
310.04	0.227
310.25	0.232
310.46	0.247
310.67	0.198
310.88	0.172
311.09	0.133
311.30	0.225
311.51	0.227
311.72	0.191
311.93	0.187
312.14	0.241
312.34	0.236
312.55	0.231
312.76	0.154
312.97	0.151
313.18	0.199
313.39	0.169
313.60	0.193
313.81	0.190
314.02	0.189
314.23	0.258
314.44	0.246
314.65	0.202
314.86	0.197
315.06	0.190
315.27	0.217
315.48	0.222
315.69	0.153
315.90	0.150
316.11	0.127
316.32	0.132
316.53	0.150
316.74	0.156
316.95	0.221
317.16	0.270
317.36	0.299
317.57	0.346
317.78	0.378
317.99	0.364
318.20	0.408
318.41	0.436
318.62	0.398
318.83	0.341
319.04	0.347
319.24	0.419
319.45	0.521
319.66	0.424
319.87	0.447
320.08	0.546
320.29	0.606
320.50	0.779
320.71	0.765
320.92	0.722
321.12	0.821
321.33	0.708
321.54	0.663
321.75	0.586
321.96	0.567
322.17	0.611
322.38	0.587
322.59	0.560
322.80	0.539
323.00	0.462
323.21	0.508
323.42	0.559
323.63	0.517
323.84	0.438
324.05	0.470
324.26	0.508
324.47	0.462
324.67	0.429
324.88	0.398
325.09	0.367
325.30	0.458
325.51	0.443
325.72	0.414
325.93	0.442
326.13	0.549
326.34	0.507
326.55	0.567
326.76	0.591
326.97	0.646
327.18	0.564
327.39	0.607
327.59	0.579
327.80	0.571
328.01	0.518
328.22	0.561
328.43	0.584
328.64	0.540
328.85	0.571
329.05	0.523
329.26	0.557
329.47	0.608
329.68	0.512
329.89	0.499
330.10	0.532
330.30	0.485
330.51	0.422
330.72	0.443
330.93	0.405
331.14	0.423
331.35	0.402
331.56	0.416
331.76	0.430
331.97	0.433
332.18	0.438
332.39	0.451
332.60	0.487
332.81	0.505
333.01	0.504
333.22	0.479
333.43	0.512
333.64	0.498
333.85	0.500
334.05	0.484
334.26	0.489
334.47	0.446
334.68	0.447
334.89	0.464
335.10	0.439
335.30	0.450
335.51	0.420
335.72	0.436
335.93	0.452
336.14	0.443
336.35	0.450
336.55	0.433
336.76	0.450
336.97	0.420
337.18	0.409
337.39	0.407
337.59	0.397
337.80	0.386
338.01	0.375
338.22	0.371
338.43	0.375
338.63	0.379
338.84	0.392
339.05	0.393
339.26	0.398
339.47	0.403
339.67	0.399
339.88	0.405
340.09	0.387
340.30	0.372
340.51	0.385
340.71	0.386
340.92	0.397
341.13	0.404
341.34	0.426
341.55	0.428
341.75	0.436
341.96	0.443
342.17	0.430
342.38	0.429
342.58	0.418
342.79	0.419
343.00	0.420
343.21	0.425
343.42	0.432
343.62	0.434
343.83	0.438
344.04	0.441
344.25	0.447
344.46	0.464
344.66	0.476
344.87	0.456
345.08	0.460
345.29	0.456
345.49	0.439
345.70	0.431
345.91	0.422
346.12	0.425
346.32	0.434
346.53	0.446
346.74	0.448
346.95	0.458
347.16	0.461
347.36	0.466
347.57	0.465
347.78	0.457
347.99	0.450
348.19	0.451
348.40	0.450
348.61	0.450
348.82	0.443
349.02	0.447
349.23	0.448
349.44	0.445
349.65	0.453
349.85	0.458
350.06	0.459
350.27	0.470
350.48	0.465
350.68	0.462
350.89	0.467
351.10	0.473
351.31	0.479
351.51	0.469
351.72	0.457
351.93	0.455
352.14	0.461
352.34	0.468
352.55	0.464
352.76	0.470
352.96	0.471
353.17	0.476
353.38	0.472
353.59	0.481
353.79	0.484
354.00	0.478
354.21	0.478
354.42	0.476
354.62	0.469
354.83	0.475
355.04	0.472
355.24	0.471
355.45	0.476
355.66	0.474
355.87	0.483
356.07	0.487
356.28	0.491
356.49	0.491
356.70	0.489
356.90	0.487
357.11	0.483
357.32	0.485
357.52	0.481
357.73	0.480
357.94	0.478
358.15	0.479
358.35	0.484
358.56	0.480
358.77	0.480
358.97	0.480
359.18	0.479
359.39	0.486
359.59	0.483
359.80	0.480
360.01	0.478
360.22	0.474
360.42	0.474
360.63	0.477
360.84	0.478
361.04	0.476
361.25	0.481
361.46	0.481
361.66	0.481
361.87	0.488
362.08	0.495
362.29	0.500
362.49	0.497
362.70	0.492
362.91	0.495
363.11	0.494
363.32	0.498
363.53	0.497
363.73	0.492
363.94	0.496
364.15	0.493
364.35	0.493
364.56	0.493
364.77	0.495
364.97	0.492
365.18	0.490
365.39	0.494
365.59	0.495
365.80	0.495
366.01	0.492
366.21	0.492
366.42	0.489
366.63	0.484
366.83	0.482
367.04	0.487
367.25	0.491
367.45	0.489
367.66	0.485
367.87	0.482
368.07	0.488
368.28	0.488
368.49	0.489
368.69	0.488
368.90	0.491
369.11	0.492
369.31	0.490
369.52	0.489
369.73	0.490
369.93	0.493
370.14	0.494
370.35	0.493
370.55	0.491
370.76	0.487
370.97	0.489
371.17	0.492
371.38	0.492
371.58	0.489
371.79	0.492
372.00	0.497
372.20	0.503
372.41	0.502
372.62	0.503
372.82	0.507
373.03	0.509
373.24	0.510
373.44	0.508
373.65	0.508
373.85	0.507
374.06	0.506
374.27	0.502
374.47	0.501
374.68	0.504
374.89	0.505
375.09	0.508
375.30	0.506
375.51	0.507
375.71	0.508
375.92	0.510
376.12	0.511
376.33	0.510
376.54	0.505
376.74	0.502
376.95	0.503
377.15	0.503
377.36	0.501
377.57	0.501
377.77	0.504
377.98	0.504
378.19	0.505
378.39	0.505
378.60	0.505
378.80	0.506
379.01	0.504
379.22	0.503
379.42	0.502
379.63	0.506
379.83	0.506
380.04	0.507
380.25	0.507
380.45	0.506
380.66	0.504
380.86	0.506
381.07	0.507
381.28	0.504
381.48	0.501
381.69	0.503
381.89	0.502
382.10	0.501
382.31	0.500
382.51	0.501
382.72	0.503
382.92	0.503
383.13	0.503
383.33	0.504
383.54	0.506
383.75	0.508
383.95	0.506
384.16	0.505
384.36	0.504
384.57	0.504
384.78	0.505
384.98	0.505
385.19	0.505
385.39	0.506
385.60	0.507
385.80	0.509
386.01	0.507
386.22	0.508
386.42	0.508
386.63	0.510
386.83	0.510
387.04	0.509
387.24	0.511
387.45	0.510
387.65	0.510
387.86	0.509
388.07	0.511
388.27	0.510
388.48	0.510
388.68	0.510
388.89	0.509
389.09	0.507
389.30	0.507
389.50	0.506
389.71	0.506
389.92	0.506
390.12	0.506
390.33	0.507
390.53	0.507
390.74	0.508
390.94	0.509
391.15	0.510
391.35	0.510
391.56	0.509
391.77	0.512
391.97	0.511
392.18	0.511
392.38	0.510
392.59	0.511
392.79	0.511
393.00	0.511
393.20	0.513
393.41	0.514
393.61	0.516
393.82	0.516
394.02	0.517
394.23	0.516
394.43	0.517
394.64	0.518
394.84	0.518
395.05	0.518
395.26	0.517
395.46	0.515
395.67	0.515
395.87	0.514
396.08	0.513
396.28	0.515
396.49	0.515
396.69	0.515
396.90	0.515
397.10	0.515
397.31	0.516
397.51	0.516
397.72	0.516
397.92	0.516
398.13	0.517
398.33	0.517
398.54	0.517
398.74	0.518
398.95	0.517
399.15	0.516
399.36	0.516
399.56	0.516
399.77	0.517
399.97	0.518
400.18	0.519
400.38	0.519
400.59	0.519
400.79	0.519
401.00	0.519
401.20	0.519
401.41	0.519
401.61	0.518
401.82	0.518
402.02	0.519
402.23	0.519
402.43	0.520
402.64	0.519
402.84	0.520
403.05	0.520
403.25	0.520
403.46	0.521
403.66	0.522
403.87	0.522
404.07	0.523
404.27	0.521
404.48	0.523
404.68	0.523
404.89	0.523
405.09	0.523
405.30	0.523
405.50	0.523
405.71	0.523
405.91	0.524
406.12	0.523
406.32	0.522
406.53	0.523
406.73	0.523
406.94	0.525
407.14	0.523
407.34	0.524
407.55	0.524
407.75	0.525
407.96	0.525
408.16	0.525
408.37	0.525
408.57	0.525
408.78	0.525
408.98	0.524
409.19	0.525
409.39	0.526
409.59	0.525
409.80	0.526
410.00	0.527
410.21	0.528
410.41	0.528
410.62	0.527
410.82	0.528
411.03	0.528
411.23	0.528
411.43	0.529
411.64	0.528
411.84	0.527
412.05	0.527
412.25	0.527
412.46	0.527
412.66	0.528
412.86	0.528
413.07	0.528
413.27	0.528
413.48	0.528
413.68	0.528
413.89	0.529
414.09	0.528
414.29	0.528
414.50	0.528
414.70	0.529
414.91	0.529
415.11	0.529
415.32	0.529
415.52	0.529
415.72	0.530
415.93	0.529
416.13	0.530
416.34	0.530
416.54	0.530
416.74	0.530
416.95	0.531
417.15	0.532
417.36	0.532
417.56	0.532
417.76	0.531
417.97	0.532
418.17	0.532
418.38	0.532
418.58	0.532
418.78	0.532
418.99	0.533
419.19	0.534
419.40	0.533
419.60	0.534
419.80	0.534
420.01	0.532
420.21	0.534
420.42	0.533
420.62	0.534
420.82	0.534
421.03	0.534
421.23	0.534
421.44	0.534
421.64	0.534
421.84	0.534
422.05	0.535
422.25	0.534
422.45	0.535
422.66	0.536
422.86	0.536
423.07	0.535
423.27	0.536
423.47	0.535
423.68	0.536
423.88	0.536
424.08	0.537
424.29	0.538
424.49	0.537
424.70	0.538
424.90	0.537
425.10	0.538
425.31	0.539
425.51	0.539
425.71	0.540
425.92	0.540
426.12	0.541
426.32	0.541
426.53	0.541
426.73	0.541
426.93	0.541
427.14	0.541
427.34	0.541
427.55	0.541
427.75	0.542
427.95	0.543
428.16	0.542
428.36	0.541
428.56	0.542
428.77	0.542
428.97	0.541
429.17	0.542
429.38	0.541
429.58	0.541
429.78	0.541
429.99	0.541
430.19	0.541
430.39	0.541
430.60	0.541
430.80	0.541
431.00	0.541
431.21	0.541
431.41	0.541
431.61	0.542
431.82	0.542
432.02	0.542
432.22	0.542
432.43	0.542
432.63	0.543
432.83	0.543
433.04	0.544
433.24	0.544
433.44	0.545
433.65	0.546
433.85	0.546
434.05	0.546
434.25	0.546
434.46	0.546
434.66	0.546
434.86	0.546
435.07	0.546
435.27	0.545
435.47	0.545
435.68	0.546
435.88	0.545
436.08	0.545
436.29	0.545
436.49	0.546
436.69	0.545
436.89	0.545
437.10	0.545
437.30	0.545
437.50	0.546
437.71	0.544
437.91	0.544
438.11	0.544
438.32	0.544
438.52	0.545
438.72	0.546
438.92	0.546
439.13	0.545
439.33	0.546
439.53	0.546
439.74	0.546
439.94	0.546
440.14	0.547
440.34	0.547
440.55	0.547
440.75	0.546
440.95	0.547
441.15	0.548
441.36	0.548
441.56	0.548
441.76	0.547
441.97	0.547
442.17	0.547
442.37	0.548
442.57	0.548
442.78	0.547
442.98	0.547
443.18	0.547
443.38	0.547
443.59	0.548
443.79	0.548
443.99	0.549
444.19	0.549
444.40	0.549
444.60	0.550
444.80	0.550
445.00	0.550
445.21	0.549
445.41	0.550
445.61	0.550
445.81	0.550
446.02	0.551
446.22	0.552
446.42	0.553
446.62	0.553
446.83	0.554
447.03	0.554
447.23	0.553
447.43	0.554
447.64	0.554
447.84	0.554
448.04	0.555
448.24	0.554
448.45	0.554
448.65	0.554
448.85	0.554
449.05	0.555
449.26	0.554
449.46	0.555
449.66	0.555
449.86	0.554
450.06	0.555
450.27	0.555
450.47	0.554
450.67	0.554
450.87	0.554
451.08	0.553
451.28	0.554
451.48	0.556
451.68	0.556
451.88	0.555
452.09	0.555
452.29	0.555
452.49	0.555
452.69	0.555
452.89	0.556
453.10	0.556
453.30	0.556
453.50	0.557
453.70	0.558
453.90	0.558
454.11	0.559
454.31	0.558
454.51	0.559
454.71	0.559
454.91	0.560
455.12	0.560
455.32	0.560
455.52	0.561
455.72	0.560
455.92	0.560
456.13	0.560
456.33	0.561
456.53	0.562
456.73	0.562
456.93	0.563
457.14	0.563
457.34	0.563
457.54	0.562
457.74	0.563
457.94	0.563
458.14	0.563
458.35	0.563
458.55	0.563
458.75	0.563
458.95	0.563
459.15	0.562
459.36	0.562
459.56	0.562
459.76	0.562
459.96	0.562
460.16	0.562
460.36	0.562
460.57	0.562
460.77	0.562
460.97	0.562
461.17	0.561
461.37	0.561
461.57	0.561
461.77	0.561
461.98	0.561
462.18	0.561
462.38	0.561
462.58	0.561
462.78	0.561
462.98	0.561
463.19	0.561
463.39	0.562
463.59	0.562
463.79	0.562
463.99	0.562
464.19	0.562
464.39	0.563
464.60	0.563
464.80	0.563
465.00	0.564
465.20	0.565
465.40	0.565
465.60	0.565
465.80	0.566
466.01	0.566
466.21	0.566
466.41	0.566
466.61	0.566
466.81	0.566
467.01	0.566
467.21	0.566
467.41	0.566
467.62	0.566
467.82	0.566
468.02	0.567
468.22	0.567
468.42	0.567
468.62	0.567
468.82	0.567
469.02	0.567
469.22	0.567
469.43	0.567
469.63	0.568
469.83	0.568
470.03	0.568
470.23	0.568
470.43	0.568
470.63	0.568
470.83	0.567
471.03	0.567
471.24	0.568
471.44	0.568
471.64	0.569
471.84	0.568
472.04	0.569
472.24	0.569
472.44	0.569
472.64	0.569
472.84	0.569
473.04	0.569
473.25	0.569
473.45	0.569
473.65	0.569
473.85	0.569
474.05	0.569
474.25	0.568
474.45	0.569
474.65	0.569
474.85	0.570
475.05	0.570
475.25	0.570
475.45	0.570
475.66	0.570
475.86	0.570
476.06	0.570
476.26	0.570
476.46	0.570
476.66	0.571
476.86	0.571
477.06	0.571
477.26	0.571
477.46	0.571
477.66	0.571
477.86	0.572
478.06	0.572
478.26	0.572
478.46	0.573
478.67	0.573
478.87	0.573
479.07	0.574
479.27	0.574
479.47	0.574
479.67	0.575
479.87	0.575
480.07	0.575
480.27	0.575
480.47	0.575
480.67	0.575
480.87	0.575
481.07	0.575
481.27	0.575
481.47	0.576
481.67	0.576
481.87	0.576
482.07	0.576
482.27	0.576
482.47	0.577
482.67	0.577
482.87	0.577
483.07	0.577
483.28	0.577
483.48	0.577
483.68	0.577
483.88	0.577
484.08	0.577
484.28	0.577
484.48	0.578
484.68	0.578
484.88	0.579
485.08	0.579
485.28	0.579
485.48	0.579
485.68	0.579
485.88	0.580
486.08	0.580
486.28	0.580
486.48	0.580
486.68	0.580
486.88	0.580
487.08	0.580
487.28	0.581
487.48	0.581
487.68	0.580
487.88	0.581
488.08	0.581
488.28	0.582
488.48	0.582
488.68	0.582
488.88	0.582
489.08	0.582
489.28	0.582
489.48	0.582
489.68	0.582
489.88	0.583
490.08	0.583
490.28	0.583
490.48	0.584
490.68	0.584
490.88	0.585
491.08	0.585
491.28	0.585
491.48	0.585
491.68	0.586
491.88	0.587
492.08	0.586
492.28	0.587
492.48	0.587
492.68	0.587
492.88	0.588
493.08	0.587
493.28	0.588
493.48	0.588
493.67	0.589
493.87	0.589
494.07	0.589
494.27	0.589
494.47	0.589
494.67	0.589
494.87	0.589
495.07	0.590
495.27	0.590
495.47	0.590
495.67	0.591
495.87	0.591
496.07	0.592
496.27	0.592
496.47	0.592
496.67	0.592
496.87	0.592
497.07	0.592
497.27	0.593
497.47	0.593
497.67	0.593
497.87	0.593
498.06	0.594
498.26	0.594
498.46	0.594
498.66	0.594
498.86	0.594
499.06	0.594
499.26	0.594
499.46	0.595
499.66	0.595
499.86	0.595
500.06	0.595
500.26	0.595
500.46	0.595
500.66	0.596
500.86	0.596
501.05	0.596
501.25	0.597
501.45	0.597
501.65	0.597
501.85	0.597
502.05	0.598
502.25	0.598
502.45	0.598
502.65	0.599
502.85	0.599
503.05	0.599
503.24	0.600
503.44	0.600
503.64	0.600
503.84	0.600
504.04	0.601
504.24	0.601
504.44	0.601
504.64	0.602
504.84	0.601
505.04	0.602
505.24	0.602
505.43	0.603
505.63	0.603
505.83	0.603
506.03	0.604
506.23	0.604
506.43	0.604
506.63	0.604
506.83	0.604
507.03	0.605
507.22	0.605
507.42	0.605
507.62	0.605
507.82	0.605
508.02	0.605
508.22	0.605
508.42	0.606
508.62	0.606
508.81	0.606
509.01	0.607
509.21	0.607
509.41	0.607
509.61	0.606
509.81	0.606
510.01	0.606
510.21	0.606
510.40	0.606
510.60	0.606
510.80	0.605
511.00	0.606
511.20	0.605
511.40	0.605
511.60	0.606
511.79	0.606
511.99	0.606
512.19	0.606
512.39	0.606
512.59	0.607
512.79	0.607
512.99	0.606
513.18	0.607
513.38	0.607
513.58	0.607
513.78	0.607
513.98	0.607
514.18	0.608
514.37	0.608
514.57	0.608
514.77	0.608
514.97	0.608
515.17	0.608
515.37	0.608
515.56	0.609
515.76	0.609
515.96	0.609
516.16	0.609
516.36	0.610
516.56	0.610
516.75	0.609
516.95	0.609
517.15	0.609
517.35	0.609
517.55	0.609
517.75	0.609
517.94	0.609
518.14	0.609
518.34	0.609
518.54	0.609
518.74	0.609
518.93	0.609
519.13	0.609
519.33	0.609
519.53	0.609
519.73	0.609
519.92	0.608
520.12	0.608
520.32	0.608
520.52	0.608
520.72	0.607
520.91	0.607
521.11	0.607
521.31	0.607
521.51	0.607
521.71	0.607
521.90	0.607
522.10	0.607
522.30	0.607
522.50	0.606
522.70	0.606
522.89	0.606
523.09	0.606
523.29	0.606
523.49	0.605
523.69	0.605
523.88	0.605
524.08	0.604
524.28	0.604
524.48	0.604
524.67	0.603
524.87	0.603
525.07	0.603
525.27	0.602
525.46	0.602
525.66	0.602
525.86	0.601
526.06	0.601
526.26	0.600
526.45	0.599
526.65	0.599
526.85	0.599
527.05	0.599
527.24	0.599
527.44	0.599
527.64	0.598
527.84	0.598
528.03	0.598
528.23	0.598
528.43	0.597
528.63	0.597
528.82	0.597
529.02	0.597
529.22	0.597
529.42	0.597
529.61	0.596
529.81	0.596
530.01	0.596
530.21	0.596
530.40	0.596
530.60	0.596
530.80	0.595
531.00	0.595
531.19	0.595
531.39	0.594
531.59	0.594
531.78	0.594
531.98	0.593
532.18	0.593
532.38	0.593
532.57	0.593
532.77	0.592
532.97	0.592
533.16	0.592
533.36	0.591
533.56	0.591
533.76	0.590
533.95	0.589
534.15	0.589
534.35	0.589
534.55	0.588
534.74	0.588
534.94	0.587
535.14	0.587
535.33	0.586
535.53	0.586
535.73	0.585
535.92	0.584
536.12	0.584
536.32	0.583
536.52	0.583
536.71	0.582
536.91	0.582
537.11	0.581
537.30	0.580
537.50	0.580
537.70	0.580
537.89	0.579
538.09	0.579
538.29	0.579
538.48	0.578
538.68	0.577
538.88	0.577
539.08	0.576
539.27	0.576
539.47	0.575
539.67	0.575
539.86	0.574
540.06	0.574
540.26	0.574
540.45	0.573
540.65	0.573
540.85	0.572
541.04	0.572
541.24	0.571
541.44	0.571
541.63	0.570
541.83	0.569
542.03	0.569
542.22	0.568
542.42	0.568
542.62	0.567
542.81	0.567
543.01	0.566
543.21	0.566
543.40	0.566
543.60	0.565
543.79	0.565
543.99	0.564
544.19	0.564
544.38	0.563
544.58	0.563
544.78	0.562
544.97	0.562
545.17	0.561
545.37	0.560
545.56	0.560
545.76	0.559
545.96	0.559
546.15	0.559
546.35	0.558
546.54	0.558
546.74	0.557
546.94	0.557
547.13	0.556
547.33	0.555
547.53	0.555
547.72	0.554
547.92	0.554
548.11	0.553
548.31	0.553
548.51	0.552
548.70	0.552
548.90	0.551
549.10	0.551
549.29	0.550
549.49	0.550
549.68	0.549
549.88	0.548
550.08	0.548
550.27	0.547
550.47	0.546
550.66	0.546
550.86	0.545
551.06	0.545
551.25	0.545
551.45	0.544
551.64	0.543
551.84	0.543
552.04	0.543
552.23	0.542
552.43	0.542
552.62	0.541
552.82	0.541
553.02	0.540
553.21	0.540
553.41	0.539
553.60	0.539
553.80	0.538
554.00	0.538
554.19	0.537
554.39	0.537
554.58	0.537
554.78	0.536
554.97	0.536
555.17	0.535
555.37	0.535
555.56	0.534
555.76	0.534
555.95	0.534
556.15	0.533
556.34	0.532
556.54	0.532
556.74	0.531
556.93	0.531
557.13	0.530
557.32	0.530
557.52	0.530
557.71	0.530
557.91	0.529
558.10	0.529
558.30	0.528
558.50	0.528
558.69	0.527
558.89	0.527
559.08	0.527
559.28	0.527
559.47	0.526
559.67	0.526
559.86	0.525
560.06	0.525
560.25	0.524
560.45	0.524
560.65	0.524
560.84	0.523
561.04	0.523
561.23	0.522
561.43	0.522
561.62	0.521
561.82	0.521
562.01	0.521
562.21	0.520
562.40	0.519
562.60	0.519
562.79	0.518
562.99	0.518
563.18	0.517
563.38	0.517
563.57	0.517
563.77	0.516
563.96	0.516
564.16	0.515
564.36	0.515
564.55	0.515
564.75	0.514
564.94	0.514
565.14	0.513
565.33	0.513
565.53	0.513
565.72	0.512
565.92	0.512
566.11	0.511
566.31	0.512
566.50	0.511
566.70	0.510
566.89	0.510
567.09	0.509
567.28	0.509
567.48	0.509
567.67	0.508
567.87	0.508
568.06	0.508
568.26	0.507
568.45	0.507
568.64	0.506
568.84	0.506
569.03	0.506
569.23	0.505
569.42	0.505
569.62	0.505
569.81	0.504
570.01	0.504
570.20	0.504
570.40	0.503
570.59	0.503
570.79	0.502
570.98	0.502
571.18	0.502
571.37	0.501
571.57	0.501
571.76	0.501
571.95	0.501
572.15	0.500
572.34	0.500
572.54	0.500
572.73	0.499
572.93	0.499
573.12	0.499
573.32	0.498
573.51	0.498
573.71	0.498
573.90	0.498
574.09	0.498
574.29	0.497
574.48	0.497
574.68	0.496
574.87	0.496
575.07	0.495
575.26	0.495
575.46	0.495
575.65	0.495
575.84	0.494
576.04	0.494
576.23	0.494
576.43	0.494
576.62	0.494
576.82	0.493
577.01	0.493
577.20	0.493
577.40	0.493
577.59	0.492
577.79	0.492
577.98	0.491
578.18	0.491
578.37	0.491
578.56	0.490
578.76	0.490
578.95	0.489
579.15	0.489
579.34	0.489
579.53	0.489
579.73	0.488
579.92	0.488
580.12	0.487
580.31	0.487
580.50	0.486
580.70	0.486
580.89	0.486
581.09	0.485
581.28	0.485
581.47	0.485
581.67	0.484
581.86	0.484
582.06	0.484
582.25	0.484
582.44	0.483
582.64	0.483
582.83	0.483
583.03	0.483
583.22	0.483
583.41	0.483
583.61	0.482
583.80	0.482
583.99	0.482
584.19	0.482
584.38	0.482
584.58	0.482
584.77	0.481
584.96	0.481
585.16	0.481
585.35	0.480
585.54	0.480
585.74	0.480
585.93	0.480
586.13	0.479
586.32	0.479
586.51	0.478
586.71	0.478
586.90	0.478
587.09	0.478
587.29	0.477
587.48	0.477
587.67	0.477
587.87	0.477
588.06	0.476
588.25	0.476
588.45	0.475
588.64	0.475
588.83	0.475
589.03	0.475
589.22	0.475
589.41	0.475
589.61	0.475
589.80	0.474
589.99	0.474
590.19	0.473
590.38	0.473
590.57	0.473
590.77	0.473
590.96	0.473
591.15	0.472
591.35	0.472
591.54	0.472
591.73	0.472
591.93	0.471
592.12	0.472
592.31	0.472
592.51	0.471
592.70	0.471
592.89	0.471
593.09	0.471
593.28	0.471
593.47	0.470
593.67	0.470
593.86	0.470
594.05	0.470
594.25	0.470
594.44	0.470
594.63	0.470
594.82	0.470
595.02	0.469
595.21	0.469
595.40	0.469
595.60	0.469
595.79	0.469
595.98	0.469
596.17	0.469
596.37	0.468
596.56	0.468
596.75	0.468
596.95	0.468
597.14	0.468
597.33	0.467
597.52	0.467
597.72	0.467
597.91	0.467
598.10	0.466
598.30	0.466
598.49	0.466
598.68	0.466
598.87	0.465
599.07	0.465
599.26	0.465
599.45	0.464
599.65	0.464
599.84	0.464
600.03	0.463
600.22	0.463
600.42	0.463
600.61	0.463
600.80	0.462
600.99	0.462
601.19	0.462
601.38	0.462
601.57	0.462
601.76	0.462
601.96	0.461
602.15	0.461
602.34	0.461
602.53	0.461
602.73	0.461
602.92	0.461
603.11	0.461
603.30	0.461
603.50	0.461
603.69	0.461
603.88	0.461
604.07	0.461
604.26	0.460
604.46	0.461
604.65	0.460
604.84	0.460
605.03	0.460
605.23	0.460
605.42	0.459
605.61	0.459
605.80	0.459
606.00	0.459
606.19	0.459
606.38	0.459
606.57	0.459
606.76	0.458
606.96	0.458
607.15	0.458
607.34	0.457
607.53	0.457
607.72	0.457
607.92	0.456
608.11	0.456
608.30	0.455
608.49	0.455
608.68	0.455
608.88	0.455
609.07	0.454
609.26	0.454
609.45	0.454
609.64	0.453
609.84	0.454
610.03	0.454
610.22	0.453
610.41	0.453
610.60	0.453
610.80	0.453
610.99	0.452
611.18	0.452
611.37	0.452
611.56	0.451
611.76	0.452
611.95	0.451
612.14	0.451
612.33	0.451
612.52	0.451
612.71	0.451
612.91	0.451
613.10	0.451
613.29	0.451
613.48	0.451
613.67	0.451
613.86	0.450
614.06	0.450
614.25	0.450
614.44	0.450
614.63	0.449
614.82	0.449
615.01	0.449
615.20	0.449
615.40	0.449
615.59	0.449
615.78	0.448
615.97	0.448
616.16	0.448
616.35	0.448
616.55	0.447
616.74	0.447
616.93	0.447
617.12	0.447
617.31	0.447
617.50	0.447
617.69	0.446
617.88	0.446
618.08	0.446
618.27	0.446
618.46	0.446
618.65	0.446
618.84	0.446
619.03	0.445
619.22	0.445
619.42	0.445
619.61	0.445
619.80	0.445
619.99	0.445
620.18	0.445
620.37	0.444
620.56	0.444
620.75	0.444
620.94	0.444
621.14	0.444
621.33	0.444
621.52	0.443
621.71	0.443
621.90	0.443
622.09	0.443
622.28	0.443
622.47	0.442
622.66	0.442
622.85	0.442
623.05	0.442
623.24	0.442
623.43	0.441
623.62	0.441
623.81	0.441
624.00	0.441
624.19	0.441
624.38	0.440
624.57	0.440
624.76	0.440
624.95	0.440
625.15	0.440
625.34	0.439
625.53	0.439
625.72	0.439
625.91	0.439
626.10	0.438
626.29	0.438
626.48	0.438
626.67	0.438
626.86	0.438
627.05	0.438
627.24	0.438
627.43	0.437
627.62	0.437
627.82	0.437
628.01	0.437
628.20	0.437
628.39	0.437
628.58	0.437
628.77	0.437
628.96	0.437
629.15	0.437
629.34	0.437
629.53	0.437
629.72	0.437
629.91	0.437
630.10	0.436
630.29	0.436
630.48	0.436
630.67	0.436
630.86	0.435
631.05	0.435
631.24	0.435
631.43	0.435
631.62	0.435
631.81	0.435
632.00	0.434
632.20	0.434
632.39	0.434
632.58	0.434
632.77	0.434
632.96	0.433
633.15	0.433
633.34	0.433
633.53	0.433
633.72	0.433
633.91	0.432
634.10	0.432
634.29	0.432
634.48	0.431
634.67	0.431
634.86	0.432
635.05	0.431
635.24	0.431
635.43	0.431
635.62	0.430
635.81	0.430
636.00	0.430
636.19	0.430
636.38	0.430
636.57	0.430
636.76	0.429
636.95	0.429
637.14	0.429
637.33	0.429
637.52	0.429
637.71	0.429
637.90	0.428
638.09	0.429
638.28	0.428
638.47	0.428
638.66	0.428
638.85	0.428
639.04	0.428
639.23	0.428
639.41	0.428
639.60	0.428
639.79	0.428
639.98	0.428
640.17	0.428
640.36	0.428
640.55	0.428
640.74	0.428
640.93	0.428
641.12	0.428
641.31	0.428
641.50	0.428
641.69	0.428
641.88	0.427
642.07	0.427
642.26	0.427
642.45	0.427
642.64	0.426
642.83	0.426
643.02	0.426
643.21	0.426
643.40	0.425
643.59	0.425
643.77	0.425
643.96	0.425
644.15	0.425
644.34	0.424
644.53	0.424
644.72	0.423
644.91	0.423
645.10	0.423
645.29	0.422
645.48	0.422
645.67	0.422
645.86	0.422
646.05	0.421
646.24	0.421
646.42	0.421
646.61	0.421
646.80	0.421
646.99	0.421
647.18	0.421
647.37	0.421
647.56	0.421
647.75	0.420
647.94	0.420
648.13	0.420
648.32	0.420
648.50	0.420
648.69	0.420
648.88	0.420
649.07	0.420
649.26	0.420
649.45	0.420
649.64	0.420
649.83	0.420
650.02	0.420
650.21	0.419
650.39	0.419
650.58	0.419
650.77	0.419
650.96	0.419
651.15	0.419
651.34	0.419
651.53	0.419
651.72	0.419
651.90	0.419
652.09	0.419
652.28	0.418
652.47	0.418
652.66	0.418
652.85	0.418
653.04	0.418
653.23	0.418
653.41	0.417
653.60	0.417
653.79	0.417
653.98	0.417
654.17	0.417
654.36	0.417
654.55	0.417
654.73	0.417
654.92	0.416
655.11	0.416
655.30	0.416
655.49	0.416
655.68	0.415
655.87	0.415
656.05	0.414
656.24	0.414
656.43	0.414
656.62	0.414
656.81	0.414
657.00	0.414
657.18	0.414
657.37	0.414
657.56	0.414
657.75	0.413
657.94	0.413
658.13	0.413
658.31	0.413
658.50	0.413
658.69	0.412
658.88	0.412
659.07	0.412
659.26	0.412
659.44	0.412
659.63	0.412
659.82	0.411
660.01	0.411
660.20	0.411
660.38	0.411
660.57	0.410
660.76	0.410
660.95	0.410
661.14	0.410
661.32	0.410
661.51	0.410
661.70	0.410
661.89	0.410
662.08	0.410
662.26	0.410
662.45	0.410
662.64	0.410
662.83	0.410
663.02	0.410
663.20	0.410
663.39	0.410
663.58	0.410
663.77	0.410
663.96	0.410
664.14	0.410
664.33	0.410
664.52	0.410
664.71	0.409
664.89	0.409
665.08	0.409
665.27	0.409
665.46	0.409
665.64	0.408
665.83	0.408
666.02	0.408
666.21	0.408
666.40	0.408
666.58	0.408
666.77	0.407
666.96	0.407
667.15	0.407
667.33	0.407
667.52	0.406
667.71	0.406
667.90	0.406
668.08	0.406
668.27	0.406
668.46	0.406
668.65	0.406
668.83	0.406
669.02	0.406
669.21	0.406
669.40	0.406
669.58	0.405
669.77	0.405
669.96	0.405
670.14	0.405
670.33	0.405
670.52	0.405
670.71	0.405
670.89	0.404
671.08	0.404
671.27	0.404
671.46	0.404
671.64	0.404
671.83	0.404
672.02	0.404
672.20	0.404
672.39	0.404
672.58	0.404
672.77	0.403
672.95	0.403
673.14	0.403
673.33	0.403
673.51	0.403
673.70	0.403
673.89	0.403
674.08	0.403
674.26	0.403
674.45	0.402
674.64	0.402
674.82	0.402
675.01	0.402
675.20	0.402
675.38	0.402
675.57	0.401
675.76	0.401
675.94	0.401
676.13	0.400
676.32	0.400
676.51	0.400
676.69	0.400
676.88	0.400
677.07	0.400
677.25	0.400
677.44	0.400
677.63	0.399
677.81	0.398
678.00	0.398
678.19	0.398
678.37	0.398
678.56	0.398
678.75	0.398
678.93	0.398
679.12	0.398
679.31	0.398
679.49	0.398
679.68	0.398
679.87	0.398
680.05	0.397
680.24	0.397
680.42	0.397
680.61	0.397
680.80	0.397
680.98	0.396
681.17	0.396
681.36	0.396
681.54	0.396
681.73	0.396
681.92	0.396
682.10	0.396
682.29	0.396
682.48	0.396
682.66	0.396
682.85	0.396
683.03	0.395
683.22	0.396
683.41	0.395
683.59	0.395
683.78	0.395
683.97	0.395
684.15	0.395
684.34	0.395
684.52	0.395
684.71	0.394
684.90	0.394
685.08	0.394
685.27	0.394
685.45	0.394
685.64	0.394
685.83	0.394
686.01	0.394
686.20	0.394
686.39	0.393
686.57	0.393
686.76	0.393
686.94	0.392
687.13	0.392
687.31	0.392
687.50	0.392
687.69	0.392
687.87	0.392
688.06	0.392
688.24	0.392
688.43	0.392
688.62	0.392
688.80	0.391
688.99	0.391
689.17	0.391
689.36	0.391
689.55	0.391
689.73	0.391
689.92	0.391
690.10	0.391
690.29	0.391
690.47	0.391
690.66	0.391
690.84	0.391
691.03	0.390
691.22	0.390
691.40	0.390
691.59	0.390
691.77	0.390
691.96	0.389
692.14	0.389
692.33	0.389
692.52	0.389
692.70	0.389
692.89	0.389
693.07	0.389
693.26	0.389
693.44	0.389
693.63	0.389
693.81	0.388
694.00	0.388
694.18	0.388
694.37	0.388
694.55	0.388
694.74	0.388
694.93	0.388
695.11	0.388
695.30	0.387
695.48	0.387
695.67	0.387
695.85	0.387
696.04	0.387
696.22	0.387
696.41	0.386
696.59	0.387
696.78	0.387
696.96	0.386
697.15	0.386
697.33	0.386
697.52	0.386
697.70	0.386
697.89	0.386
698.07	0.386
698.26	0.386
698.44	0.386
698.63	0.386
698.81	0.385
699.00	0.385
699.18	0.386
699.37	0.386
699.55	0.385
699.74	0.385
699.92	0.386
700.11	0.385
700.29	0.385
700.48	0.385
700.66	0.385
700.85	0.384
701.03	0.385
701.22	0.384
701.40	0.384
701.59	0.384
701.77	0.384
701.96	0.383
702.14	0.383
702.33	0.383
702.51	0.382
702.69	0.383
702.88	0.383
703.06	0.382
703.25	0.382
703.43	0.382
703.62	0.382
703.80	0.382
703.99	0.382
704.17	0.381
704.36	0.381
704.54	0.381
704.73	0.382
704.91	0.381
705.09	0.382
705.28	0.381
705.46	0.381
705.65	0.381
705.83	0.381
706.02	0.381
706.20	0.381
706.38	0.381
706.57	0.380
706.75	0.380
706.94	0.380
707.12	0.380
707.31	0.380
707.49	0.380
707.67	0.380
707.86	0.380
708.04	0.380
708.23	0.379
708.41	0.379
708.60	0.379
708.78	0.379
708.96	0.379
709.15	0.379
709.33	0.378
709.52	0.378
709.70	0.378
709.88	0.378
710.07	0.378
710.25	0.378
710.44	0.378
710.62	0.378
710.80	0.378
710.99	0.378
711.17	0.377
711.36	0.377
711.54	0.377
711.72	0.377
711.91	0.377
712.09	0.377
712.28	0.377
712.46	0.377
712.64	0.377
712.83	0.376
713.01	0.376
713.20	0.376
713.38	0.376
713.56	0.376
713.75	0.376
713.93	0.376
714.11	0.376
714.30	0.375
714.48	0.375
714.66	0.375
714.85	0.375
715.03	0.375
715.22	0.375
715.40	0.375
715.58	0.375
715.77	0.375
715.95	0.375
716.13	0.375
716.32	0.375
716.50	0.375
716.68	0.374
716.87	0.374
717.05	0.374
717.23	0.374
717.42	0.374
717.60	0.374
717.78	0.374
717.97	0.374
718.15	0.374
718.33	0.374
718.52	0.374
718.70	0.374
718.88	0.374
719.07	0.373
719.25	0.373
719.43	0.373
719.62	0.373
719.80	0.372
719.98	0.372
720.17	0.372
720.35	0.372
720.53	0.372
720.72	0.372
720.90	0.372
721.08	0.372
721.27	0.371
721.45	0.371
721.63	0.371
721.81	0.371
722.00	0.371
722.18	0.371
722.36	0.370
722.55	0.370
722.73	0.370
722.91	0.370
723.10	0.370
723.28	0.370
723.46	0.370
723.64	0.370
723.83	0.370
724.01	0.370
724.19	0.370
724.38	0.370
724.56	0.370
724.74	0.370
724.92	0.370
725.11	0.370
725.29	0.370
725.47	0.369
725.66	0.369
725.84	0.369
726.02	0.369
726.20	0.369
726.39	0.369
726.57	0.369
726.75	0.369
726.93	0.369
727.12	0.369
727.30	0.369
727.48	0.368
727.66	0.368
727.85	0.368
728.03	0.368
728.21	0.368
728.39	0.368
728.58	0.368
728.76	0.368
728.94	0.368
729.12	0.369
729.31	0.369
729.49	0.369
729.67	0.369
729.85	0.368
730.04	0.368
730.22	0.368
730.40	0.368
730.58	0.368
730.76	0.368
730.95	0.368
731.13	0.368
731.31	0.368
731.49	0.368
731.68	0.368
731.86	0.368
732.04	0.367
732.22	0.367
732.40	0.367
732.59	0.366
732.77	0.366
732.95	0.366
733.13	0.365
733.31	0.365
733.50	0.365
733.68	0.365
733.86	0.365
734.04	0.364
734.22	0.364
734.41	0.364
734.59	0.364
734.77	0.364
734.95	0.363
735.13	0.363
735.32	0.363
735.50	0.363
735.68	0.363
735.86	0.363
736.04	0.363
736.22	0.363
736.41	0.363
736.59	0.363
736.77	0.363
736.95	0.363
737.13	0.363
737.32	0.363
737.50	0.363
737.68	0.363
737.86	0.363
738.04	0.363
738.22	0.363
738.41	0.363
738.59	0.363
738.77	0.363
738.95	0.363
739.13	0.363
739.31	0.363
739.49	0.362
739.68	0.362
739.86	0.362
740.04	0.362
740.22	0.362
740.40	0.362
740.58	0.362
740.76	0.361
740.95	0.361
741.13	0.362
741.31	0.362
741.49	0.361
741.67	0.361
741.85	0.361
742.03	0.361
742.21	0.361
742.40	0.361
742.58	0.361
742.76	0.360
742.94	0.360
743.12	0.360
743.30	0.360
743.48	0.360
743.66	0.360
743.85	0.360
744.03	0.360
744.21	0.360
744.39	0.360
744.57	0.360
744.75	0.360
744.93	0.360
745.11	0.359
745.29	0.360
745.47	0.360
745.66	0.359
745.84	0.359
746.02	0.359
746.20	0.358
746.38	0.358
746.56	0.358
746.74	0.359
746.92	0.358
747.10	0.358
747.28	0.358
747.46	0.358
747.64	0.358
747.83	0.358
748.01	0.357
748.19	0.357
748.37	0.357
748.55	0.357
748.73	0.357
748.91	0.357
749.09	0.357
749.27	0.357
749.45	0.356
749.63	0.357
749.81	0.357
749.99	0.357
750.17	0.357
750.35	0.357
750.53	0.356
750.72	0.357
750.90	0.356
751.08	0.356
751.26	0.356
751.44	0.356
751.62	0.356
751.80	0.355
751.98	0.355
752.16	0.356
752.34	0.356
752.52	0.355
752.70	0.355
752.88	0.355
753.06	0.355
753.24	0.356
753.42	0.356
753.60	0.355
753.78	0.355
753.96	0.355
754.14	0.355
754.32	0.355
754.50	0.355
754.68	0.355
754.86	0.355
755.04	0.355
755.22	0.355
755.40	0.355
755.58	0.355
755.76	0.355
755.94	0.355
756.12	0.354
756.30	0.354
756.48	0.354
756.66	0.354
756.84	0.354
757.02	0.353
757.20	0.353
757.38	0.353
757.56	0.353
757.74	0.353
757.92	0.353
758.10	0.353
758.28	0.353
758.46	0.352
758.64	0.352
758.82	0.352
759.00	0.352
759.18	0.352
759.36	0.352
759.54	0.353
759.72	0.352
759.90	0.352
760.08	0.352
760.26	0.353
760.44	0.353
760.62	0.352
760.80	0.352
760.98	0.352
761.16	0.352
761.33	0.352
761.51	0.352
761.69	0.352
761.87	0.352
762.05	0.352
762.23	0.352
762.41	0.352
762.59	0.352
762.77	0.352
762.95	0.352
763.13	0.352
763.31	0.352
763.49	0.352
763.67	0.352
763.85	0.352
764.03	0.351
764.21	0.351
764.38	0.351
764.56	0.351
764.74	0.351
764.92	0.351
765.10	0.351
765.28	0.351
765.46	0.350
765.64	0.350
765.82	0.350
766.00	0.350
766.18	0.350
766.35	0.350
766.53	0.350
766.71	0.349
766.89	0.349
767.07	0.349
767.25	0.349
767.43	0.349
767.61	0.350
767.79	0.349
767.97	0.349
768.14	0.349
768.32	0.349
768.50	0.349
768.68	0.349
768.86	0.349
769.04	0.349
769.22	0.348
769.40	0.349
769.58	0.349
769.75	0.349
769.93	0.349
770.11	0.349
770.29	0.348
770.47	0.348
770.65	0.348
770.83	0.348
771.00	0.348
771.18	0.348
771.36	0.348
771.54	0.347
771.72	0.348
771.90	0.348
772.08	0.348
772.25	0.348
772.43	0.347
772.61	0.347
772.79	0.348
772.97	0.347
773.15	0.347
773.33	0.347
773.50	0.347
773.68	0.346
773.86	0.346
774.04	0.346
774.22	0.346
774.40	0.346
774.57	0.346
774.75	0.346
774.93	0.346
775.11	0.347
775.29	0.347
775.46	0.347
775.64	0.347
775.82	0.347
776.00	0.347
776.18	0.348
776.36	0.348
776.53	0.347
776.71	0.347
776.89	0.347
777.07	0.347
777.25	0.347
777.42	0.348
777.60	0.348
777.78	0.347
777.96	0.348
778.14	0.348
778.31	0.347
778.49	0.347
778.67	0.347
778.85	0.347
779.03	0.347
779.20	0.346
779.38	0.346
779.56	0.346
779.74	0.345
779.91	0.345
780.09	0.345
780.27	0.345
780.45	0.345
780.63	0.344
780.80	0.345
780.98	0.345
781.16	0.345
781.34	0.345
781.51	0.345
781.69	0.345
781.87	0.345
782.05	0.345
782.22	0.345
782.40	0.345
782.58	0.344
782.76	0.345
782.93	0.344
783.11	0.344
783.29	0.345
783.47	0.345
783.64	0.345
783.82	0.345
784.00	0.345
784.18	0.344
784.35	0.344
784.53	0.344
784.71	0.343
784.89	0.343
785.06	0.343
785.24	0.343
785.42	0.343
785.60	0.342
785.77	0.342
785.95	0.341
786.13	0.342
786.30	0.341
786.48	0.341
786.66	0.341
786.84	0.341
787.01	0.341
787.19	0.341
787.37	0.341
787.54	0.342
787.72	0.342
787.90	0.342
788.07	0.342
788.25	0.342
788.43	0.342
788.61	0.342
788.78	0.342
788.96	0.342
789.14	0.342
789.31	0.342
789.49	0.343
789.67	0.343
789.84	0.343
790.02	0.343
790.20	0.343
790.37	0.343
790.55	0.343
790.73	0.342
790.90	0.342
791.08	0.342
791.26	0.341
791.43	0.341
791.61	0.341
791.79	0.341
791.96	0.341
792.14	0.341
792.32	0.341
792.49	0.341
792.67	0.341
792.85	0.341
793.02	0.341
793.20	0.341
793.38	0.340
793.55	0.340
793.73	0.340
793.91	0.340
794.08	0.340
794.26	0.339
794.44	0.339
794.61	0.340
794.79	0.339
794.97	0.339
795.14	0.339
795.32	0.340
795.49	0.340
795.67	0.339
795.85	0.339
796.02	0.339
796.20	0.339
796.38	0.338
796.55	0.338
796.73	0.338
796.90	0.339
797.08	0.338
797.26	0.338
797.43	0.338
797.61	0.338
797.78	0.338
797.96	0.338
798.14	0.338
798.31	0.337
798.49	0.337
798.66	0.337
798.84	0.337
799.02	0.336
799.19	0.336
799.37	0.337
799.54	0.337
799.72	0.337
799.90	0.337
800.07	0.338
800.25	0.337
800.42	0.337
800.60	0.337
800.78	0.337
800.95	0.338
801.13	0.338
801.30	0.338
801.48	0.337
801.65	0.337
801.83	0.336
802.01	0.336
802.18	0.337
802.36	0.336
802.53	0.336
802.71	0.337
802.88	0.336
803.06	0.336
803.23	0.335
803.41	0.336
803.59	0.336
803.76	0.335
803.94	0.335
804.11	0.335
804.29	0.335
804.46	0.336
804.64	0.335
804.81	0.335
804.99	0.335
805.16	0.335
805.34	0.335
805.52	0.334
805.69	0.334
805.87	0.333
806.04	0.333
806.22	0.333
806.39	0.333
806.57	0.333
806.74	0.333
806.92	0.333
807.09	0.332
807.27	0.332
807.44	0.332
807.62	0.332
807.79	0.332
807.97	0.332
808.14	0.332
808.32	0.331
808.49	0.331
808.67	0.332
808.84	0.332
809.02	0.333
809.19	0.334
809.37	0.335
809.54	0.335
809.72	0.335
809.89	0.334
810.07	0.334
810.24	0.334
810.42	0.334
810.59	0.334
810.77	0.334
810.94	0.334
811.12	0.333
811.29	0.333
811.47	0.333
811.64	0.333
811.82	0.333
811.99	0.333
812.16	0.332
812.34	0.332
812.51	0.332
812.69	0.331
812.86	0.331
813.04	0.331
813.21	0.331
813.39	0.331
813.56	0.331
813.74	0.331
813.91	0.330
814.08	0.331
814.26	0.330
814.43	0.331
814.61	0.331
814.78	0.331
814.96	0.332
815.13	0.331
815.31	0.331
815.48	0.331
815.65	0.330
815.83	0.331
816.00	0.331
816.18	0.330
816.35	0.330
816.53	0.330
816.70	0.329
816.87	0.330
817.05	0.329
817.22	0.329
817.40	0.329
817.57	0.329
817.74	0.328
817.92	0.328
818.09	0.328
818.27	0.328
818.44	0.327
818.62	0.327
818.79	0.327
818.96	0.328
819.14	0.328
819.31	0.328
819.49	0.328
819.66	0.328
819.83	0.328
820.01	0.328
820.18	0.329
820.35	0.329
820.53	0.329
820.70	0.329
820.88	0.329
821.05	0.330
821.22	0.331
821.40	0.331
821.57	0.330
821.74	0.330
821.92	0.330
822.09	0.330
822.27	0.330
822.44	0.330
822.61	0.329
822.79	0.329
822.96	0.330
823.13	0.330
823.31	0.330
823.48	0.330
823.65	0.331
823.83	0.330
824.00	0.329
824.17	0.330
824.35	0.330
824.52	0.330
824.69	0.329
824.87	0.329
825.04	0.329
825.22	0.329
825.39	0.329
825.56	0.329
825.74	0.330
825.91	0.330
826.08	0.330
826.25	0.330
826.43	0.329
826.60	0.329
826.77	0.329
826.95	0.330
827.12	0.329
827.29	0.329
827.47	0.329
827.64	0.329
827.81	0.329
827.99	0.329
828.16	0.329
828.33	0.330
828.51	0.329
828.68	0.330
828.85	0.330
829.02	0.331
829.20	0.331
829.37	0.330
829.54	0.330
829.72	0.330
829.89	0.329
830.06	0.329
830.23	0.329
830.41	0.329
830.58	0.330
830.75	0.329
830.93	0.329
831.10	0.329
831.27	0.329
831.44	0.329
831.62	0.329
831.79	0.329
831.96	0.329
832.13	0.329
832.31	0.329
832.48	0.329
832.65	0.328
832.83	0.328
833.00	0.328
833.17	0.327
833.34	0.327
833.52	0.328
833.69	0.328
833.86	0.328
834.03	0.327
834.21	0.326
834.38	0.327
834.55	0.327
834.72	0.327
834.89	0.327
835.07	0.327
835.24	0.326
835.41	0.327
835.58	0.327
835.76	0.326
835.93	0.326
836.10	0.326
836.27	0.326
836.45	0.326
836.62	0.326
836.79	0.326
836.96	0.327
837.13	0.326
837.31	0.325
837.48	0.326
837.65	0.325
837.82	0.326
837.99	0.325
838.17	0.326
838.34	0.326
838.51	0.326
838.68	0.326
838.85	0.326
839.03	0.326
839.20	0.327
839.37	0.328
839.54	0.328
839.71	0.328
839.89	0.329
840.06	0.328
840.23	0.328
840.40	0.329
840.57	0.329
840.74	0.329
840.92	0.330
841.09	0.329
841.26	0.329
841.43	0.328
841.60	0.329
841.78	0.329
841.95	0.329
842.12	0.329
842.29	0.330
842.46	0.328
842.63	0.328
842.80	0.327
842.98	0.327
843.15	0.327
843.32	0.326
843.49	0.325
843.66	0.325
843.83	0.326
844.00	0.325
844.18	0.325
844.35	0.325
844.52	0.325
844.69	0.326
844.86	0.327
845.03	0.327
845.20	0.327
845.38	0.328
845.55	0.328
845.72	0.328
845.89	0.326
846.06	0.328
846.23	0.328
846.40	0.328
846.57	0.328
846.75	0.328
846.92	0.327
847.09	0.328
847.26	0.329
847.43	0.329
847.60	0.329
847.77	0.328
847.94	0.328
848.11	0.328
848.28	0.328
848.46	0.327
848.63	0.327
848.80	0.326
848.97	0.325
849.14	0.324
849.31	0.325
849.48	0.326
849.65	0.325
849.82	0.324
849.99	0.325
850.16	0.325
850.33	0.325
850.51	0.325
850.68	0.324
850.85	0.323
851.02	0.323
851.19	0.323
851.36	0.324
851.53	0.324
851.70	0.325
851.87	0.323
852.04	0.325
852.21	0.325
852.38	0.325
852.55	0.324
852.72	0.325
852.89	0.324
853.06	0.325
853.24	0.325
853.41	0.325
853.58	0.325
853.75	0.325
853.92	0.325
854.09	0.325
854.26	0.324
854.43	0.325
854.60	0.325
854.77	0.325
854.94	0.326
855.11	0.327
855.28	0.326
855.45	0.327
855.62	0.326
855.79	0.326
855.96	0.327
856.13	0.327
856.30	0.326
856.47	0.326
856.64	0.326
856.81	0.326
856.98	0.326
857.15	0.325
857.32	0.325
857.49	0.325
857.66	0.325
857.83	0.326
858.00	0.325
858.17	0.325
858.34	0.324
858.51	0.323
858.68	0.322
858.85	0.322
859.02	0.323
859.19	0.323
859.36	0.323
859.53	0.323
859.70	0.323
859.87	0.323
860.04	0.323
860.21	0.323
860.38	0.323
860.55	0.322
860.72	0.322
860.89	0.323
861.06	0.322
861.23	0.323
861.40	0.322
861.56	0.321
861.73	0.321
861.90	0.322
862.07	0.323
862.24	0.323
862.41	0.323
862.58	0.321
862.75	0.320
862.92	0.319
863.09	0.320
863.26	0.320
863.43	0.320
863.60	0.320
863.77	0.320
863.94	0.321
864.11	0.321
864.28	0.321
864.44	0.321
864.61	0.320
864.78	0.318
864.95	0.318
865.12	0.319
865.29	0.320
865.46	0.320
865.63	0.319
865.80	0.318
865.97	0.319
866.14	0.320
866.31	0.321
866.47	0.322
866.64	0.322
866.81	0.321
866.98	0.322
867.15	0.322
867.32	0.322
867.49	0.320
867.66	0.320
867.83	0.320
867.99	0.321
868.16	0.323
868.33	0.324
868.50	0.323
868.67	0.323
868.84	0.323
869.01	0.323
869.18	0.323
869.35	0.322
869.51	0.322
869.68	0.322
869.85	0.321
870.02	0.320
870.19	0.319
870.36	0.319
870.53	0.318
870.69	0.318
870.86	0.318
871.03	0.319
871.20	0.320
871.37	0.320
871.54	0.319
871.71	0.319
871.87	0.319
872.04	0.321
872.21	0.320
872.38	0.319
872.55	0.321
872.72	0.321
872.88	0.323
873.05	0.324
873.22	0.324
873.39	0.325
873.56	0.326
873.73	0.327
873.89	0.328
874.06	0.330
874.23	0.329
874.40	0.330
874.57	0.330
874.73	0.330
874.90	0.331
875.07	0.331
875.24	0.330
875.41	0.332
875.57	0.331
875.74	0.330
875.91	0.332
876.08	0.330
876.25	0.330
876.41	0.328
876.58	0.329
876.75	0.328
876.92	0.327
877.09	0.327
877.25	0.328
877.42	0.327
877.59	0.324
877.76	0.322
877.93	0.321
878.09	0.322
878.26	0.320
878.43	0.319
878.60	0.318
878.76	0.318
878.93	0.317
879.10	0.315
879.27	0.316
879.43	0.316
879.60	0.316
879.77	0.318
879.94	0.319
880.10	0.319
880.27	0.318
880.44	0.318
880.61	0.316
880.77	0.317
880.94	0.317
881.11	0.319
881.28	0.322
881.44	0.323
881.61	0.322
881.78	0.322
881.95	0.322
882.11	0.324
882.28	0.325
882.45	0.323
882.62	0.325
882.78	0.324
882.95	0.324
883.12	0.323
883.28	0.322
883.45	0.324
883.62	0.324
883.79	0.323
883.95	0.321
884.12	0.322
884.29	0.320
884.45	0.322
884.62	0.323
884.79	0.322
884.96	0.321
885.12	0.320
885.29	0.343
885.46	0.294
885.62	0.300
885.79	0.315
885.96	0.306
886.12	0.355
886.29	0.331
886.46	0.329
886.62	0.320
886.79	0.300
