178.99	-600.000
179.20	-600.000
179.42	-600.000
179.63	77.083
179.84	-227.500
180.06	-200.000
180.27	-135.088
180.49	70.313
180.70	227.451
180.92	842.857
181.13	179.343
181.35	125.656
181.56	117.221
181.77	141.758
181.99	140.084
182.20	99.607
182.42	99.878
182.63	77.429
182.85	73.570
183.06	70.812
183.28	63.500
183.49	57.849
183.70	72.284
183.92	56.091
184.13	62.438
184.35	60.783
184.56	60.606
184.78	53.758
184.99	63.188
185.21	63.400
185.42	73.736
185.63	78.530
185.85	87.768
186.06	86.436
186.28	83.136
186.49	89.214
186.71	90.027
186.92	94.693
187.13	109.272
187.35	112.882
187.56	105.326
187.78	101.780
187.99	91.667
188.21	91.006
188.42	99.921
188.63	106.604
188.85	101.016
189.06	113.460
189.28	121.537
189.49	120.197
189.71	119.750
189.92	108.988
190.13	114.052
190.35	103.642
190.56	100.260
190.78	96.814
190.99	91.478
191.20	98.719
191.42	81.688
191.63	72.384
191.85	74.407
192.06	76.850
192.28	85.133
192.49	97.755
192.70	87.608
192.92	90.299
193.13	78.533
193.35	75.114
193.56	76.562
193.77	69.721
193.99	74.939
194.20	66.588
194.42	77.867
194.63	76.250
194.84	73.446
195.06	68.310
195.27	65.702
195.49	62.867
195.70	58.361
195.91	75.965
196.13	83.849
196.34	85.225
196.56	87.274
196.77	85.224
196.98	81.111
197.20	85.823
197.41	81.276
197.63	84.310
197.84	94.286
198.05	86.766
198.27	101.611
198.48	96.214
198.70	110.381
198.91	100.847
199.12	106.502
199.34	107.269
199.55	106.869
199.76	111.217
199.98	112.094
200.19	116.093
200.41	106.941
200.62	107.215
200.83	109.107
201.05	107.462
201.26	104.883
201.48	114.735
201.69	111.770
201.90	119.640
202.12	113.977
202.33	110.350
202.54	109.500
202.76	100.530
202.97	102.158
203.19	93.685
203.40	102.384
203.61	99.368
203.83	99.473
204.04	103.825
204.25	106.857
204.47	102.624
204.68	98.799
204.89	103.898
205.11	100.097
205.32	89.705
205.54	89.908
205.75	100.360
205.96	92.586
206.18	99.940
206.39	87.327
206.60	87.022
206.82	81.837
207.03	81.843
207.24	86.008
207.46	88.248
207.67	91.886
207.89	81.168
208.10	77.181
208.31	79.614
208.53	76.375
208.74	72.905
208.95	68.056
209.17	70.907
209.38	70.712
209.59	71.205
209.81	78.469
210.02	78.201
210.23	74.839
210.45	76.205
210.66	77.348
210.87	93.048
211.09	97.768
211.30	107.840
211.51	109.081
211.73	118.877
211.94	130.059
212.15	141.317
212.37	165.976
212.58	195.108
212.79	187.289
213.01	202.574
213.22	187.512
213.43	269.141
213.65	304.412
213.86	258.438
214.07	215.871
214.29	182.003
214.50	180.381
214.71	160.808
214.93	165.620
215.14	166.737
215.35	161.027
215.57	182.867
215.78	161.504
215.99	157.054
216.21	146.548
216.42	130.886
216.63	124.727
216.85	120.917
217.06	115.184
217.27	126.901
217.49	133.524
217.70	135.624
217.91	125.085
218.13	116.645
218.34	111.854
218.55	120.981
218.77	142.233
218.98	138.719
219.19	169.262
219.40	140.046
219.62	132.251
219.83	127.189
220.04	102.010
220.26	100.086
220.47	95.057
220.68	94.837
220.90	97.911
221.11	98.096
221.32	98.965
221.54	106.346
221.75	100.884
221.96	98.660
222.17	98.797
222.39	101.901
222.60	103.159
222.81	106.519
223.03	113.361
223.24	107.517
223.45	100.805
223.67	101.800
223.88	114.178
224.09	111.095
224.30	107.169
224.52	111.869
224.73	111.498
224.94	111.524
225.16	112.257
225.37	111.578
225.58	112.585
225.79	106.298
226.01	99.798
226.22	97.045
226.43	103.604
226.65	113.441
226.86	110.740
227.07	109.545
227.28	109.653
227.50	93.227
227.71	93.254
227.92	101.659
228.14	100.261
228.35	90.577
228.56	89.540
228.77	94.387
228.99	90.915
229.20	101.245
229.41	93.896
229.62	85.527
229.84	85.202
230.05	91.742
230.26	97.350
230.48	106.404
230.69	101.153
230.90	92.686
231.11	86.336
231.33	88.024
231.54	91.079
231.75	89.259
231.96	96.279
232.18	96.692
232.39	90.169
232.60	86.029
232.81	89.597
233.03	89.055
233.24	82.814
233.45	83.065
233.66	80.841
233.88	87.763
234.09	96.738
234.30	102.848
234.51	95.308
234.73	96.622
234.94	89.979
235.15	92.227
235.36	92.290
235.58	90.645
235.79	91.229
236.00	83.998
236.21	86.795
236.43	83.674
236.64	80.072
236.85	85.534
237.06	89.476
237.28	87.578
237.49	87.943
237.70	86.222
237.91	94.040
238.13	96.794
238.34	93.123
238.55	79.204
238.76	75.373
238.98	78.395
239.19	77.996
239.40	86.482
239.61	88.448
239.83	82.773
240.04	82.089
240.25	76.380
240.46	83.236
240.67	82.250
240.89	82.567
241.10	90.159
241.31	91.111
241.52	86.610
241.74	87.289
241.95	87.264
242.16	98.449
242.37	87.968
242.58	91.192
242.80	92.319
243.01	99.847
243.22	94.229
243.43	96.133
243.65	100.439
243.86	83.690
244.07	80.419
244.28	89.561
244.49	100.383
244.71	110.987
244.92	105.755
245.13	89.821
245.34	94.976
245.55	96.789
245.77	89.914
245.98	97.230
246.19	99.112
246.40	105.431
246.62	101.682
246.83	106.151
247.04	103.563
247.25	98.733
247.46	108.290
247.68	115.178
247.89	112.292
248.10	113.905
248.31	129.770
248.52	141.345
248.74	141.485
248.95	124.669
249.16	122.648
249.37	110.210
249.58	117.900
249.79	123.912
250.01	114.164
250.22	115.824
250.43	117.083
250.64	111.614
250.85	100.605
251.07	98.726
251.28	104.545
251.49	108.921
251.70	116.704
251.91	111.531
252.13	99.362
252.34	98.576
252.55	96.780
252.76	90.175
252.97	82.676
253.18	82.646
253.40	81.739
253.61	76.793
253.82	80.709
254.03	76.532
254.24	71.538
254.46	75.296
254.67	74.872
254.88	71.523
255.09	70.840
255.30	73.199
255.51	77.262
255.73	72.724
255.94	70.225
256.15	67.828
256.36	69.644
256.57	80.888
256.78	79.247
257.00	73.948
257.21	72.225
257.42	70.896
257.63	69.667
257.84	71.733
258.05	72.727
258.26	78.613
258.48	88.838
258.69	89.325
258.90	89.103
259.11	93.518
259.32	84.872
259.53	83.982
259.75	90.904
259.96	88.174
260.17	85.210
260.38	85.161
260.59	87.615
260.80	84.384
261.01	83.956
261.23	81.982
261.44	88.631
261.65	95.283
261.86	100.578
262.07	107.692
262.28	112.229
262.49	123.726
262.71	106.125
262.92	104.868
263.13	104.300
263.34	105.810
263.55	104.926
263.76	119.000
263.97	106.933
264.19	93.584
264.40	96.813
264.61	97.348
264.82	105.416
265.03	98.941
265.24	110.414
265.45	105.409
265.66	115.476
265.88	108.486
266.09	108.480
266.30	106.897
266.51	103.478
266.72	99.228
266.93	100.752
267.14	111.161
267.35	106.804
267.57	108.290
267.78	104.602
267.99	110.478
268.20	100.688
268.41	117.211
268.62	129.472
268.83	116.330
269.04	117.432
269.25	115.901
269.47	119.490
269.68	111.060
269.89	113.529
270.10	114.314
270.31	114.098
270.52	116.304
270.73	115.422
270.94	116.629
271.15	119.661
271.37	119.974
271.58	126.184
271.79	125.012
272.00	119.690
272.21	128.085
272.42	119.258
272.63	126.142
272.84	127.595
273.05	130.902
273.26	139.416
273.48	133.815
273.69	128.226
273.90	121.578
274.11	121.429
274.32	117.616
274.53	112.394
274.74	116.002
274.95	105.885
275.16	96.399
275.37	97.955
275.58	96.894
275.80	84.963
276.01	76.247
276.22	76.916
276.43	78.479
276.64	73.686
276.85	67.041
277.06	69.456
277.27	68.500
277.48	62.221
277.69	60.007
277.90	59.042
278.11	60.796
278.32	61.512
278.54	61.650
278.75	65.305
278.96	65.258
279.17	59.856
279.38	66.500
279.59	67.939
279.80	63.028
280.01	63.488
280.22	70.903
280.43	74.891
280.64	73.715
280.85	80.691
281.06	78.193
281.27	86.413
281.48	83.668
281.70	81.537
281.91	93.529
282.12	101.036
282.33	106.225
282.54	96.349
282.75	101.711
282.96	105.872
283.17	97.946
283.38	98.667
283.59	104.468
283.80	91.985
284.01	101.607
284.22	109.138
284.43	109.202
284.64	96.065
284.85	99.383
285.06	100.152
285.27	94.941
285.48	101.649
285.70	99.479
285.91	93.702
286.12	90.636
286.33	84.503
286.54	72.617
286.75	68.630
286.96	72.359
287.17	67.277
287.38	63.936
287.59	64.300
287.80	69.076
288.01	69.475
288.22	76.658
288.43	70.000
288.64	70.769
288.85	66.777
289.06	75.656
289.27	75.666
289.48	78.875
289.69	82.240
289.90	81.282
290.11	86.790
290.32	97.542
290.53	99.759
290.74	96.267
290.95	106.035
291.16	112.237
291.37	123.570
291.58	129.559
291.79	133.314
292.00	146.175
292.21	139.704
292.42	145.875
292.63	128.876
292.84	119.812
293.05	120.283
293.26	113.173
293.47	109.367
293.68	116.935
293.89	115.061
294.10	110.188
294.31	107.126
294.52	103.513
294.73	102.973
294.95	104.560
295.16	105.253
295.37	106.282
295.58	98.065
295.79	95.220
295.99	99.951
296.20	102.166
296.41	101.716
296.62	109.831
296.83	104.927
297.04	112.345
297.25	116.398
297.46	105.143
297.67	115.800
297.88	112.084
298.09	101.891
298.30	99.581
298.51	102.384
298.72	104.516
298.93	101.566
299.14	97.856
299.35	96.022
299.56	97.084
299.77	93.255
299.98	97.064
300.19	99.622
300.40	98.449
300.61	92.776
300.82	87.838
301.03	86.834
301.24	89.625
301.45	89.256
301.66	86.906
301.87	91.652
302.08	89.504
302.29	88.502
302.50	95.020
302.71	96.606
302.92	91.295
303.13	92.599
303.34	87.862
303.55	93.848
303.76	101.618
303.97	99.762
304.18	103.326
304.39	101.539
304.60	92.034
304.81	86.368
305.02	85.667
305.22	85.354
305.43	84.866
305.64	86.844
305.85	86.492
306.06	87.763
306.27	82.942
306.48	80.460
306.69	74.583
306.90	75.037
307.11	70.718
307.32	75.560
307.53	73.476
307.74	75.578
307.95	74.912
308.16	71.524
308.37	71.113
308.58	67.628
308.79	66.309
309.00	75.520
309.21	71.574
309.41	72.830
309.62	75.203
309.83	74.860
310.04	71.708
310.25	75.327
310.46	79.485
310.67	79.631
310.88	78.079
311.09	85.140
311.30	86.077
311.51	90.666
311.72	86.717
311.93	81.066
312.14	80.066
312.34	75.600
312.55	75.638
312.76	81.813
312.97	79.815
313.18	90.485
313.39	90.961
313.60	98.497
313.81	99.768
314.02	100.765
314.23	98.667
314.44	98.718
314.65	89.512
314.86	86.364
315.06	93.444
315.27	103.968
315.48	94.554
315.69	89.311
315.90	95.853
316.11	91.168
316.32	100.527
316.53	96.706
316.74	95.174
316.95	100.175
317.16	96.704
317.36	95.177
317.57	86.952
317.78	85.148
317.99	80.408
318.20	77.981
318.41	78.176
318.62	76.181
318.83	73.733
319.04	74.482
319.24	76.056
319.45	72.638
319.66	70.412
319.87	71.806
320.08	69.774
320.29	75.502
320.50	80.063
320.71	77.608
320.92	78.649
321.12	75.381
321.33	69.664
321.54	71.157
321.75	70.364
321.96	70.352
322.17	70.749
322.38	71.656
322.59	77.689
322.80	76.756
323.00	74.261
323.21	74.765
323.42	74.610
323.63	74.639
323.84	76.640
324.05	73.447
324.26	80.393
324.47	79.449
324.67	73.406
324.88	72.009
325.09	75.997
325.30	79.032
325.51	79.085
325.72	80.810
325.93	82.728
326.13	85.119
326.34	86.652
326.55	79.903
326.76	83.455
326.97	80.014
327.18	79.655
327.39	82.475
327.59	84.095
327.80	84.370
328.01	81.425
328.22	78.377
328.43	79.076
328.64	78.274
328.85	79.134
329.05	81.648
329.26	77.730
329.47	73.679
329.68	72.334
329.89	72.805
330.10	71.473
330.30	69.698
330.51	73.115
330.72	68.634
330.93	69.162
331.14	65.389
331.35	62.302
331.56	61.923
331.76	57.399
331.97	55.823
332.18	55.891
332.39	58.801
332.60	61.384
332.81	58.405
333.01	57.001
333.22	56.000
333.43	56.737
333.64	58.121
333.85	58.509
334.05	58.399
334.26	60.957
334.47	58.414
334.68	57.554
334.89	56.560
335.10	58.868
335.30	58.794
335.51	58.300
335.72	58.813
335.93	59.048
336.14	60.291
336.35	62.329
336.55	62.266
336.76	60.735
336.97	59.457
337.18	61.992
337.39	62.227
337.59	61.743
337.80	61.652
338.01	61.665
338.22	63.611
338.43	64.408
338.63	64.279
338.84	66.371
339.05	64.680
339.26	63.265
339.47	62.555
339.67	60.330
339.88	60.564
340.09	61.442
340.30	61.576
340.51	60.962
340.71	58.714
340.92	58.444
341.13	57.383
341.34	56.764
341.55	54.990
341.75	54.891
341.96	55.411
342.17	54.328
342.38	54.147
342.58	51.565
342.79	51.278
343.00	50.947
343.21	49.908
343.42	50.647
343.62	51.102
343.83	50.763
344.04	51.455
344.25	51.242
344.46	50.108
344.66	49.503
344.87	49.624
345.08	50.318
345.29	51.050
345.49	51.775
345.70	52.081
345.91	51.789
346.12	51.644
346.32	51.816
346.53	50.999
346.74	50.580
346.95	50.757
347.16	50.724
347.36	50.426
347.57	49.886
347.78	49.362
347.99	48.217
348.19	48.177
348.40	49.173
348.61	49.675
348.82	49.378
349.02	48.957
349.23	48.635
349.44	48.586
349.65	48.140
349.85	47.771
350.06	47.851
350.27	47.650
350.48	47.565
350.68	46.420
350.89	46.775
351.10	46.990
351.31	46.864
351.51	46.748
351.72	46.097
351.93	46.380
352.14	45.859
352.34	45.858
352.55	45.647
352.76	45.297
352.96	44.508
353.17	44.716
353.38	44.909
353.59	44.779
353.79	44.468
354.00	43.846
354.21	43.550
354.42	43.166
354.62	43.103
354.83	42.290
355.04	42.572
355.24	42.595
355.45	42.167
355.66	41.963
355.87	41.683
356.07	41.870
356.28	41.788
356.49	41.648
356.70	41.690
356.90	41.888
357.11	41.134
357.32	41.145
357.52	40.790
357.73	40.530
357.94	40.919
358.15	41.106
358.35	40.847
358.56	40.951
358.77	40.638
358.97	40.845
359.18	41.182
359.39	41.131
359.59	40.795
359.80	40.708
360.01	40.580
360.22	40.612
360.42	40.589
360.63	40.446
360.84	40.657
361.04	40.490
361.25	40.506
361.46	40.737
361.66	40.311
361.87	40.245
362.08	40.085
362.29	39.719
362.49	39.272
362.70	39.227
362.91	39.211
363.11	39.272
363.32	39.096
363.53	38.777
363.73	38.793
363.94	38.936
364.15	39.132
364.35	39.371
364.56	39.006
364.77	38.542
364.97	38.603
365.18	38.583
365.39	38.304
365.59	37.863
365.80	37.787
366.01	37.940
366.21	37.854
366.42	37.708
366.63	37.726
366.83	37.718
367.04	37.658
367.25	37.391
367.45	37.332
367.66	37.323
367.87	37.297
368.07	37.080
368.28	36.992
368.49	36.633
368.69	36.392
368.90	36.294
369.11	36.543
369.31	36.504
369.52	36.380
369.73	36.480
369.93	36.384
370.14	36.046
370.35	35.902
370.55	35.797
370.76	35.794
370.97	35.732
371.17	35.677
371.38	35.604
371.58	35.643
371.79	35.637
372.00	35.382
372.20	35.100
372.41	34.860
372.62	34.771
372.82	34.888
373.03	34.794
373.24	34.715
373.44	34.537
373.65	34.371
373.85	34.265
374.06	34.161
374.27	34.167
374.47	34.071
374.68	34.082
374.89	34.034
375.09	33.880
375.30	33.837
375.51	33.682
375.71	33.636
375.92	33.549
376.12	33.532
376.33	33.521
376.54	33.614
376.74	33.584
376.95	33.359
377.15	33.124
377.36	33.184
377.57	33.175
377.77	33.002
377.98	32.858
378.19	32.817
378.39	32.753
378.60	32.617
378.80	32.676
379.01	32.755
379.22	32.816
379.42	32.776
379.63	32.555
379.83	32.644
380.04	32.630
380.25	32.551
380.45	32.388
380.66	32.394
380.86	32.389
381.07	32.287
381.28	32.231
381.48	32.179
381.69	31.930
381.89	31.828
382.10	31.893
382.31	31.789
382.51	31.636
382.72	31.613
382.92	31.518
383.13	31.489
383.33	31.268
383.54	31.088
383.75	31.017
383.95	30.991
384.16	30.876
384.36	30.708
384.57	30.674
384.78	30.651
384.98	30.650
385.19	30.596
385.39	30.663
385.60	30.668
385.80	30.675
386.01	30.731
386.22	30.687
386.42	30.677
386.63	30.635
386.83	30.684
387.04	30.678
387.24	30.698
387.45	30.626
387.65	30.622
387.86	30.682
388.07	30.660
388.27	30.547
388.48	30.380
388.68	30.416
388.89	30.388
389.09	30.356
389.30	30.119
389.50	30.075
389.71	29.940
389.92	29.861
390.12	29.718
390.33	29.700
390.53	29.593
390.74	29.523
390.94	29.508
391.15	29.379
391.35	29.329
391.56	29.378
391.77	29.405
391.97	29.367
392.18	29.252
392.38	29.256
392.59	29.309
392.79	29.442
393.00	29.368
393.20	29.263
393.41	29.199
393.61	29.256
393.82	29.147
394.02	29.256
394.23	29.233
394.43	29.244
394.64	29.155
394.84	29.180
395.05	29.066
395.26	29.096
395.46	29.092
395.67	28.946
395.87	28.844
396.08	28.723
396.28	28.644
396.49	28.600
396.69	28.539
396.90	28.469
397.10	28.367
397.31	28.376
397.51	28.282
397.72	28.193
397.92	28.088
398.13	27.980
398.33	27.736
398.54	27.675
398.74	27.577
398.95	27.455
399.15	27.389
399.36	27.312
399.56	27.243
399.77	27.211
399.97	27.206
400.18	27.158
400.38	27.077
400.59	27.033
400.79	26.969
401.00	26.828
401.20	26.810
401.41	26.704
401.61	26.486
401.82	26.422
402.02	26.314
402.23	26.276
402.43	26.172
402.64	26.166
402.84	26.051
403.05	25.983
403.25	25.926
403.46	25.871
403.66	25.726
403.87	25.579
404.07	25.494
404.27	25.434
404.48	25.294
404.68	25.241
404.89	25.149
405.09	25.123
405.30	25.039
405.50	24.889
405.71	24.878
405.91	24.896
406.12	24.854
406.32	24.857
406.53	24.715
406.73	24.674
406.94	24.567
407.14	24.486
407.34	24.433
407.55	24.381
407.75	24.259
407.96	24.232
408.16	24.213
408.37	24.001
408.57	23.869
408.78	23.834
408.98	23.774
409.19	23.644
409.39	23.542
409.59	23.556
409.80	23.520
410.00	23.353
410.21	23.302
410.41	23.281
410.62	23.136
410.82	23.097
411.03	23.012
411.23	22.974
411.43	22.949
411.64	22.851
411.84	22.735
412.05	22.724
412.25	22.744
412.46	22.630
412.66	22.637
412.86	22.590
413.07	22.506
413.27	22.411
413.48	22.416
413.68	22.330
413.89	22.253
414.09	22.164
414.29	22.077
414.50	22.017
414.70	21.898
414.91	21.896
415.11	21.884
415.32	21.875
415.52	21.836
415.72	21.795
415.93	21.681
416.13	21.629
416.34	21.558
416.54	21.456
416.74	21.390
416.95	21.361
417.15	21.249
417.36	21.204
417.56	21.088
417.76	21.055
417.97	20.976
418.17	20.896
418.38	20.793
418.58	20.748
418.78	20.634
418.99	20.543
419.19	20.442
419.40	20.375
419.60	20.211
419.80	20.136
420.01	20.092
420.21	20.130
420.42	20.095
420.62	19.981
420.82	19.877
421.03	19.797
421.23	19.763
421.44	19.793
421.64	19.710
421.84	19.750
422.05	19.634
422.25	19.668
422.45	19.645
422.66	19.674
422.86	19.614
423.07	19.591
423.27	19.571
423.47	19.497
423.68	19.448
423.88	19.482
424.08	19.447
424.29	19.361
424.49	19.280
424.70	19.274
424.90	19.313
425.10	19.333
425.31	19.310
425.51	19.212
425.71	19.141
425.92	19.128
426.12	19.035
426.32	18.980
426.53	18.845
426.73	18.740
426.93	18.657
427.14	18.647
427.34	18.599
427.55	18.550
427.75	18.501
427.95	18.417
428.16	18.422
428.36	18.363
428.56	18.311
428.77	18.291
428.97	18.202
429.17	18.113
429.38	18.065
429.58	18.090
429.78	18.108
429.99	18.075
430.19	18.041
430.39	18.069
430.60	18.025
430.80	18.046
431.00	18.016
431.21	17.971
431.41	17.936
431.61	17.904
431.82	17.834
432.02	17.832
432.22	17.864
432.43	17.808
432.63	17.789
432.83	17.787
433.04	17.776
433.24	17.751
433.44	17.692
433.65	17.695
433.85	17.589
434.05	17.571
434.25	17.538
434.46	17.529
434.66	17.482
434.86	17.506
435.07	17.496
435.27	17.539
435.47	17.536
435.68	17.493
435.88	17.455
436.08	17.480
436.29	17.504
436.49	17.499
436.69	17.474
436.89	17.428
437.10	17.410
437.30	17.382
437.50	17.386
437.71	17.401
437.91	17.384
438.11	17.452
438.32	17.416
438.52	17.406
438.72	17.389
438.92	17.415
439.13	17.413
439.33	17.418
439.53	17.393
439.74	17.368
439.94	17.393
440.14	17.442
440.34	17.462
440.55	17.449
440.75	17.410
440.95	17.449
441.15	17.500
441.36	17.527
441.56	17.526
441.76	17.561
441.97	17.592
442.17	17.576
442.37	17.547
442.57	17.568
442.78	17.544
442.98	17.561
443.18	17.530
443.38	17.509
443.59	17.472
443.79	17.483
443.99	17.562
444.19	17.578
444.40	17.588
444.60	17.570
444.80	17.554
445.00	17.569
445.21	17.592
445.41	17.577
445.61	17.579
445.81	17.628
446.02	17.576
446.22	17.586
446.42	17.586
446.62	17.557
446.83	17.537
447.03	17.631
447.23	17.650
447.43	17.677
447.64	17.699
447.84	17.700
448.04	17.697
448.24	17.702
448.45	17.705
448.65	17.690
448.85	17.694
449.05	17.741
449.26	17.774
449.46	17.739
449.66	17.756
449.86	17.765
450.06	17.765
450.27	17.864
450.47	17.934
450.67	17.966
450.87	18.038
451.08	18.073
451.28	18.057
451.48	18.043
451.68	18.089
451.88	18.110
452.09	18.178
452.29	18.255
452.49	18.248
452.69	18.301
452.89	18.362
453.10	18.417
453.30	18.403
453.50	18.449
453.70	18.485
453.90	18.529
454.11	18.561
454.31	18.572
454.51	18.570
454.71	18.560
454.91	18.571
455.12	18.633
455.32	18.693
455.52	18.728
455.72	18.783
455.92	18.825
456.13	18.872
456.33	18.897
456.53	18.928
456.73	18.945
456.93	18.967
457.14	18.976
457.34	19.037
457.54	19.096
457.74	19.103
457.94	19.149
458.14	19.134
458.35	19.158
458.55	19.214
458.75	19.262
458.95	19.321
459.15	19.389
459.36	19.398
459.56	19.372
459.76	19.463
459.96	19.499
460.16	19.480
460.36	19.526
460.57	19.535
460.77	19.532
460.97	19.595
461.17	19.629
461.37	19.683
461.57	19.691
461.77	19.742
461.98	19.744
462.18	19.798
462.38	19.885
462.58	19.910
462.78	19.920
462.98	19.954
463.19	19.990
463.39	19.992
463.59	20.034
463.79	20.086
463.99	20.071
464.19	20.125
464.39	20.180
464.60	20.196
464.80	20.262
465.00	20.303
465.20	20.350
465.40	20.387
465.60	20.403
465.80	20.438
466.01	20.464
466.21	20.518
466.41	20.526
466.61	20.580
466.81	20.681
467.01	20.721
467.21	20.749
467.41	20.730
467.62	20.815
467.82	20.832
468.02	20.885
468.22	20.919
468.42	20.932
468.62	20.992
468.82	21.024
469.02	21.046
469.22	21.094
469.43	21.101
469.63	21.147
469.83	21.188
470.03	21.208
470.23	21.263
470.43	21.306
470.63	21.360
470.83	21.356
471.03	21.355
471.24	21.361
471.44	21.388
471.64	21.449
471.84	21.449
472.04	21.492
472.24	21.563
472.44	21.601
472.64	21.652
472.84	21.648
473.04	21.689
473.25	21.716
473.45	21.751
473.65	21.806
473.85	21.853
474.05	21.892
474.25	21.951
474.45	22.023
474.65	22.090
474.85	22.110
475.05	22.188
475.25	22.210
475.45	22.285
475.66	22.317
475.86	22.357
476.06	22.418
476.26	22.491
476.46	22.496
476.66	22.528
476.86	22.551
477.06	22.619
477.26	22.693
477.46	22.777
477.66	22.815
477.86	22.846
478.06	22.866
478.26	22.913
478.46	22.964
478.67	22.979
478.87	23.013
479.07	23.062
479.27	23.091
479.47	23.134
479.67	23.181
479.87	23.210
480.07	23.254
480.27	23.300
480.47	23.310
480.67	23.356
480.87	23.422
481.07	23.478
481.27	23.508
481.47	23.523
481.67	23.542
481.87	23.577
482.07	23.599
482.27	23.659
482.47	23.682
482.67	23.688
482.87	23.720
483.07	23.725
483.28	23.777
483.48	23.825
483.68	23.874
483.88	23.914
484.08	23.968
484.28	23.993
484.48	24.015
484.68	24.044
484.88	24.082
485.08	24.105
485.28	24.100
485.48	24.140
485.68	24.172
485.88	24.190
486.08	24.220
486.28	24.298
486.48	24.294
486.68	24.347
486.88	24.400
487.08	24.442
487.28	24.473
487.48	24.487
487.68	24.514
487.88	24.555
488.08	24.577
488.28	24.618
488.48	24.688
488.68	24.711
488.88	24.752
489.08	24.806
489.28	24.852
489.48	24.878
489.68	24.923
489.88	24.971
490.08	25.009
490.28	25.050
490.48	25.052
490.68	25.108
490.88	25.138
491.08	25.193
491.28	25.194
491.48	25.251
491.68	25.301
491.88	25.349
492.08	25.355
492.28	25.403
492.48	25.447
492.68	25.440
492.88	25.475
493.08	25.529
493.28	25.554
493.48	25.560
493.67	25.611
493.87	25.610
494.07	25.648
494.27	25.659
494.47	25.685
494.67	25.723
494.87	25.734
495.07	25.758
495.27	25.758
495.47	25.814
495.67	25.843
495.87	25.882
496.07	25.872
496.27	25.899
496.47	25.914
496.67	25.929
496.87	25.971
497.07	26.006
497.27	26.029
497.47	26.029
497.67	26.074
497.87	26.114
498.06	26.145
498.26	26.134
498.46	26.179
498.66	26.199
498.86	26.228
499.06	26.257
499.26	26.284
499.46	26.349
499.66	26.394
499.86	26.415
500.06	26.421
500.26	26.452
500.46	26.481
500.66	26.483
500.86	26.496
501.05	26.524
501.25	26.553
501.45	26.563
501.65	26.608
501.85	26.632
502.05	26.658
502.25	26.683
502.45	26.732
502.65	26.765
502.85	26.823
503.05	26.859
503.24	26.889
503.44	26.921
503.64	26.920
503.84	26.916
504.04	26.924
504.24	26.957
504.44	26.987
504.64	27.020
504.84	27.067
505.04	27.103
505.24	27.130
505.43	27.136
505.63	27.150
505.83	27.177
506.03	27.197
506.23	27.226
506.43	27.266
506.63	27.292
506.83	27.319
507.03	27.312
507.22	27.324
507.42	27.370
507.62	27.399
507.82	27.408
508.02	27.424
508.22	27.466
508.42	27.496
508.62	27.512
508.81	27.545
509.01	27.572
509.21	27.614
509.41	27.621
509.61	27.667
509.81	27.706
510.01	27.735
510.21	27.771
510.40	27.820
510.60	27.851
510.80	27.873
511.00	27.886
511.20	27.924
511.40	27.968
511.60	27.977
511.79	27.999
511.99	28.036
512.19	28.083
512.39	28.091
512.59	28.128
512.79	28.188
512.99	28.208
513.18	28.231
513.38	28.276
513.58	28.325
513.78	28.374
513.98	28.428
514.18	28.473
514.37	28.479
514.57	28.492
514.77	28.511
514.97	28.562
515.17	28.609
515.37	28.648
515.56	28.667
515.76	28.724
515.96	28.752
516.16	28.802
516.36	28.809
516.56	28.856
516.75	28.882
516.95	28.908
517.15	28.963
517.35	28.990
517.55	29.000
517.75	29.026
517.94	29.036
518.14	29.052
518.34	29.060
518.54	29.102
518.74	29.117
518.93	29.179
519.13	29.203
519.33	29.255
519.53	29.293
519.73	29.338
519.92	29.364
520.12	29.439
520.32	29.470
520.52	29.539
520.72	29.592
520.91	29.623
521.11	29.656
521.31	29.695
521.51	29.762
521.71	29.819
521.90	29.862
522.10	29.922
522.30	29.958
522.50	30.015
522.70	30.096
522.89	30.166
523.09	30.204
523.29	30.263
523.49	30.300
523.69	30.346
523.88	30.425
524.08	30.484
524.28	30.525
524.48	30.589
524.67	30.635
524.87	30.694
525.07	30.764
525.27	30.832
525.46	30.869
525.66	30.928
525.86	30.998
526.06	31.083
526.26	31.141
526.45	31.215
526.65	31.292
526.85	31.339
527.05	31.402
527.24	31.465
527.44	31.518
527.64	31.579
527.84	31.647
528.03	31.701
528.23	31.768
528.43	31.834
528.63	31.892
528.82	31.963
529.02	32.022
529.22	32.092
529.42	32.172
529.61	32.266
529.81	32.341
530.01	32.405
530.21	32.487
530.40	32.556
530.60	32.640
530.80	32.725
531.00	32.801
531.19	32.877
531.39	32.969
531.59	33.051
531.78	33.159
531.98	33.228
532.18	33.291
532.38	33.380
532.57	33.442
532.77	33.523
532.97	33.610
533.16	33.699
533.36	33.771
533.56	33.837
533.76	33.909
533.95	33.971
534.15	34.042
534.35	34.101
534.55	34.177
534.74	34.242
534.94	34.309
535.14	34.380
535.33	34.474
535.53	34.553
535.73	34.630
535.92	34.697
536.12	34.778
536.32	34.858
536.52	34.944
536.71	35.021
536.91	35.115
537.11	35.193
537.30	35.278
537.50	35.362
537.70	35.444
537.89	35.530
538.09	35.620
538.29	35.695
538.48	35.761
538.68	35.856
538.88	35.955
539.08	36.039
539.27	36.144
539.47	36.229
539.67	36.297
539.86	36.393
540.06	36.476
540.26	36.587
540.45	36.680
540.65	36.768
540.85	36.859
541.04	36.954
541.24	37.038
541.44	37.126
541.63	37.220
541.83	37.327
542.03	37.413
542.22	37.508
542.42	37.612
542.62	37.724
542.81	37.808
543.01	37.914
543.21	38.020
543.40	38.115
543.60	38.214
543.79	38.321
543.99	38.407
544.19	38.501
544.38	38.586
544.58	38.670
544.78	38.730
544.97	38.824
545.17	38.917
545.37	39.026
545.56	39.112
545.76	39.197
545.96	39.288
546.15	39.394
546.35	39.514
546.54	39.609
546.74	39.686
546.94	39.792
547.13	39.861
547.33	39.949
547.53	40.040
547.72	40.131
547.92	40.224
548.11	40.337
548.31	40.420
548.51	40.502
548.70	40.599
548.90	40.728
549.10	40.828
549.29	40.922
549.49	41.029
549.68	41.138
549.88	41.249
550.08	41.334
550.27	41.428
550.47	41.506
550.66	41.598
550.86	41.711
551.06	41.803
551.25	41.900
551.45	41.987
551.64	42.086
551.84	42.169
552.04	42.254
552.23	42.327
552.43	42.431
552.62	42.514
552.82	42.618
553.02	42.710
553.21	42.811
553.41	42.896
553.60	42.985
553.80	43.053
554.00	43.141
554.19	43.234
554.39	43.320
554.58	43.419
554.78	43.499
554.97	43.593
555.17	43.670
555.37	43.764
555.56	43.865
555.76	43.933
555.95	44.012
556.15	44.081
556.34	44.147
556.54	44.234
556.74	44.335
556.93	44.445
557.13	44.500
557.32	44.558
557.52	44.642
557.71	44.711
557.91	44.790
558.10	44.845
558.30	44.941
558.50	45.048
558.69	45.120
558.89	45.210
559.08	45.282
559.28	45.367
559.47	45.445
559.67	45.513
559.86	45.624
560.06	45.713
560.25	45.826
560.45	45.938
560.65	46.002
560.84	46.079
561.04	46.135
561.23	46.229
561.43	46.340
561.62	46.404
561.82	46.460
562.01	46.558
562.21	46.674
562.40	46.739
562.60	46.804
562.79	46.901
562.99	46.972
563.18	47.062
563.38	47.158
563.57	47.234
563.77	47.327
563.96	47.384
564.16	47.473
564.36	47.533
564.55	47.612
564.75	47.699
564.94	47.797
565.14	47.877
565.33	47.966
565.53	48.044
565.72	48.131
565.92	48.223
566.11	48.286
566.31	48.356
566.50	48.426
566.70	48.493
566.89	48.535
567.09	48.622
567.28	48.670
567.48	48.739
567.67	48.831
567.87	48.890
568.06	48.949
568.26	49.004
568.45	49.083
568.64	49.153
568.84	49.229
569.03	49.284
569.23	49.360
569.42	49.432
569.62	49.495
569.81	49.568
570.01	49.666
570.20	49.763
570.40	49.835
570.59	49.935
570.79	50.024
570.98	50.110
571.18	50.159
571.37	50.255
571.57	50.324
571.76	50.381
571.95	50.455
572.15	50.542
572.34	50.640
572.54	50.690
572.73	50.771
572.93	50.860
573.12	50.933
573.32	51.002
573.51	51.078
573.71	51.157
573.90	51.229
574.09	51.281
574.29	51.318
574.48	51.361
574.68	51.424
574.87	51.480
575.07	51.533
575.26	51.613
575.46	51.682
575.65	51.737
575.84	51.811
576.04	51.861
576.23	51.914
576.43	51.960
576.62	52.033
576.82	52.102
577.01	52.153
577.20	52.212
577.40	52.290
577.59	52.356
577.79	52.394
577.98	52.441
578.18	52.478
578.37	52.561
578.56	52.642
578.76	52.703
578.95	52.755
579.15	52.824
579.34	52.892
579.53	52.933
579.73	52.999
579.92	53.060
580.12	53.130
580.31	53.188
580.50	53.265
580.70	53.327
580.89	53.371
581.09	53.419
581.28	53.499
581.47	53.534
581.67	53.570
581.86	53.633
582.06	53.707
582.25	53.791
582.44	53.848
582.64	53.899
582.83	53.933
583.03	53.979
583.22	54.043
583.41	54.091
583.61	54.158
583.80	54.215
583.99	54.294
584.19	54.352
584.38	54.394
584.58	54.435
584.77	54.510
584.96	54.541
585.16	54.613
585.35	54.652
585.54	54.714
585.74	54.780
585.93	54.847
586.13	54.890
586.32	54.950
586.51	55.004
586.71	55.068
586.90	55.141
587.09	55.196
587.29	55.238
587.48	55.295
587.67	55.367
587.87	55.420
588.06	55.434
588.25	55.485
588.45	55.579
588.64	55.645
588.83	55.692
589.03	55.746
589.22	55.780
589.41	55.838
589.61	55.890
589.80	55.933
589.99	55.970
590.19	56.044
590.38	56.086
590.57	56.148
590.77	56.185
590.96	56.234
591.15	56.293
591.35	56.361
591.54	56.413
591.73	56.440
591.93	56.489
592.12	56.537
592.31	56.577
592.51	56.612
592.70	56.656
592.89	56.691
593.09	56.751
593.28	56.787
593.47	56.826
593.67	56.890
593.86	56.951
594.05	56.990
594.25	57.015
594.44	57.073
594.63	57.102
594.82	57.133
595.02	57.155
595.21	57.189
595.40	57.208
595.60	57.251
595.79	57.288
595.98	57.344
596.17	57.405
596.37	57.464
596.56	57.507
596.75	57.535
596.95	57.577
597.14	57.642
597.33	57.692
597.52	57.735
597.72	57.745
597.91	57.781
598.10	57.823
598.30	57.862
598.49	57.897
598.68	57.950
598.87	57.986
599.07	58.037
599.26	58.104
599.45	58.139
599.65	58.181
599.84	58.240
600.03	58.260
600.22	58.307
600.42	58.313
600.61	58.363
600.80	58.410
600.99	58.459
601.19	58.508
601.38	58.560
601.57	58.590
601.76	58.647
601.96	58.700
602.15	58.753
602.34	58.778
602.53	58.792
602.73	58.856
602.92	58.923
603.11	58.986
603.30	59.020
603.50	59.071
603.69	59.127
603.88	59.152
604.07	59.216
604.26	59.229
604.46	59.300
604.65	59.335
604.84	59.369
605.03	59.421
605.23	59.433
605.42	59.459
605.61	59.489
605.80	59.542
606.00	59.553
606.19	59.595
606.38	59.646
606.57	59.711
606.76	59.729
606.96	59.762
607.15	59.793
607.34	59.809
607.53	59.858
607.72	59.898
607.92	59.954
608.11	59.986
608.30	60.041
608.49	60.082
608.68	60.090
608.88	60.135
609.07	60.153
609.26	60.175
609.45	60.207
609.64	60.266
609.84	60.269
610.03	60.304
610.22	60.345
610.41	60.383
610.60	60.402
610.80	60.437
610.99	60.497
611.18	60.513
611.37	60.567
611.56	60.609
611.76	60.628
611.95	60.657
612.14	60.696
612.33	60.726
612.52	60.751
612.71	60.792
612.91	60.805
613.10	60.837
613.29	60.887
613.48	60.950
613.67	60.975
613.86	61.012
614.06	61.062
614.25	61.094
614.44	61.128
614.63	61.172
614.82	61.195
615.01	61.204
615.20	61.251
615.40	61.284
615.59	61.306
615.78	61.328
615.97	61.347
616.16	61.365
616.35	61.385
616.55	61.436
616.74	61.472
616.93	61.510
617.12	61.550
617.31	61.577
617.50	61.611
617.69	61.665
617.88	61.707
618.08	61.727
618.27	61.770
618.46	61.804
618.65	61.828
618.84	61.852
619.03	61.866
619.22	61.897
619.42	61.899
619.61	61.919
619.80	61.940
619.99	61.961
620.18	61.991
620.37	62.030
620.56	62.053
620.75	62.093
620.94	62.131
621.14	62.178
621.33	62.214
621.52	62.225
621.71	62.234
621.90	62.251
622.09	62.290
622.28	62.319
622.47	62.352
622.66	62.368
622.85	62.397
623.05	62.453
623.24	62.468
623.43	62.505
623.62	62.545
623.81	62.595
624.00	62.635
624.19	62.650
624.38	62.671
624.57	62.680
624.76	62.719
624.95	62.721
625.15	62.724
625.34	62.729
625.53	62.736
625.72	62.763
625.91	62.826
626.10	62.850
626.29	62.883
626.48	62.888
626.67	62.933
626.86	62.982
627.05	62.995
627.24	63.045
627.43	63.072
627.62	63.088
627.82	63.104
628.01	63.157
628.20	63.180
628.39	63.198
628.58	63.228
628.77	63.239
628.96	63.293
629.15	63.328
629.34	63.393
629.53	63.424
629.72	63.481
629.91	63.465
630.10	63.494
630.29	63.503
630.48	63.554
630.67	63.573
630.86	63.605
631.05	63.632
631.24	63.634
631.43	63.650
631.62	63.704
631.81	63.727
632.00	63.747
632.20	63.812
632.39	63.862
632.58	63.898
632.77	63.937
632.96	63.951
633.15	63.973
633.34	63.961
633.53	63.976
633.72	63.990
633.91	64.040
634.10	64.054
634.29	64.078
634.48	64.091
634.67	64.108
634.86	64.125
635.05	64.170
635.24	64.207
635.43	64.251
635.62	64.263
635.81	64.319
636.00	64.352
636.19	64.367
636.38	64.379
636.57	64.407
636.76	64.416
636.95	64.438
637.14	64.442
637.33	64.496
637.52	64.558
637.71	64.567
637.90	64.584
638.09	64.594
638.28	64.604
638.47	64.636
638.66	64.665
638.85	64.690
639.04	64.679
639.23	64.686
639.41	64.725
639.60	64.757
639.79	64.745
639.98	64.737
640.17	64.746
640.36	64.788
640.55	64.806
640.74	64.838
640.93	64.894
641.12	64.910
641.31	64.938
641.50	64.961
641.69	64.983
641.88	64.981
642.07	65.018
642.26	65.045
642.45	65.070
642.64	65.126
642.83	65.138
643.02	65.169
643.21	65.218
643.40	65.261
643.59	65.266
643.77	65.306
643.96	65.364
644.15	65.367
644.34	65.401
644.53	65.425
644.72	65.464
644.91	65.473
645.10	65.504
645.29	65.505
645.48	65.541
645.67	65.545
645.86	65.579
646.05	65.606
646.24	65.618
646.42	65.659
646.61	65.660
646.80	65.698
646.99	65.751
647.18	65.761
647.37	65.754
647.56	65.788
647.75	65.804
647.94	65.811
648.13	65.879
648.32	65.887
648.50	65.932
648.69	65.969
648.88	65.988
649.07	66.058
649.26	66.092
649.45	66.085
649.64	66.143
649.83	66.194
650.02	66.238
650.21	66.279
650.39	66.280
650.58	66.293
650.77	66.293
650.96	66.301
651.15	66.334
651.34	66.326
651.53	66.366
651.72	66.376
651.90	66.380
652.09	66.405
652.28	66.385
652.47	66.385
652.66	66.372
652.85	66.396
653.04	66.401
653.23	66.410
653.41	66.460
653.60	66.461
653.79	66.479
653.98	66.487
654.17	66.512
654.36	66.552
654.55	66.600
654.73	66.630
654.92	66.648
655.11	66.690
655.30	66.762
655.49	66.765
655.68	66.822
655.87	66.870
656.05	66.905
656.24	66.961
656.43	66.972
656.62	67.009
656.81	67.027
657.00	67.039
657.18	67.078
657.37	67.078
657.56	67.143
657.75	67.150
657.94	67.190
658.13	67.209
658.31	67.239
658.50	67.239
658.69	67.278
658.88	67.306
659.07	67.277
659.26	67.280
659.44	67.315
659.63	67.320
659.82	67.335
660.01	67.332
660.20	67.340
660.38	67.390
660.57	67.438
660.76	67.469
660.95	67.507
661.14	67.534
661.32	67.529
661.51	67.500
661.70	67.514
661.89	67.517
662.08	67.536
662.26	67.535
662.45	67.568
662.64	67.581
662.83	67.632
663.02	67.684
663.20	67.697
663.39	67.704
663.58	67.728
663.77	67.742
663.96	67.763
664.14	67.795
664.33	67.761
664.52	67.783
664.71	67.788
664.89	67.773
665.08	67.736
665.27	67.797
665.46	67.855
665.64	67.908
665.83	67.942
666.02	67.953
666.21	67.967
666.40	67.989
666.58	67.980
666.77	67.952
666.96	67.978
667.15	68.004
667.33	68.042
667.52	68.042
667.71	68.052
667.90	68.051
668.08	68.093
668.27	68.162
668.46	68.171
668.65	68.199
668.83	68.251
669.02	68.310
669.21	68.314
669.40	68.322
669.58	68.308
669.77	68.307
669.96	68.329
670.14	68.362
670.33	68.369
670.52	68.389
670.71	68.407
670.89	68.409
671.08	68.436
671.27	68.446
671.46	68.495
671.64	68.533
671.83	68.554
672.02	68.566
672.20	68.570
672.39	68.549
672.58	68.553
672.77	68.582
672.95	68.575
673.14	68.608
673.33	68.614
673.51	68.655
673.70	68.677
673.89	68.707
674.08	68.737
674.26	68.771
674.45	68.831
674.64	68.853
674.82	68.867
675.01	68.867
675.20	68.859
675.38	68.867
675.57	68.846
675.76	68.847
675.94	68.865
676.13	68.876
676.32	68.934
676.51	68.965
676.69	68.976
676.88	69.012
677.07	69.020
677.25	69.051
677.44	69.045
677.63	69.079
677.81	69.080
678.00	69.064
678.19	69.056
678.37	69.050
678.56	69.093
678.75	69.116
678.93	69.166
679.12	69.180
679.31	69.175
679.49	69.219
679.68	69.244
679.87	69.236
680.05	69.227
680.24	69.222
680.42	69.256
680.61	69.250
680.80	69.278
680.98	69.303
681.17	69.316
681.36	69.377
681.54	69.374
681.73	69.400
681.92	69.451
682.10	69.477
682.29	69.527
682.48	69.526
682.66	69.553
682.85	69.582
683.03	69.637
683.22	69.670
683.41	69.676
683.59	69.699
683.78	69.725
683.97	69.752
684.15	69.789
684.34	69.785
684.52	69.812
684.71	69.817
684.90	69.834
685.08	69.841
685.27	69.832
685.45	69.837
685.64	69.854
685.83	69.857
686.01	69.890
686.20	69.876
686.39	69.875
686.57	69.903
686.76	69.879
686.94	69.871
687.13	69.885
687.31	69.916
687.50	69.967
687.69	70.001
687.87	70.012
688.06	70.047
688.24	70.091
688.43	70.109
688.62	70.150
688.80	70.148
688.99	70.159
689.17	70.158
689.36	70.174
689.55	70.195
689.73	70.226
689.92	70.236
690.10	70.253
690.29	70.301
690.47	70.288
690.66	70.339
690.84	70.392
691.03	70.404
691.22	70.408
691.40	70.415
691.59	70.427
691.77	70.490
691.96	70.469
692.14	70.466
692.33	70.475
692.52	70.509
692.70	70.501
692.89	70.531
693.07	70.567
693.26	70.594
693.44	70.611
693.63	70.616
693.81	70.618
694.00	70.656
694.18	70.660
694.37	70.690
694.55	70.661
694.74	70.646
694.93	70.683
695.11	70.688
695.30	70.694
695.48	70.732
695.67	70.722
695.85	70.739
696.04	70.726
696.22	70.713
696.41	70.729
696.59	70.760
696.78	70.775
696.96	70.801
697.15	70.812
697.33	70.858
697.52	70.916
697.70	70.973
697.89	70.987
698.07	70.985
698.26	70.965
698.44	71.023
698.63	71.020
698.81	71.023
699.00	71.045
699.18	71.043
699.37	71.034
699.55	71.089
699.74	71.063
699.92	71.100
700.11	71.173
700.29	71.166
700.48	71.215
700.66	71.220
700.85	71.210
701.03	71.235
701.22	71.213
701.40	71.164
701.59	71.137
701.77	71.139
701.96	71.171
702.14	71.209
702.33	71.205
702.51	71.222
702.69	71.242
702.88	71.270
703.06	71.275
703.25	71.298
703.43	71.297
703.62	71.347
703.80	71.378
703.99	71.336
704.17	71.362
704.36	71.390
704.54	71.414
704.73	71.437
704.91	71.439
705.09	71.473
705.28	71.475
705.46	71.488
705.65	71.498
705.83	71.480
706.02	71.498
706.20	71.531
706.38	71.544
706.57	71.558
706.75	71.586
706.94	71.620
707.12	71.609
707.31	71.593
707.49	71.628
707.67	71.629
707.86	71.642
708.04	71.629
708.23	71.635
708.41	71.617
708.60	71.666
708.78	71.700
708.96	71.685
709.15	71.702
709.33	71.737
709.52	71.751
709.70	71.809
709.88	71.824
710.07	71.834
710.25	71.868
710.44	71.871
710.62	71.865
710.80	71.895
710.99	71.946
711.17	71.945
711.36	71.942
711.54	71.960
711.72	72.037
711.91	72.065
712.09	72.082
712.28	72.123
712.46	72.120
712.64	72.121
712.83	72.144
713.01	72.185
713.20	72.183
713.38	72.203
713.56	72.191
713.75	72.182
713.93	72.202
714.11	72.207
714.30	72.228
714.48	72.264
714.66	72.257
714.85	72.242
715.03	72.311
715.22	72.317
715.40	72.310
715.58	72.295
715.77	72.293
715.95	72.295
716.13	72.276
716.32	72.267
716.50	72.291
716.68	72.335
716.87	72.359
717.05	72.403
717.23	72.406
717.42	72.417
717.60	72.471
717.78	72.475
717.97	72.464
718.15	72.472
718.33	72.485
718.52	72.453
718.70	72.467
718.88	72.456
719.07	72.460
719.25	72.509
719.43	72.509
719.62	72.523
719.80	72.558
719.98	72.580
720.17	72.612
720.35	72.576
720.53	72.590
720.72	72.594
720.90	72.587
721.08	72.621
721.27	72.625
721.45	72.615
721.63	72.615
721.81	72.654
722.00	72.666
722.18	72.692
722.36	72.740
722.55	72.803
722.73	72.846
722.91	72.897
723.10	72.896
723.28	72.912
723.46	72.913
723.64	72.946
723.83	72.982
724.01	72.999
724.19	73.045
724.38	73.030
724.56	73.052
724.74	73.064
724.92	73.052
725.11	73.090
725.29	73.130
725.47	73.120
725.66	73.138
725.84	73.134
726.02	73.096
726.20	73.128
726.39	73.126
726.57	73.141
726.75	73.086
726.93	73.077
727.12	73.131
727.30	73.169
727.48	73.141
727.66	73.156
727.85	73.167
728.03	73.195
728.21	73.219
728.39	73.208
728.58	73.174
728.76	73.210
728.94	73.220
729.12	73.183
729.31	73.209
729.49	73.231
729.67	73.264
729.85	73.314
730.04	73.309
730.22	73.254
730.40	73.247
730.58	73.296
730.76	73.340
730.95	73.334
731.13	73.337
731.31	73.345
731.49	73.352
731.68	73.357
731.86	73.378
732.04	73.409
732.22	73.441
732.40	73.455
732.59	73.431
732.77	73.467
732.95	73.522
733.13	73.544
733.31	73.513
733.50	73.561
733.68	73.560
733.86	73.613
734.04	73.644
734.22	73.639
734.41	73.656
734.59	73.636
734.77	73.604
734.95	73.624
735.13	73.633
735.32	73.697
735.50	73.678
735.68	73.700
735.86	73.688
736.04	73.682
736.22	73.720
736.41	73.749
736.59	73.747
736.77	73.734
736.95	73.748
737.13	73.811
737.32	73.788
737.50	73.819
737.68	73.786
737.86	73.799
738.04	73.832
738.22	73.819
738.41	73.856
738.59	73.879
738.77	73.878
738.95	73.889
739.13	73.884
739.31	73.924
739.49	73.922
739.68	73.957
739.86	73.980
740.04	74.020
740.22	74.082
740.40	74.071
740.58	74.083
740.76	74.129
740.95	74.114
741.13	74.132
741.31	74.130
741.49	74.163
741.67	74.216
741.85	74.181
742.03	74.208
742.21	74.237
742.40	74.290
742.58	74.293
742.76	74.310
742.94	74.293
743.12	74.318
743.30	74.334
743.48	74.366
743.66	74.367
743.85	74.376
744.03	74.358
744.21	74.382
744.39	74.424
744.57	74.391
744.75	74.457
744.93	74.460
745.11	74.431
745.29	74.433
745.47	74.388
745.66	74.435
745.84	74.468
746.02	74.433
746.20	74.436
746.38	74.427
746.56	74.420
746.74	74.434
746.92	74.437
747.10	74.393
747.28	74.362
747.46	74.398
747.64	74.446
747.83	74.476
748.01	74.520
748.19	74.514
748.37	74.510
748.55	74.466
748.73	74.463
748.91	74.518
749.09	74.515
749.27	74.564
749.45	74.568
749.63	74.568
749.81	74.610
749.99	74.606
750.17	74.665
750.35	74.738
750.53	74.714
750.72	74.699
750.90	74.760
751.08	74.738
751.26	74.765
751.44	74.727
751.62	74.716
751.80	74.687
751.98	74.725
752.16	74.762
752.34	74.770
752.52	74.789
752.70	74.776
752.88	74.859
753.06	74.859
753.24	74.868
753.42	74.881
753.60	74.888
753.78	74.905
753.96	74.925
754.14	74.911
754.32	74.925
754.50	74.941
754.68	74.942
754.86	74.977
755.04	74.963
755.22	74.964
755.40	74.981
755.58	74.990
755.76	74.980
755.94	74.974
756.12	75.020
756.30	75.039
756.48	75.051
756.66	75.010
756.84	75.061
757.02	75.084
757.20	75.116
757.38	75.133
757.56	75.138
757.74	75.117
757.92	75.126
758.10	75.155
758.28	75.157
758.46	75.166
758.64	75.212
758.82	75.240
759.00	75.266
759.18	75.247
759.36	75.277
759.54	75.298
759.72	75.340
759.90	75.322
760.08	75.343
760.26	75.357
760.44	75.347
760.62	75.335
760.80	75.341
760.98	75.335
761.16	75.332
761.33	75.344
761.51	75.395
761.69	75.390
761.87	75.395
762.05	75.440
762.23	75.473
762.41	75.484
762.59	75.464
762.77	75.449
762.95	75.495
763.13	75.472
763.31	75.448
763.49	75.430
763.67	75.393
763.85	75.373
764.03	75.360
764.21	75.413
764.38	75.417
764.56	75.407
764.74	75.434
764.92	75.430
765.10	75.461
765.28	75.428
765.46	75.447
765.64	75.470
765.82	75.454
766.00	75.461
766.18	75.427
766.35	75.413
766.53	75.458
766.71	75.415
766.89	75.416
767.07	75.460
767.25	75.490
767.43	75.538
767.61	75.552
767.79	75.587
767.97	75.601
768.14	75.573
768.32	75.608
768.50	75.599
768.68	75.627
768.86	75.624
769.04	75.650
769.22	75.651
769.40	75.651
769.58	75.678
769.75	75.674
769.93	75.689
770.11	75.716
770.29	75.723
770.47	75.764
770.65	75.755
770.83	75.764
771.00	75.745
771.18	75.807
771.36	75.835
771.54	75.805
771.72	75.784
771.90	75.867
772.08	75.821
772.25	75.851
772.43	75.847
772.61	75.801
772.79	75.846
772.97	75.833
773.15	75.837
773.33	75.877
773.50	75.847
773.68	75.847
773.86	75.820
774.04	75.844
774.22	75.820
774.40	75.899
774.57	75.890
774.75	75.909
774.93	75.898
775.11	75.924
775.29	76.009
775.46	76.013
775.64	75.992
775.82	76.036
776.00	76.033
776.18	76.028
776.36	76.051
776.53	75.985
776.71	76.070
776.89	76.088
777.07	76.114
777.25	76.173
777.42	76.191
777.60	76.229
777.78	76.250
777.96	76.327
778.14	76.281
778.31	76.269
778.49	76.263
778.67	76.271
778.85	76.266
779.03	76.274
779.20	76.298
779.38	76.267
779.56	76.273
779.74	76.247
779.91	76.314
780.09	76.389
780.27	76.426
780.45	76.371
780.63	76.416
780.80	76.377
780.98	76.363
781.16	76.357
781.34	76.423
781.51	76.399
781.69	76.385
781.87	76.434
782.05	76.458
782.22	76.467
782.40	76.473
782.58	76.494
782.76	76.474
782.93	76.463
783.11	76.493
783.29	76.554
783.47	76.587
783.64	76.583
783.82	76.582
784.00	76.622
784.18	76.628
784.35	76.633
784.53	76.603
784.71	76.601
784.89	76.650
785.06	76.658
785.24	76.654
785.42	76.684
785.60	76.685
785.77	76.672
785.95	76.726
786.13	76.734
786.30	76.803
786.48	76.861
786.66	76.886
786.84	76.916
787.01	76.911
787.19	76.942
787.37	76.941
787.54	76.968
787.72	76.971
787.90	77.004
788.07	76.961
788.25	77.029
788.43	77.011
788.61	77.012
788.78	77.026
788.96	77.071
789.14	77.062
789.31	77.085
789.49	77.192
789.67	77.162
789.84	77.107
790.02	77.047
790.20	77.019
790.37	77.043
790.55	77.024
790.73	77.003
790.90	76.985
791.08	76.980
791.26	76.926
791.43	76.865
791.61	76.896
791.79	76.879
791.96	76.873
792.14	76.908
792.32	76.883
792.49	76.864
792.67	76.819
792.85	76.790
793.02	76.800
793.20	76.754
793.38	76.743
793.55	76.800
793.73	76.826
793.91	76.843
794.08	76.849
794.26	76.935
794.44	76.909
794.61	76.851
794.79	76.891
794.97	76.864
795.14	76.937
795.32	76.938
795.49	76.997
795.67	76.979
795.85	76.988
796.02	77.042
796.20	77.059
796.38	77.113
796.55	77.185
796.73	77.137
796.90	77.186
797.08	77.200
797.26	77.201
797.43	77.222
797.61	77.214
797.78	77.242
797.96	77.206
798.14	77.271
798.31	77.349
798.49	77.330
798.66	77.389
798.84	77.417
799.02	77.363
799.19	77.406
799.37	77.469
799.54	77.467
799.72	77.481
799.90	77.505
800.07	77.450
800.25	77.458
800.42	77.574
800.60	77.547
800.78	77.577
800.95	77.616
801.13	77.635
801.30	77.593
801.48	77.613
801.65	77.633
801.83	77.605
802.01	77.575
802.18	77.536
802.36	77.542
802.53	77.595
802.71	77.590
802.88	77.583
803.06	77.564
803.23	77.567
803.41	77.537
803.59	77.517
803.76	77.606
803.94	77.637
804.11	77.629
804.29	77.616
804.46	77.661
804.64	77.640
804.81	77.548
804.99	77.604
805.16	77.596
805.34	77.580
805.52	77.585
805.69	77.662
805.87	77.695
806.04	77.736
806.22	77.710
806.39	77.736
806.57	77.726
806.74	77.719
806.92	77.763
807.09	77.784
807.27	77.782
807.44	77.768
807.62	77.677
807.79	77.647
807.97	77.648
808.14	77.583
808.32	77.647
808.49	77.739
808.67	77.762
808.84	77.736
809.02	77.829
809.19	77.823
809.37	77.755
809.54	77.837
809.72	77.911
809.89	77.930
810.07	77.942
810.24	78.024
810.42	78.088
810.59	78.176
810.77	78.208
810.94	78.229
811.12	78.244
811.29	78.303
811.47	78.318
811.64	78.337
811.82	78.469
811.99	78.438
812.16	78.438
812.34	78.523
812.51	78.599
812.69	78.513
812.86	78.595
813.04	78.660
813.21	78.599
813.39	78.499
813.56	78.483
813.74	78.560
813.91	78.492
814.08	78.422
814.26	78.315
814.43	78.307
814.61	78.289
814.78	78.297
814.96	78.315
815.13	78.299
815.31	78.237
815.48	78.188
815.65	78.272
815.83	78.213
816.00	78.194
816.18	78.195
816.35	78.231
816.53	78.276
816.70	78.259
816.87	78.345
817.05	78.381
817.22	78.383
817.40	78.290
817.57	78.301
817.74	78.344
817.92	78.386
818.09	78.404
818.27	78.367
818.44	78.371
818.62	78.391
818.79	78.461
818.96	78.560
819.14	78.553
819.31	78.550
819.49	78.616
819.66	78.489
819.83	78.536
820.01	78.494
820.18	78.453
820.35	78.552
820.53	78.543
820.70	78.503
820.88	78.533
821.05	78.657
821.22	78.602
821.40	78.658
821.57	78.604
821.74	78.656
821.92	78.823
822.09	78.821
822.27	78.690
822.44	78.639
822.61	78.687
822.79	78.741
822.96	78.629
823.13	78.612
823.31	78.692
823.48	78.624
823.65	78.607
823.83	78.656
824.00	78.592
824.17	78.565
824.35	78.549
824.52	78.533
824.69	78.421
824.87	78.480
825.04	78.369
825.22	78.428
825.39	78.375
825.56	78.275
825.74	78.241
825.91	78.338
826.08	78.446
826.25	78.378
826.43	78.356
826.60	78.429
826.77	78.435
826.95	78.462
827.12	78.371
827.29	78.505
827.47	78.516
827.64	78.544
827.81	78.622
827.99	78.687
828.16	78.792
828.33	78.911
828.51	78.999
828.68	79.084
828.85	79.126
829.02	79.128
829.20	79.185
829.37	79.339
829.54	79.341
829.72	79.245
829.89	79.243
830.06	79.273
830.23	79.281
830.41	79.303
830.58	79.364
830.75	79.443
830.93	79.330
831.10	79.321
831.27	79.303
831.44	79.158
831.62	79.140
831.79	79.025
831.96	78.963
832.13	78.944
832.31	78.888
832.48	78.895
832.65	78.897
832.83	78.852
833.00	78.859
833.17	78.908
833.34	78.981
833.52	79.065
833.69	79.076
833.86	79.070
834.03	79.060
834.21	78.990
834.38	79.090
834.55	79.140
834.72	79.210
834.89	79.320
835.07	79.382
835.24	79.446
835.41	79.507
835.58	79.573
835.76	79.524
835.93	79.621
836.10	79.568
836.27	79.547
836.45	79.489
836.62	79.376
836.79	79.352
836.96	79.267
837.13	79.270
837.31	79.203
837.48	79.266
837.65	79.271
837.82	79.288
837.99	79.185
838.17	79.296
838.34	79.135
838.51	79.159
838.68	79.138
838.85	79.124
839.03	79.086
839.20	79.139
839.37	79.184
839.54	79.093
839.71	79.177
839.89	79.354
840.06	79.370
840.23	79.416
840.40	79.523
840.57	79.589
840.74	79.516
840.92	79.543
841.09	79.537
841.26	79.580
841.43	79.670
841.60	79.668
841.78	79.499
841.95	79.597
842.12	79.485
842.29	79.607
842.46	79.643
842.63	79.728
842.80	79.661
842.98	79.723
843.15	79.942
843.32	79.951
843.49	79.868
843.66	79.971
843.83	79.939
844.00	79.896
844.18	79.997
844.35	80.002
844.52	80.121
844.69	80.080
844.86	80.104
845.03	80.024
845.20	80.073
845.38	80.021
845.55	79.996
845.72	79.986
845.89	79.801
846.06	79.859
846.23	79.840
846.40	79.976
846.57	79.906
846.75	79.870
846.92	79.833
847.09	79.895
847.26	79.885
847.43	79.916
847.60	79.908
847.77	79.845
847.94	79.922
848.11	79.909
848.28	79.906
848.46	79.907
848.63	80.055
848.80	80.068
848.97	80.065
849.14	80.126
849.31	80.199
849.48	80.351
849.65	80.375
849.82	80.290
849.99	80.229
850.16	80.203
850.33	80.168
850.51	80.324
850.68	80.427
850.85	80.485
851.02	80.653
851.19	80.633
851.36	80.662
851.53	80.646
851.70	80.645
851.87	80.802
852.04	80.816
852.21	80.805
852.38	80.766
852.55	80.869
852.72	80.891
852.89	80.815
853.06	80.866
853.24	80.866
853.41	80.977
853.58	80.942
853.75	80.990
853.92	80.931
854.09	80.752
854.26	80.586
854.43	80.652
854.60	80.590
854.77	80.406
854.94	80.452
855.11	80.447
855.28	80.446
855.45	80.341
855.62	80.203
855.79	80.075
855.96	80.087
856.13	80.175
856.30	80.126
856.47	80.139
856.64	80.076
856.81	80.062
856.98	79.872
857.15	79.892
857.32	79.942
857.49	79.999
857.66	80.173
857.83	80.171
858.00	80.106
858.17	80.035
858.34	80.216
858.51	80.181
858.68	80.070
858.85	80.022
859.02	79.990
859.19	80.066
859.36	79.969
859.53	80.152
859.70	80.270
859.87	80.196
860.04	80.374
860.21	80.331
860.38	80.319
860.55	80.356
860.72	80.365
860.89	80.299
861.06	80.376
861.23	80.203
861.40	80.264
861.56	80.392
861.73	80.510
861.90	80.552
862.07	80.528
862.24	80.808
862.41	80.777
862.58	80.786
862.75	80.872
862.92	81.008
863.09	80.861
863.26	80.687
863.43	80.759
863.60	80.627
863.77	80.733
863.94	80.717
864.11	80.907
864.28	80.921
864.44	80.970
864.61	80.826
864.78	80.904
864.95	80.792
865.12	80.616
865.29	80.459
865.46	80.556
865.63	80.530
865.80	80.414
865.97	80.435
866.14	80.506
866.31	80.546
866.47	80.478
866.64	80.369
866.81	80.417
866.98	80.432
867.15	80.451
867.32	80.362
867.49	80.319
867.66	80.202
867.83	80.114
867.99	80.106
868.16	80.150
868.33	80.236
868.50	80.317
868.67	80.245
868.84	80.377
869.01	80.247
869.18	80.251
869.35	80.335
869.51	80.330
869.68	80.277
869.85	80.216
870.02	80.200
870.19	80.541
870.36	80.744
870.53	80.753
870.69	80.671
870.86	80.786
871.03	80.674
871.20	80.697
871.37	80.784
871.54	80.777
871.71	80.727
871.87	80.658
872.04	80.798
872.21	80.935
872.38	80.873
872.55	80.909
872.72	81.072
872.88	81.018
873.05	81.162
873.22	81.361
873.39	81.475
873.56	81.304
873.73	81.170
873.89	80.971
874.06	80.920
874.23	81.083
874.40	81.107
874.57	81.303
874.73	81.329
874.90	81.398
875.07	81.369
875.24	81.506
875.41	81.633
875.57	81.481
875.74	81.502
875.91	81.415
876.08	81.536
876.25	81.306
876.41	81.288
876.58	81.287
876.75	81.201
876.92	81.101
877.09	81.416
877.25	81.600
877.42	81.631
877.59	81.783
877.76	81.841
877.93	81.818
878.09	81.890
878.26	81.919
878.43	81.785
878.60	81.880
878.76	81.930
878.93	81.759
879.10	81.748
879.27	81.863
879.43	82.035
879.60	81.911
879.77	82.169
879.94	82.013
880.10	81.866
880.27	82.040
880.44	82.014
880.61	82.078
880.77	81.919
880.94	81.916
881.11	81.700
881.28	81.680
881.44	81.636
881.61	81.604
881.78	81.654
881.95	81.659
882.11	81.575
882.28	81.359
882.45	81.473
882.62	81.642
882.78	81.631
882.95	81.498
883.12	81.475
883.28	81.180
883.45	81.370
883.62	81.485
883.79	81.059
883.95	80.992
884.12	80.731
884.29	80.582
884.45	80.501
884.62	80.769
884.79	80.637
884.96	80.847
885.12	80.646
885.29	82.630
885.46	77.436
885.62	79.184
885.79	78.435
885.96	79.252
886.12	79.262
886.29	83.920
886.46	80.477
886.62	84.275
886.79	78.105
