 0.500 878.0929726
 0.523 965.4744002
 0.545 1065.3931200
 0.568 1179.2219261
 0.590 1308.4179789
 0.613 1454.5024032
 0.636 1619.3165590
 0.658 1804.5078565
 0.681 2012.0056509
 0.704 2243.9282318
 0.726 2502.5563403
 0.749 2790.3006217
 0.771 3109.6614188
 0.794 3463.4683366
 0.817 3854.7203332
 0.839 4286.5366793
 0.862 4762.4868620
 0.884 5286.0435853
 0.907 5861.2803542
 0.930 6492.3685705
 0.952 7183.8334049
 0.975 7940.2233200
 0.997 8766.8390580
 1.020 9669.3003291
 1.043 10652.7879920
 1.065 11723.6734679
 1.088 12888.5302984
 1.111 14154.1428822
 1.133 15527.1547219
 1.156 16992.7805892
 1.178 18568.8859970
 1.201 20274.4227473
 1.224 22120.2977679
 1.246 24118.9341769
 1.269 26246.6241333
 1.291 28473.3205871
 1.314 30857.8569804
 1.337 33409.8271931
 1.359 36139.6865065
 1.382 39058.9898516
 1.405 42144.2907443
 1.427 45401.6313622
 1.450 48854.6011816
 1.472 52511.4206496
 1.495 56380.9659569
 1.518 60382.9179352
 1.540 64389.4987281
 1.563 68554.3208386
 1.585 72873.8061769
 1.608 77343.7977821
 1.631 81959.7579294
 1.653 86509.2498138
 1.676 90981.1785867
 1.698 95488.8880879
 1.721 100014.8370165
 1.744 104541.2344138
 1.766 108953.6864150
 1.789 113040.2906995
 1.812 117004.7257111
 1.834 120825.8537327
 1.857 124483.7566111
 1.879 127959.8401990
 1.902 130846.8241454
 1.925 133440.1810213
 1.947 135734.2608325
 1.970 137715.8174590
 1.992 139373.6510784
 2.015 140666.4282019
 2.038 141518.7925572
 2.060 142047.7426065
 2.083 142257.0650970
 2.106 142153.7071467
 2.128 141748.8000495
 2.151 140751.2829351
 2.173 139528.3823060
 2.196 138151.4991746
 2.219 136668.7204702
 2.241 135134.0759191
 2.264 133590.4725238
 2.286 132042.0266616
 2.309 130585.4681754
 2.332 129206.0646073
 2.354 127835.0319867
 2.377 126341.8392220
 2.399 123586.2469994
 2.422 120397.8618261
 2.445 117056.4743217
 2.467 113724.3706441
 2.490 110555.8896422
 2.513 108519.3502169
 2.535 107344.8264845
 2.558 106299.7366588
 2.580 105371.2925974
 2.603 104547.3609943
 2.626 103816.6113029
 2.648 103633.2027676
 2.671 103573.4589301
 2.693 103519.3425435
 2.716 103471.2426061
 2.739 103429.4659833
 2.761 103365.6182817
 2.784 103283.5130715
 2.807 103212.5904216
 2.829 103152.3090836
 2.852 103102.0838837
 2.874 103061.2863309
 2.897 103108.5247889
 2.920 103189.2530610
 2.942 103276.0054743
 2.965 103367.6451695
 2.987 103463.0159084
 3.010 103548.6227389
 3.033 103619.9240085
 3.055 103691.0316379
 3.078 103760.7875100
 3.101 103828.0800853
 3.123 103896.0460809
 3.146 103985.1053197
 3.168 104067.5041424
 3.191 104142.2618589
 3.214 104208.4992444
 3.236 104265.4430710
 3.259 104267.0106026
 3.281 104187.0589917
 3.304 104096.9458947
 3.327 103996.6587204
 3.349 103886.2705927
 3.372 103768.3415923
 3.394 103667.7124088
 3.417 103557.8473373
 3.440 103438.9868828
 3.462 103311.4274834
 3.485 103175.5155654
 3.508 103080.8697856
 3.530 103075.4813010
 3.553 103060.4315931
 3.575 103036.1167377
 3.598 103002.9888784
 3.621 102960.9018015
 3.643 102887.4531470
 3.666 102806.8944152
 3.688 102719.7602282
 3.711 102626.6072303
 3.734 102528.0093150
 3.756 102351.8187176
 3.779 102146.1253740
 3.802 101939.9972600
 3.824 101733.6971653
 3.847 101527.4961049
 3.869 101321.6713437
 3.892 101188.5150554
 3.915 101057.1754607
 3.937 100926.0742258
 3.960 100795.7718816
 3.982 100666.8019628
 4.005 100530.0408241
 4.028 100390.6564696
 4.050 100253.9076270
 4.073 100120.1690886
 4.095 99989.7824954
 4.118 99863.0554484
 4.141 99790.7887474
 4.163 99728.7712382
 4.186 99672.7014846
 4.209 99622.8294038
 4.231 99579.3557101
 4.254 99521.7143464
 4.276 99456.4825176
 4.299 99396.7574653
 4.322 99342.5094680
 4.344 99293.6687547
 4.367 99254.3350750
 4.389 99230.2911863
 4.412 99211.8378624
 4.435 99198.7193875
 4.457 99190.6432918
 4.480 99187.2835684
 4.503 99180.6156916
 4.525 99170.9687189
 4.548 99163.7831813
 4.570 99158.4896165
 4.593 99154.5053634
 4.616 99136.6904055
 4.638 99073.6004542
 4.661 99008.5548236
 4.683 98941.0500097
 4.706 98870.6073789
 4.729 98796.7769237
 4.751 98700.4466784
 4.774 98580.2188140
 4.796 98454.3510717
 4.819 98322.5724167
 4.842 98184.6542489
 4.864 98035.6150068
 4.887 97860.9879373
 4.910 97681.8499736
 4.932 97498.2458077
 4.955 97310.2464232
 4.977 97117.9465712
 5.000 96956.2961327