178.99	197.333
179.20	197.333
179.42	197.333
179.63	-40.370
179.84	23.125
180.06	-1010.000
180.27	106.078
180.49	-24.722
180.70	-113.636
180.92	-590.000
181.13	215.333
181.35	117.778
181.56	-184.375
181.77	223.750
181.99	-90.000
182.20	1.613
182.42	240.476
182.63	230.000
182.85	251.667
183.06	666.667
183.28	-246.429
183.49	177.500
183.70	975.000
183.92	143.529
184.13	158.571
184.35	-52.500
184.56	-104.706
184.78	82.273
184.99	175.000
185.21	-233.529
185.42	257.143
185.63	556.000
185.85	2225.000
186.06	97.241
186.28	237.857
186.49	110.000
186.71	77.209
186.92	2820.000
187.13	-111.875
187.35	101.538
187.56	2700.000
187.78	173.200
187.99	-302.500
188.21	204.167
188.42	-380.000
188.63	109.063
188.85	-246.667
189.06	-82.000
189.28	138.710
189.49	-22.973
189.71	-48.500
189.92	217.419
190.13	229.500
190.35	144.091
190.56	61.268
190.78	-1030.000
190.99	203.333
191.20	686.667
191.42	117.576
191.63	241.250
191.85	193.333
192.06	133.654
192.28	-108.095
192.49	173.077
192.70	81.667
192.92	-270.000
193.13	-127.778
193.35	319.000
193.56	205.000
193.77	139.032
193.99	125.000
194.20	292.857
194.42	186.087
194.63	-231.429
194.84	-13.654
195.06	118.333
195.27	-165.500
195.49	-103.684
195.70	87.586
195.91	76.522
196.13	100.000
196.34	142.000
196.56	52.381
196.77	-315.556
196.98	200.000
197.20	192.187
197.41	-26.667
197.63	-199.375
197.84	364.667
198.05	159.091
198.27	-224.375
198.48	152.333
198.70	310.526
198.91	396.667
199.12	-807.500
199.34	-72.222
199.55	445.455
199.76	-1750.000
199.98	107.385
200.19	138.621
200.41	406.667
200.62	627.500
200.83	421.250
201.05	115.000
201.26	184.500
201.48	-83.000
201.69	-252.500
201.90	192.500
202.12	-894.000
202.33	289.444
202.54	-2110.000
202.76	74.643
202.97	1505.000
203.19	180.333
203.40	-115.652
203.61	281.852
203.83	1195.000
204.04	2.500
204.25	66.486
204.47	-3.091
204.68	325.000
204.89	-1550.000
205.11	-37.500
205.32	117.115
205.54	279.167
205.75	271.500
205.96	384.000
206.18	86.098
206.39	618.750
206.60	237.727
206.82	24.615
207.03	23.750
207.24	702.500
207.46	163.214
207.67	-595.000
207.89	3380.000
208.10	129.412
208.31	230.909
208.53	29.091
208.74	2145.000
208.95	-16.875
209.17	-78.333
209.38	341.667
209.59	-102.727
209.81	-240.000
210.02	110.217
210.23	46.154
210.45	-147.273
210.66	-168.000
210.87	225.000
211.09	53.750
211.30	140.000
211.51	498.000
211.73	306.364
211.94	135.000
212.15	447.143
212.37	105.161
212.58	33.636
212.79	225.000
213.01	106.667
213.22	-48.696
213.43	314.615
213.65	211.250
213.86	-1.000
214.07	570.000
214.29	0.000
214.50	-670.000
214.71	137.500
214.93	193.333
215.14	257.500
215.35	173.250
215.57	-120.000
215.78	-400.000
215.99	-219.000
216.21	159.600
216.42	189.444
216.63	-226.800
216.85	-185.000
217.06	-13.333
217.27	-1520.000
217.49	-35.769
217.70	79.474
217.91	110.556
218.13	650.000
218.34	264.167
218.55	-545.000
218.77	-361.111
218.98	150.000
219.19	200.000
219.40	134.909
219.62	-904.000
219.83	-275.000
220.04	-46.042
220.26	203.750
220.47	344.545
220.68	28.571
220.90	-395.000
221.11	-86.667
221.32	290.000
221.54	-260.000
221.75	17.907
221.96	95.094
222.17	113.548
222.39	83.103
222.60	-946.667
222.81	238.333
223.03	203.889
223.24	-174.783
223.45	515.714
223.67	208.333
223.88	-2520.000
224.09	308.571
224.30	158.667
224.52	19.783
224.73	-9.444
224.94	85.574
225.16	535.000
225.37	190.000
225.58	-80.000
225.79	192.000
226.01	-296.667
226.22	64.643
226.43	95.429
226.65	321.875
226.86	147.115
227.07	-14.211
227.28	-1036.667
227.50	-99.286
227.71	1850.000
227.92	115.536
228.14	-215.000
228.35	232.143
228.56	-563.333
228.77	1010.000
228.99	163.529
229.20	-102.000
229.41	91.351
229.62	-724.000
229.84	138.718
230.05	136.500
230.26	-210.556
230.48	36.000
230.69	-147.778
230.90	122.909
231.11	137.778
231.33	320.000
231.54	-105.000
231.75	53.846
231.96	99.000
232.18	-123.333
232.39	90.303
232.60	417.500
232.81	87.500
233.03	201.379
233.24	-44.167
233.45	-195.000
233.66	-418.333
233.88	-312.143
234.09	227.143
234.30	-47.959
234.51	115.500
234.73	0.000
234.94	81.020
235.15	550.000
235.36	144.583
235.58	188.333
235.79	88.810
236.00	-85.789
236.21	116.190
236.43	29.063
236.64	2140.000
236.85	450.000
237.06	100.667
237.28	-155.000
237.49	227.000
237.70	298.235
237.91	2925.000
238.13	40.625
238.34	224.000
238.55	192.500
238.76	-2510.000
238.98	-74.074
239.19	-153.500
239.40	206.667
239.61	-3040.000
239.83	224.444
240.04	633.333
240.25	-243.636
240.46	-15.385
240.67	-239.091
240.89	-11.613
241.10	101.364
241.31	141.429
241.52	107.353
241.74	241.818
241.95	78.000
242.16	581.429
242.37	240.000
242.58	-70.000
242.80	-10.417
243.01	-302.000
243.22	170.714
243.43	478.000
243.65	-4440.000
243.86	237.692
244.07	112.128
244.28	655.000
244.49	-93.000
244.71	79.863
244.92	183.200
245.13	152.414
245.34	123.200
245.55	-182.667
245.77	-727.500
245.98	-165.714
246.19	72.500
246.40	79.792
246.62	-685.000
246.83	83.778
247.04	143.636
247.25	272.500
247.46	148.750
247.68	-154.000
247.89	114.516
248.10	-17.222
248.31	159.231
248.52	138.158
248.74	933.333
248.95	-580.000
249.16	116.316
249.37	108.983
249.58	116.579
249.79	283.182
250.01	0.000
250.22	62.917
250.43	-48.261
250.64	-23.750
250.85	268.571
251.07	167.813
251.28	146.667
251.49	153.103
251.70	505.000
251.91	372.941
252.13	0.000
252.34	164.688
252.55	-556.000
252.76	-826.000
252.97	167.179
253.18	-164.211
253.40	177.857
253.61	-89.333
253.82	-82.308
254.03	104.000
254.24	-219.091
254.46	368.333
254.67	54.091
254.88	231.600
255.09	-142.500
255.30	2410.000
255.51	-22.647
255.73	22.593
255.94	208.000
256.15	-191.667
256.36	-45.385
256.57	0.000
256.78	-668.000
257.00	180.513
257.21	0.000
257.42	-39.787
257.63	95.000
257.84	178.947
258.05	344.444
258.26	-358.750
258.48	447.500
258.69	-30.645
258.90	286.250
259.11	-256.364
259.32	1800.000
259.53	-147.273
259.75	-531.667
259.96	-140.000
260.17	204.375
260.38	-1150.000
260.59	-70.645
260.80	-1670.000
261.01	195.667
261.23	275.000
261.44	205.263
261.65	125.385
261.86	-3410.000
262.07	-12.059
262.28	132.826
262.49	200.000
262.71	-231.818
262.92	-262.500
263.13	-59.500
263.34	244.444
263.55	-65.000
263.76	135.000
263.97	149.500
264.19	219.677
264.40	0.000
264.61	183.667
264.82	245.385
265.03	113.953
265.24	-23.333
265.45	500.000
265.66	-452.000
265.88	288.333
266.09	3340.000
266.30	554.286
266.51	-35.750
266.72	73.837
266.93	-1025.000
267.14	158.286
267.35	1.176
267.57	164.138
267.78	-66.429
267.99	-5180.000
268.20	-3.913
268.41	27.333
268.62	-12.381
268.83	247.619
269.04	6.522
269.25	118.333
269.47	170.833
269.68	139.200
269.89	226.957
270.10	-21.818
270.31	-903.333
270.52	471.111
270.73	277.778
270.94	-540.000
271.15	955.000
271.37	230.667
271.58	44.706
271.79	-805.000
272.00	-698.333
272.21	129.545
272.42	1250.000
272.63	-1670.000
272.84	-13.750
273.05	357.273
273.26	-49.524
273.48	-100.000
273.69	-1120.000
273.90	380.000
274.11	183.226
274.32	110.000
274.53	-70.000
274.74	20.417
274.95	1700.000
275.16	132.632
275.37	172.449
275.58	132.143
275.80	-3.404
276.01	-205.000
276.22	51.837
276.43	73.061
276.64	588.000
276.85	-1110.000
277.06	218.333
277.27	317.647
277.48	76.364
277.69	97.887
277.90	113.500
278.11	-66.429
278.32	438.333
278.54	-74.688
278.75	67.778
278.96	0.000
279.17	-191.538
279.38	214.074
279.59	-471.429
279.80	125.588
280.01	58.293
280.22	157.727
280.43	-63.600
280.64	-80.455
280.85	957.500
281.06	310.000
281.27	45.263
281.48	147.045
281.70	176.296
281.91	-1110.000
282.12	-736.000
282.33	282.353
282.54	-54.737
282.75	242.308
282.96	130.000
283.17	-163.750
283.38	136.667
283.59	-115.714
283.80	-18.235
284.01	-480.000
284.22	550.000
284.43	195.455
284.64	8.400
284.85	444.286
285.06	74.000
285.27	4.615
285.48	-502.000
285.70	-620.000
285.91	193.611
286.12	550.000
286.33	97.143
286.54	-229.000
286.75	98.889
286.96	107.500
287.17	301.053
287.38	106.087
287.59	-256.250
287.80	-713.333
288.01	174.286
288.22	126.765
288.43	91.538
288.64	153.585
288.85	235.333
289.06	-28.750
289.27	-880.000
289.48	1212.500
289.69	428.333
289.90	116.098
290.11	-28.571
290.32	-64.348
290.53	127.308
290.74	-84.211
290.95	175.517
291.16	-168.333
291.37	-80.000
291.58	89.211
291.79	214.444
292.00	-278.000
292.21	223.571
292.42	241.429
292.63	154.706
292.84	0.000
293.05	-114.839
293.26	278.889
293.47	101.395
293.68	117.436
293.89	4.286
294.10	192.381
294.31	0.000
294.52	447.500
294.73	460.714
294.95	250.526
295.16	85.000
295.37	133.043
295.58	163.333
295.79	84.630
295.99	281.250
296.20	296.667
296.41	220.667
296.62	13.429
296.83	54.638
297.04	865.714
297.25	158.421
297.46	125.319
297.67	116.512
297.88	144.054
298.09	162.632
298.30	1105.000
298.51	-0.588
298.72	528.571
298.93	69.630
299.14	-122.500
299.35	423.333
299.56	142.353
299.77	-338.571
299.98	95.294
300.19	173.684
300.40	78.529
300.61	54.737
300.82	19.375
301.03	391.000
301.24	118.947
301.45	-291.667
301.66	-150.526
301.87	43.922
302.08	-460.000
302.29	178.947
302.50	2080.000
302.71	80.339
302.92	-810.000
303.13	176.207
303.34	-101.875
303.55	-78.519
303.76	0.000
303.97	-625.000
304.18	-262.857
304.39	299.375
304.60	75.000
304.81	712.000
305.02	125.455
305.22	162.083
305.43	98.077
305.64	-262.500
305.85	111.739
306.06	356.364
306.27	251.053
306.48	520.000
306.69	174.571
306.90	75.385
307.11	-2220.000
307.32	-97.647
307.53	-55.714
307.74	-313.333
307.95	147.619
308.16	-199.474
308.37	-218.667
308.58	268.571
308.79	-134.500
309.00	171.429
309.21	-183.333
309.41	-646.667
309.62	215.833
309.83	86.038
310.04	1120.000
310.25	720.000
310.46	113.636
310.67	105.769
310.88	-186.364
311.09	-922.500
311.30	-145.385
311.51	410.714
311.72	-304.286
311.93	1136.667
312.14	0.000
312.34	328.571
312.55	-466.667
312.76	126.071
312.97	-120.833
313.18	300.556
313.39	114.048
313.60	320.000
313.81	-75.263
314.02	5.750
314.23	175.000
314.44	-141.923
314.65	-208.750
314.86	-210.000
315.06	137.200
315.27	138.333
315.48	157.812
315.69	90.000
315.90	-53.750
316.11	398.667
316.32	201.875
316.53	-8.214
316.74	242.917
316.95	147.727
317.16	-57.143
317.36	-144.706
317.57	134.359
317.78	-48.421
317.99	103.636
318.20	307.000
318.41	251.429
318.62	115.577
318.83	-181.429
319.04	166.500
319.24	-362.500
319.45	-106.000
319.66	142.500
319.87	49.048
320.08	310.000
320.29	152.258
320.50	506.667
320.71	308.000
320.92	218.462
321.12	90.000
321.33	99.394
321.54	33.077
321.75	125.918
321.96	-275.000
322.17	-51.143
322.38	47.500
322.59	82.353
322.80	-224.286
323.00	413.333
323.21	321.111
323.42	220.000
323.63	223.333
323.84	221.923
324.05	401.333
324.26	14.286
324.47	117.750
324.67	144.286
324.88	-142.174
325.09	-456.667
325.30	0.000
325.51	-1357.500
325.72	98.333
325.93	-54.242
326.13	348.571
326.34	232.308
326.55	-900.000
326.76	71.818
326.97	-2520.000
327.18	105.694
327.39	214.800
327.59	-76.667
327.80	112.286
328.01	99.667
328.22	-160.000
328.43	337.273
328.64	101.940
328.85	95.366
329.05	54.839
329.26	116.757
329.47	-43.636
329.68	-3550.000
329.89	1030.000
330.10	-195.556
330.30	-930.000
330.51	54.000
330.72	282.143
330.93	-500.000
331.14	230.435
331.35	148.182
331.56	113.462
331.76	-5.833
331.97	-1345.000
332.18	112.143
332.39	-307.500
332.60	158.929
332.81	172.381
333.01	138.182
333.22	126.000
333.43	113.636
333.64	88.667
333.85	95.882
334.05	1175.000
334.26	62.333
334.47	280.476
334.68	91.429
334.89	115.250
335.10	167.619
335.30	12.000
335.51	98.182
335.72	57.711
335.93	87.931
336.14	37.500
336.35	27.660
336.55	142.258
336.76	193.810
336.97	206.296
337.18	85.189
337.39	9.024
337.59	51.935
337.80	111.071
338.01	128.438
338.22	101.935
338.43	58.594
338.63	81.818
338.84	156.667
339.05	68.983
339.26	40.652
339.47	124.167
339.67	79.773
339.88	140.000
340.09	47.222
340.30	117.442
340.51	79.265
340.71	116.000
340.92	47.059
341.13	86.782
341.34	127.674
341.55	84.324
341.75	-13.182
341.96	94.773
342.17	117.273
342.38	108.929
342.58	50.548
342.79	66.739
343.00	147.381
343.21	20.556
343.42	49.750
343.62	-3.077
343.83	104.231
344.04	91.500
344.25	79.712
344.46	102.344
344.66	73.902
344.87	43.714
345.08	34.444
345.29	58.559
345.49	41.413
345.70	35.306
345.91	60.000
346.12	56.761
346.32	64.310
346.53	52.564
346.74	44.860
346.95	32.165
347.16	71.613
347.36	47.549
347.57	108.864
347.78	51.190
347.99	96.232
348.19	27.545
348.40	23.729
348.61	53.140
348.82	60.156
349.02	40.943
349.23	44.727
349.44	60.616
349.65	40.971
349.85	54.487
350.06	51.883
350.27	61.170
350.48	42.774
350.68	82.613
350.89	37.083
351.10	46.786
351.31	76.699
351.51	41.680
351.72	38.250
351.93	52.045
352.14	53.846
352.34	73.284
352.55	43.918
352.76	56.444
352.96	57.687
353.17	47.403
353.38	60.603
353.59	43.642
353.79	34.362
354.00	53.866
354.21	29.333
354.42	58.390
354.62	34.000
354.83	71.870
355.04	47.739
355.24	32.520
355.45	38.108
355.66	42.200
355.87	60.088
356.07	50.548
356.28	53.566
356.49	56.282
356.70	27.279
356.90	48.182
357.11	27.755
357.32	33.514
357.52	49.162
357.73	54.908
357.94	31.223
358.15	65.461
358.35	39.518
358.56	33.543
358.77	46.146
358.97	39.455
359.18	36.538
359.39	40.190
359.59	48.414
359.80	44.457
360.01	40.721
360.22	45.813
360.42	49.012
360.63	26.859
360.84	41.486
361.04	40.663
361.25	33.621
361.46	39.945
361.66	48.218
361.87	38.713
362.08	32.762
362.29	36.407
362.49	49.915
362.70	42.396
362.91	45.680
363.11	34.292
363.32	24.924
363.53	45.344
363.73	42.957
363.94	38.488
364.15	32.970
364.35	39.309
364.56	36.360
364.77	33.160
364.97	38.377
365.18	36.250
365.39	30.247
365.59	38.990
365.80	39.873
366.01	38.433
366.21	56.295
366.42	23.189
366.63	44.715
366.83	33.525
367.04	27.028
367.25	29.414
367.45	39.502
367.66	27.474
367.87	41.481
368.07	33.858
368.28	40.682
368.49	26.751
368.69	35.897
368.90	36.757
369.11	36.228
369.31	34.036
369.52	39.437
369.73	47.356
369.93	35.412
370.14	38.620
370.35	38.562
370.55	36.392
370.76	31.286
370.97	39.915
371.17	36.536
371.38	41.325
371.58	30.937
371.79	28.550
372.00	28.318
372.20	36.387
372.41	33.434
372.62	39.045
372.82	42.625
373.03	32.516
373.24	30.318
373.44	33.416
373.65	47.104
373.85	32.877
374.06	31.429
374.27	37.790
374.47	33.316
374.68	39.660
374.89	35.028
375.09	37.891
375.30	32.337
375.51	39.849
375.71	41.168
375.92	32.935
376.12	32.037
376.33	35.837
376.54	36.377
376.74	39.335
376.95	33.800
377.15	43.506
377.36	40.813
377.57	44.921
377.77	37.312
377.98	35.760
378.19	44.042
378.39	34.376
378.60	38.283
378.80	33.116
379.01	36.433
379.22	29.217
379.42	32.149
379.63	33.413
379.83	31.335
380.04	36.136
380.25	33.631
380.45	32.246
380.66	36.472
380.86	32.958
381.07	33.758
381.28	32.013
381.48	31.410
381.69	34.299
381.89	29.263
382.10	39.275
382.31	32.052
382.51	35.095
382.72	33.500
382.92	33.741
383.13	27.615
383.33	38.082
383.54	35.018
383.75	32.541
383.95	31.989
384.16	36.185
384.36	31.832
384.57	30.050
384.78	31.070
384.98	35.937
385.19	35.127
385.39	30.407
385.60	37.483
385.80	37.597
386.01	33.993
386.22	31.583
386.42	34.619
386.63	33.716
386.83	37.114
387.04	34.162
387.24	32.152
387.45	32.995
387.65	32.750
387.86	32.287
388.07	34.494
388.27	33.714
388.48	35.092
388.68	29.575
388.89	33.617
389.09	31.406
389.30	30.390
389.50	35.959
389.71	31.974
389.92	32.853
390.12	30.630
390.33	33.407
390.53	35.956
390.74	35.103
390.94	34.951
391.15	32.603
391.35	29.489
391.56	30.317
391.77	36.921
391.97	31.200
392.18	33.292
392.38	34.079
392.59	33.638
392.79	31.892
393.00	30.447
393.20	31.500
393.41	34.597
393.61	30.072
393.82	33.026
394.02	35.635
394.23	34.332
394.43	30.364
394.64	34.966
394.84	35.964
395.05	29.790
395.26	32.003
395.46	32.018
395.67	37.412
395.87	33.765
396.08	32.868
396.28	34.081
396.49	31.606
396.69	35.590
396.90	31.643
397.10	34.156
397.31	32.737
397.51	32.400
397.72	34.309
397.92	37.293
398.13	34.298
398.33	32.189
398.54	31.406
398.74	33.150
398.95	30.319
399.15	34.299
399.36	35.166
399.56	35.256
399.77	33.198
399.97	34.679
400.18	32.981
400.38	33.470
400.59	34.575
400.79	33.445
401.00	33.639
401.20	33.175
401.41	33.362
401.61	30.899
401.82	36.025
402.02	31.922
402.23	33.989
402.43	35.474
402.64	33.531
402.84	31.910
403.05	32.624
403.25	35.490
403.46	29.114
403.66	29.676
403.87	34.745
404.07	35.257
404.27	30.149
404.48	34.479
404.68	32.392
404.89	35.669
405.09	31.653
405.30	33.545
405.50	35.120
405.71	35.642
405.91	32.347
406.12	31.239
406.32	35.106
406.53	32.719
406.73	31.751
406.94	34.909
407.14	32.195
407.34	31.389
407.55	33.835
407.75	35.132
407.96	34.684
408.16	30.978
408.37	32.997
408.57	34.589
408.78	32.997
408.98	29.747
409.19	31.654
409.39	30.735
409.59	33.435
409.80	32.731
410.00	34.230
410.21	32.191
410.41	34.376
410.62	33.185
410.82	32.643
411.03	32.514
411.23	31.307
411.43	33.292
411.64	34.335
411.84	32.774
412.05	35.509
412.25	36.121
412.46	37.007
412.66	32.668
412.86	35.103
413.07	33.512
413.27	32.742
413.48	29.773
413.68	30.470
413.89	32.753
414.09	32.032
414.29	34.446
414.50	32.339
414.70	34.573
414.91	33.306
415.11	34.235
415.32	32.496
415.52	30.998
415.72	34.849
415.93	35.769
416.13	30.171
416.34	33.505
416.54	32.529
416.74	33.219
416.95	34.613
417.15	32.376
417.36	34.884
417.56	31.545
417.76	35.556
417.97	33.434
418.17	33.127
418.38	32.496
418.58	32.940
418.78	35.465
418.99	34.823
419.19	32.458
419.40	33.225
419.60	32.586
419.80	35.265
420.01	34.595
420.21	33.082
420.42	33.280
420.62	33.192
420.82	36.359
421.03	31.276
421.23	33.328
421.44	33.919
421.64	33.501
421.84	34.281
422.05	32.240
422.25	36.424
422.45	34.362
422.66	34.106
422.86	34.744
423.07	35.568
423.27	32.217
423.47	33.711
423.68	32.511
423.88	33.694
424.08	34.268
424.29	34.170
424.49	32.444
424.70	32.282
424.90	34.115
425.10	33.777
425.31	32.236
425.51	34.813
425.71	34.078
425.92	34.598
426.12	31.460
426.32	34.068
426.53	35.071
426.73	35.156
426.93	32.191
427.14	35.626
427.34	34.504
427.55	35.220
427.75	34.548
427.95	31.301
428.16	35.045
428.36	34.547
428.56	36.533
428.77	34.347
428.97	34.528
429.17	32.961
429.38	34.337
429.58	33.808
429.78	33.141
429.99	33.872
430.19	33.565
430.39	33.219
430.60	34.449
430.80	35.550
431.00	33.032
431.21	36.599
431.41	35.154
431.61	34.670
431.82	34.817
432.02	32.764
432.22	32.701
432.43	33.650
432.63	33.755
432.83	32.705
433.04	31.630
433.24	33.224
433.44	31.307
433.65	34.073
433.85	34.157
434.05	33.274
434.25	31.579
434.46	34.542
434.66	32.556
434.86	33.416
435.07	32.512
435.27	33.973
435.47	34.217
435.68	32.058
435.88	32.927
436.08	32.393
436.29	34.400
436.49	31.234
436.69	34.962
436.89	34.356
437.10	32.874
437.30	34.205
437.50	35.367
437.71	33.083
437.91	34.084
438.11	35.673
438.32	34.338
438.52	33.322
438.72	35.467
438.92	34.198
439.13	35.026
439.33	32.441
439.53	35.066
439.74	33.123
439.94	32.949
440.14	33.089
440.34	33.954
440.55	32.304
440.75	34.027
440.95	34.468
441.15	35.407
441.36	33.427
441.56	34.235
441.76	33.110
441.97	34.651
442.17	34.338
442.37	33.752
442.57	34.719
442.78	33.300
442.98	32.971
443.18	32.829
443.38	36.311
443.59	32.316
443.79	34.612
443.99	32.714
444.19	32.014
444.40	33.319
444.60	33.466
444.80	32.751
445.00	34.574
445.21	32.020
445.41	34.007
445.61	35.395
445.81	34.045
446.02	34.534
446.22	34.044
446.42	34.963
446.62	34.312
446.83	34.101
447.03	33.438
447.23	33.488
447.43	33.017
447.64	33.757
447.84	34.389
448.04	33.382
448.24	32.879
448.45	32.957
448.65	34.132
448.85	33.944
449.05	34.111
449.26	33.135
449.46	33.190
449.66	34.342
449.86	34.558
450.06	35.840
450.27	33.938
450.47	33.286
450.67	34.818
450.87	34.840
451.08	35.174
451.28	35.491
451.48	34.829
451.68	35.972
451.88	35.087
452.09	34.342
452.29	33.591
452.49	33.798
452.69	33.595
452.89	34.513
453.10	33.429
453.30	33.548
453.50	34.367
453.70	33.984
453.90	32.953
454.11	33.627
454.31	34.358
454.51	35.087
454.71	33.963
454.91	34.024
455.12	33.140
455.32	32.845
455.52	34.546
455.72	34.294
455.92	34.032
456.13	33.496
456.33	34.326
456.53	33.246
456.73	33.649
456.93	35.891
457.14	33.387
457.34	31.921
457.54	34.173
457.74	32.870
457.94	33.888
458.14	32.349
458.35	33.626
458.55	33.809
458.75	34.412
458.95	34.501
459.15	32.923
459.36	33.460
459.56	35.454
459.76	33.987
459.96	32.851
460.16	33.023
460.36	33.409
460.57	32.251
460.77	32.388
460.97	32.377
461.17	32.596
461.37	33.244
461.57	33.378
461.77	32.593
461.98	32.107
462.18	33.861
462.38	33.391
462.58	32.003
462.78	34.391
462.98	32.567
463.19	32.910
463.39	33.470
463.59	32.493
463.79	33.055
463.99	33.329
464.19	32.532
464.39	30.872
464.60	32.026
464.80	32.476
465.00	31.227
465.20	31.656
465.40	31.535
465.60	32.633
465.80	31.331
466.01	32.206
466.21	32.141
466.41	31.889
466.61	31.945
466.81	32.875
467.01	31.555
467.21	30.170
467.41	30.708
467.62	31.736
467.82	31.638
468.02	29.679
468.22	31.496
468.42	32.092
468.62	31.245
468.82	32.192
469.02	30.772
469.22	31.040
469.43	31.730
469.63	30.000
469.83	30.760
470.03	30.158
470.23	31.081
470.43	31.338
470.63	31.487
470.83	29.896
471.03	29.730
471.24	30.695
471.44	30.264
471.64	30.154
471.84	30.294
472.04	30.139
472.24	29.974
472.44	29.006
472.64	30.163
472.84	29.720
473.04	30.870
473.25	28.981
473.45	30.139
473.65	29.685
473.85	29.205
474.05	28.218
474.25	30.038
474.45	29.188
474.65	30.003
474.85	28.839
475.05	29.025
475.25	29.366
475.45	29.752
475.66	29.390
475.86	30.177
476.06	28.046
476.26	28.371
476.46	28.541
476.66	28.233
476.86	28.627
477.06	29.259
477.26	28.895
477.46	28.499
477.66	28.531
477.86	27.253
478.06	28.840
478.26	27.953
478.46	28.275
478.67	27.802
478.87	29.342
479.07	28.001
479.27	27.907
479.47	27.700
479.67	28.199
479.87	27.730
480.07	28.727
480.27	27.270
480.47	27.485
480.67	27.523
480.87	27.524
481.07	27.439
481.27	28.271
481.47	27.745
481.67	26.672
481.87	27.644
482.07	27.877
482.27	27.028
482.47	26.474
482.67	28.044
482.87	26.485
483.07	27.253
483.28	27.663
483.48	26.129
483.68	26.988
483.88	26.598
484.08	27.376
484.28	26.648
484.48	26.368
484.68	26.234
484.88	26.737
485.08	26.358
485.28	26.381
485.48	25.606
485.68	26.399
485.88	27.668
486.08	26.165
486.28	25.280
486.48	25.344
486.68	26.431
486.88	25.528
487.08	26.523
487.28	25.230
487.48	25.948
487.68	26.079
487.88	24.797
488.08	25.522
488.28	25.815
488.48	25.242
488.68	25.177
488.88	24.264
489.08	24.666
489.28	24.590
489.48	25.522
489.68	25.123
489.88	24.984
490.08	24.423
490.28	24.045
490.48	24.003
490.68	24.544
490.88	23.877
491.08	23.897
491.28	23.118
491.48	23.622
491.68	24.001
491.88	23.330
492.08	24.090
492.28	23.698
492.48	23.268
492.68	24.064
492.88	23.260
493.08	23.434
493.28	23.279
493.48	23.172
493.67	22.581
493.87	22.968
494.07	23.140
494.27	22.545
494.47	22.819
494.67	23.014
494.87	23.028
495.07	21.419
495.27	22.545
495.47	22.606
495.67	22.619
495.87	22.515
496.07	22.423
496.27	21.915
496.47	22.970
496.67	21.853
496.87	21.594
497.07	22.240
497.27	21.930
497.47	21.796
497.67	21.540
497.87	22.324
498.06	20.949
498.26	21.270
498.46	22.179
498.66	21.597
498.86	21.927
499.06	21.892
499.26	20.871
499.46	21.125
499.66	21.842
499.86	21.385
500.06	21.184
500.26	21.637
500.46	21.198
500.66	21.249
500.86	19.921
501.05	20.700
501.25	20.412
501.45	20.163
501.65	21.110
501.85	20.374
502.05	20.698
502.25	20.402
502.45	19.332
502.65	20.204
502.85	20.092
503.05	19.966
503.24	19.521
503.44	19.843
503.64	19.680
503.84	20.116
504.04	20.144
504.24	19.224
504.44	20.314
504.64	19.351
504.84	19.232
505.04	19.897
505.24	18.697
505.43	19.908
505.63	19.078
505.83	19.500
506.03	18.480
506.23	19.626
506.43	19.176
506.63	19.354
506.83	18.534
507.03	18.570
507.22	19.209
507.42	18.957
507.62	17.848
507.82	18.764
508.02	18.638
508.22	18.621
508.42	18.235
508.62	19.088
508.81	18.740
509.01	18.176
509.21	17.924
509.41	19.198
509.61	18.505
509.81	18.913
510.01	18.212
510.21	18.659
510.40	18.765
510.60	17.934
510.80	18.578
511.00	18.319
511.20	17.800
511.40	18.599
511.60	18.376
511.79	17.466
511.99	17.878
512.19	18.103
512.39	18.558
512.59	18.213
512.79	18.018
512.99	17.614
513.18	18.174
513.38	18.093
513.58	17.908
513.78	17.540
513.98	17.323
514.18	18.232
514.37	17.564
514.57	17.807
514.77	17.804
514.97	16.997
515.17	17.583
515.37	17.583
515.56	17.161
515.76	17.640
515.96	18.005
516.16	17.658
516.36	17.339
516.56	17.446
516.75	17.130
516.95	17.300
517.15	17.058
517.35	17.364
517.55	17.158
517.75	18.064
517.94	17.129
518.14	17.080
518.34	18.045
518.54	17.495
518.74	17.170
518.93	17.115
519.13	17.102
519.33	17.092
519.53	17.179
519.73	17.150
519.92	16.736
520.12	17.916
520.32	17.125
520.52	17.121
520.72	16.711
520.91	18.275
521.11	17.646
521.31	17.278
521.51	17.467
521.71	17.779
521.90	17.289
522.10	17.589
522.30	17.768
522.50	17.454
522.70	17.521
522.89	17.512
523.09	17.866
523.29	17.820
523.49	17.284
523.69	17.636
523.88	17.967
524.08	17.616
524.28	17.642
524.48	17.822
524.67	17.860
524.87	17.111
525.07	18.311
525.27	17.737
525.46	17.454
525.66	17.866
525.86	17.738
526.06	18.001
526.26	18.306
526.45	18.397
526.65	18.198
526.85	18.330
527.05	18.909
527.24	17.807
527.44	18.285
527.64	18.263
527.84	18.484
528.03	19.034
528.23	18.382
528.43	18.949
528.63	18.015
528.82	18.718
529.02	18.433
529.22	18.882
529.42	19.198
529.61	18.952
529.81	18.965
530.01	18.765
530.21	18.845
530.40	19.682
530.60	19.252
530.80	18.748
531.00	19.893
531.19	19.352
531.39	19.053
531.59	19.910
531.78	19.689
531.98	19.649
532.18	19.628
532.38	20.071
532.57	20.187
532.77	19.955
532.97	20.260
533.16	20.355
533.36	19.947
533.56	20.355
533.76	19.998
533.95	20.555
534.15	20.154
534.35	20.334
534.55	20.742
534.74	20.764
534.94	20.850
535.14	21.162
535.33	20.568
535.53	21.039
535.73	21.772
535.92	21.138
536.12	21.236
536.32	22.240
536.52	21.976
536.71	22.124
536.91	21.713
537.11	22.027
537.30	22.088
537.50	22.636
537.70	22.292
537.89	21.918
538.09	22.470
538.29	21.986
538.48	23.206
538.68	23.850
538.88	22.709
539.08	22.972
539.27	23.554
539.47	23.361
539.67	23.568
539.86	23.306
540.06	24.757
540.26	24.680
540.45	24.047
540.65	24.328
540.85	24.371
541.04	24.336
541.24	24.039
541.44	25.005
541.63	24.752
541.83	24.491
542.03	24.992
542.22	24.627
542.42	25.346
542.62	25.869
542.81	25.362
543.01	26.274
543.21	25.803
543.40	26.051
543.60	26.033
543.79	26.141
543.99	26.727
544.19	25.935
544.38	26.931
544.58	27.000
544.78	26.393
544.97	27.026
545.17	27.757
545.37	27.271
545.56	27.772
545.76	27.714
545.96	27.094
546.15	27.450
546.35	28.419
546.54	27.754
546.74	29.089
546.94	28.837
547.13	29.050
547.33	28.410
547.53	28.860
547.72	29.444
547.92	29.081
548.11	28.518
548.31	29.509
548.51	29.209
548.70	29.471
548.90	30.337
549.10	31.049
549.29	31.301
549.49	30.668
549.68	30.932
549.88	31.341
550.08	31.160
550.27	31.528
550.47	31.564
550.66	31.472
550.86	32.250
551.06	31.971
551.25	31.894
551.45	32.094
551.64	33.006
551.84	33.030
552.04	32.091
552.23	33.513
552.43	32.990
552.62	33.354
552.82	34.207
553.02	33.705
553.21	34.203
553.41	34.294
553.60	34.066
553.80	34.845
554.00	34.886
554.19	34.790
554.39	35.194
554.58	34.495
554.78	34.772
554.97	35.617
555.17	35.583
555.37	35.856
555.56	35.652
555.76	36.417
555.95	36.238
556.15	36.477
556.34	36.555
556.54	36.393
556.74	36.417
556.93	37.148
557.13	37.576
557.32	37.431
557.52	37.774
557.71	37.337
557.91	38.353
558.10	37.965
558.30	39.316
558.50	38.858
558.69	38.669
558.89	39.324
559.08	39.463
559.28	39.284
559.47	40.155
559.67	40.030
559.86	39.346
560.06	40.280
560.25	41.642
560.45	40.059
560.65	40.286
560.84	40.905
561.04	41.569
561.23	42.204
561.43	41.354
561.62	42.134
561.82	41.554
562.01	42.220
562.21	41.952
562.40	41.863
562.60	41.972
562.79	43.622
562.99	43.414
563.18	42.979
563.38	43.248
563.57	44.122
563.77	43.610
563.96	43.237
564.16	44.409
564.36	44.947
564.55	45.335
564.75	44.419
564.94	44.948
565.14	45.405
565.33	45.792
565.53	45.134
565.72	45.723
565.92	44.991
566.11	45.852
566.31	46.246
566.50	46.475
566.70	46.284
566.89	46.818
567.09	46.464
567.28	46.451
567.48	47.539
567.67	48.156
567.87	47.468
568.06	47.371
568.26	48.312
568.45	46.457
568.64	48.125
568.84	48.697
569.03	48.319
569.23	48.241
569.42	48.633
569.62	48.534
569.81	48.855
570.01	48.661
570.20	49.742
570.40	49.465
570.59	49.055
570.79	50.681
570.98	50.199
571.18	50.951
571.37	50.863
571.57	50.747
571.76	50.126
571.95	50.988
572.15	51.426
572.34	51.141
572.54	51.872
572.73	53.950
572.93	52.494
573.12	51.704
573.32	52.688
573.51	52.791
573.71	52.287
573.90	53.175
574.09	52.386
574.29	52.928
574.48	53.881
574.68	53.768
574.87	53.932
575.07	54.469
575.26	53.730
575.46	54.129
575.65	54.782
575.84	55.667
576.04	54.276
576.23	54.986
576.43	55.561
576.62	55.156
576.82	55.723
577.01	55.095
577.20	55.480
577.40	55.149
577.59	55.283
577.79	55.891
577.98	56.450
578.18	56.589
578.37	56.222
578.56	56.999
578.76	55.759
578.95	56.738
579.15	56.192
579.34	57.115
579.53	58.529
579.73	57.937
579.92	57.905
580.12	58.237
580.31	58.443
580.50	58.536
580.70	58.439
580.89	57.640
581.09	58.702
581.28	58.391
581.47	58.723
581.67	59.356
581.86	58.880
582.06	59.061
582.25	60.389
582.44	59.702
582.64	59.334
582.83	60.348
583.03	60.052
583.22	60.502
583.41	60.966
583.61	61.125
583.80	61.861
583.99	61.061
584.19	60.509
584.38	61.572
584.58	62.889
584.77	61.175
584.96	61.276
585.16	63.284
585.35	61.849
585.54	61.739
585.74	63.102
585.93	62.275
586.13	63.176
586.32	62.761
586.51	62.886
586.71	62.912
586.90	63.483
587.09	63.280
587.29	65.247
587.48	63.807
587.67	64.365
587.87	64.481
588.06	63.701
588.25	64.650
588.45	64.538
588.64	64.010
588.83	64.207
589.03	64.932
589.22	63.942
589.41	64.417
589.61	63.356
589.80	65.374
589.99	65.420
590.19	65.994
590.38	64.850
590.57	65.534
590.77	66.052
590.96	66.478
591.15	66.944
591.35	66.033
591.54	66.619
591.73	66.926
591.93	65.918
592.12	66.468
592.31	66.810
592.51	67.062
592.70	67.347
592.89	66.969
593.09	67.774
593.28	66.371
593.47	66.852
593.67	67.736
593.86	68.492
594.05	68.505
594.25	67.266
594.44	68.064
594.63	68.095
594.82	67.783
595.02	67.960
595.21	68.813
595.40	69.695
595.60	68.608
595.79	68.980
595.98	69.181
596.17	67.952
596.37	70.379
596.56	68.869
596.75	68.526
596.95	68.882
597.14	68.095
597.33	69.010
597.52	69.830
597.72	69.927
597.91	70.508
598.10	70.809
598.30	69.181
598.49	70.504
598.68	70.748
598.87	71.644
599.07	70.400
599.26	70.839
599.45	70.186
599.65	71.731
599.84	70.500
600.03	71.193
600.22	70.997
600.42	72.122
600.61	71.728
600.80	71.252
600.99	71.419
601.19	72.425
601.38	70.543
601.57	72.080
601.76	71.476
601.96	72.422
602.15	71.122
602.34	71.786
602.53	74.248
602.73	73.583
602.92	72.231
603.11	72.527
603.30	73.828
603.50	72.786
603.69	73.188
603.88	73.675
604.07	72.185
604.26	73.143
604.46	73.475
604.65	73.050
604.84	74.751
605.03	72.093
605.23	74.131
605.42	74.692
605.61	74.872
605.80	73.081
606.00	73.656
606.19	74.579
606.38	76.287
606.57	73.619
606.76	73.861
606.96	73.822
607.15	75.172
607.34	75.311
607.53	73.826
607.72	74.556
607.92	74.229
608.11	76.171
608.30	75.655
608.49	75.010
608.68	74.378
608.88	74.051
609.07	75.820
609.26	75.232
609.45	76.393
609.64	76.266
609.84	75.872
610.03	76.381
610.22	76.389
610.41	76.633
610.60	78.164
610.80	75.668
610.99	76.492
611.18	77.228
611.37	77.191
611.56	76.916
611.76	76.100
611.95	75.934
612.14	77.390
612.33	76.654
612.52	77.321
612.71	76.249
612.91	76.695
613.10	76.333
613.29	76.580
613.48	78.436
613.67	77.586
613.86	77.404
614.06	78.037
614.25	77.590
614.44	78.021
614.63	78.107
614.82	78.483
615.01	77.229
615.20	78.117
615.40	77.859
615.59	78.971
615.78	78.166
615.97	78.315
616.16	77.744
616.35	78.939
616.55	78.976
616.74	78.174
616.93	79.034
617.12	79.023
617.31	78.225
617.50	78.334
617.69	78.893
617.88	78.801
618.08	79.201
618.27	79.130
618.46	80.171
618.65	78.794
618.84	78.645
619.03	79.883
619.22	78.803
619.42	79.582
619.61	80.916
619.80	78.243
619.99	80.174
620.18	79.463
620.37	78.994
620.56	79.237
620.75	79.826
620.94	79.240
621.14	79.937
621.33	80.248
621.52	78.962
621.71	80.620
621.90	79.546
622.09	79.853
622.28	79.872
622.47	80.098
622.66	79.831
622.85	80.625
623.05	80.177
623.24	79.856
623.43	80.772
623.62	81.778
623.81	79.733
624.00	80.597
624.19	81.492
624.38	80.221
624.57	80.085
624.76	81.092
624.95	81.531
625.15	81.740
625.34	82.668
625.53	81.995
625.72	81.175
625.91	81.293
626.10	80.573
626.29	81.716
626.48	81.946
626.67	81.622
626.86	81.515
627.05	82.729
627.24	82.433
627.43	82.310
627.62	81.380
627.82	81.893
628.01	82.388
628.20	82.584
628.39	82.743
628.58	81.789
628.77	83.529
628.96	83.783
629.15	81.642
629.34	82.456
629.53	82.360
629.72	84.157
629.91	82.584
630.10	82.033
630.29	83.994
630.48	82.875
630.67	83.284
630.86	83.258
631.05	84.988
631.24	83.437
631.43	84.125
631.62	80.940
631.81	83.064
632.00	83.083
632.20	82.835
632.39	83.625
632.58	83.149
632.77	83.290
632.96	82.278
633.15	84.066
633.34	83.118
633.53	83.190
633.72	85.017
633.91	84.555
634.10	83.758
634.29	83.593
634.48	83.077
634.67	84.550
634.86	84.067
635.05	82.854
635.24	85.865
635.43	85.936
635.62	83.961
635.81	83.904
636.00	83.757
636.19	83.317
636.38	84.823
636.57	85.134
636.76	84.448
636.95	85.443
637.14	84.375
637.33	84.985
637.52	83.046
637.71	84.023
637.90	84.642
638.09	84.596
638.28	84.607
638.47	83.091
638.66	84.998
638.85	84.164
639.04	84.012
639.23	85.577
639.41	84.414
639.60	86.039
639.79	84.169
639.98	84.441
640.17	84.679
640.36	85.676
640.55	84.203
640.74	84.614
640.93	85.272
641.12	84.914
641.31	84.445
641.50	85.584
641.69	85.038
641.88	82.726
642.07	86.108
642.26	85.619
642.45	87.351
642.64	85.887
642.83	86.121
643.02	86.861
643.21	84.829
643.40	85.395
643.59	86.715
643.77	84.921
643.96	84.475
644.15	86.374
644.34	85.981
644.53	86.299
644.72	87.173
644.91	85.770
645.10	86.801
645.29	86.398
645.48	86.363
645.67	85.726
645.86	87.334
646.05	85.376
646.24	87.921
646.42	86.729
646.61	86.564
646.80	84.847
646.99	86.237
647.18	87.007
647.37	85.013
647.56	87.672
647.75	87.261
647.94	88.293
648.13	86.720
648.32	86.291
648.50	87.041
648.69	86.947
648.88	88.050
649.07	86.185
649.26	87.235
649.45	86.556
649.64	87.300
649.83	88.457
650.02	86.544
650.21	85.638
650.39	86.981
650.58	87.004
650.77	87.168
650.96	87.076
651.15	87.009
651.34	86.739
651.53	86.950
651.72	86.767
651.90	88.023
652.09	88.843
652.28	88.203
652.47	88.768
652.66	88.148
652.85	87.586
653.04	87.745
653.23	88.479
653.41	87.282
653.60	86.688
653.79	88.679
653.98	87.143
654.17	88.524
654.36	86.150
654.55	86.513
654.73	87.411
654.92	88.296
655.11	88.289
655.30	88.163
655.49	86.603
655.68	89.697
655.87	87.937
656.05	88.064
656.24	89.725
656.43	87.943
656.62	88.510
656.81	87.154
657.00	89.159
657.18	88.392
657.37	87.572
657.56	87.825
657.75	86.674
657.94	87.192
658.13	88.354
658.31	89.121
658.50	87.908
658.69	88.290
658.88	89.180
659.07	89.236
659.26	89.199
659.44	89.791
659.63	89.953
659.82	88.320
660.01	87.587
660.20	88.536
660.38	89.232
660.57	87.179
660.76	88.260
660.95	89.486
661.14	88.749
661.32	89.414
661.51	88.848
661.70	89.297
661.89	89.728
662.08	88.223
662.26	89.881
662.45	89.080
662.64	88.442
662.83	89.681
663.02	87.365
663.20	89.235
663.39	88.945
663.58	90.562
663.77	89.452
663.96	89.188
664.14	87.183
664.33	90.076
664.52	89.090
664.71	88.908
664.89	89.166
665.08	89.092
665.27	89.290
665.46	90.361
665.64	88.213
665.83	89.780
666.02	89.440
666.21	89.692
666.40	89.932
666.58	89.965
666.77	90.820
666.96	90.053
667.15	89.415
667.33	90.114
667.52	90.880
667.71	90.199
667.90	90.321
668.08	90.496
668.27	89.339
668.46	88.701
668.65	88.502
668.83	91.183
669.02	88.000
669.21	89.502
669.40	90.204
669.58	89.040
669.77	89.966
669.96	89.667
670.14	90.195
670.33	90.817
670.52	89.663
670.71	89.834
670.89	92.178
671.08	89.643
671.27	89.357
671.46	90.005
671.64	90.684
671.83	90.087
672.02	90.240
672.20	88.267
672.39	90.419
672.58	90.123
672.77	89.065
672.95	91.526
673.14	90.012
673.33	90.691
673.51	90.603
673.70	91.558
673.89	91.311
674.08	91.154
674.26	92.203
674.45	90.508
674.64	90.090
674.82	90.099
675.01	90.498
675.20	90.676
675.38	92.049
675.57	91.412
675.76	93.383
675.94	91.382
676.13	91.711
676.32	90.422
676.51	90.537
676.69	90.600
676.88	91.216
677.07	90.424
677.25	90.716
677.44	89.394
677.63	91.938
677.81	90.704
678.00	92.972
678.19	92.393
678.37	90.411
678.56	91.315
678.75	91.988
678.93	90.604
679.12	90.067
679.31	89.616
679.49	91.553
679.68	91.141
679.87	89.970
680.05	91.802
680.24	91.118
680.42	91.643
680.61	90.245
680.80	91.246
680.98	91.927
681.17	90.880
681.36	92.968
681.54	92.100
681.73	90.531
681.92	92.892
682.10	91.082
682.29	92.302
682.48	92.802
682.66	91.608
682.85	91.711
683.03	90.801
683.22	90.819
683.41	90.664
683.59	90.567
683.78	91.237
683.97	90.323
684.15	91.466
684.34	90.998
684.52	92.031
684.71	90.391
684.90	91.987
685.08	92.726
685.27	91.653
685.45	91.936
685.64	90.970
685.83	92.864
686.01	91.544
686.20	91.207
686.39	90.141
686.57	90.651
686.76	92.043
686.94	93.036
687.13	92.473
687.31	91.006
687.50	91.699
687.69	92.495
687.87	93.428
688.06	90.876
688.24	93.125
688.43	91.683
688.62	91.605
688.80	91.959
688.99	92.115
689.17	91.920
689.36	92.642
689.55	93.323
689.73	91.494
689.92	91.335
690.10	92.410
690.29	95.746
690.47	92.825
690.66	92.750
690.84	91.306
691.03	92.475
691.22	92.779
691.40	90.701
691.59	91.343
691.77	93.946
691.96	92.705
692.14	92.217
692.33	93.573
692.52	91.281
692.70	91.657
692.89	91.580
693.07	92.864
693.26	93.628
693.44	92.351
693.63	92.358
693.81	93.588
694.00	92.308
694.18	93.036
694.37	93.072
694.55	93.498
694.74	92.158
694.93	91.181
695.11	94.309
695.30	91.920
695.48	93.021
695.67	92.095
695.85	93.498
696.04	92.436
696.22	91.507
696.41	92.449
696.59	92.200
696.78	93.163
696.96	92.983
697.15	92.556
697.33	91.898
697.52	93.907
697.70	94.098
697.89	92.195
698.07	94.911
698.26	94.666
698.44	94.092
698.63	92.157
698.81	94.930
699.00	91.887
699.18	92.298
699.37	91.845
699.55	93.821
699.74	93.132
699.92	92.306
700.11	92.139
700.29	92.434
700.48	92.778
700.66	92.834
700.85	92.838
701.03	96.098
701.22	93.897
701.40	91.834
701.59	92.946
701.77	93.272
701.96	92.914
702.14	93.142
702.33	93.254
702.51	94.225
702.69	94.329
702.88	92.718
703.06	93.409
703.25	92.837
703.43	93.912
703.62	93.902
703.80	93.241
703.99	93.901
704.17	93.040
704.36	92.948
704.54	93.749
704.73	92.032
704.91	93.517
705.09	94.004
705.28	93.766
705.46	94.750
705.65	94.568
705.83	93.678
706.02	94.338
706.20	92.123
706.38	94.175
706.57	92.662
706.75	93.222
706.94	93.115
707.12	94.297
707.31	93.427
707.49	94.073
707.67	92.954
707.86	92.940
708.04	93.554
708.23	94.035
708.41	92.407
708.60	93.327
708.78	93.136
708.96	94.544
709.15	92.713
709.33	93.243
709.52	92.133
709.70	92.400
709.88	92.299
710.07	94.279
710.25	93.914
710.44	94.002
710.62	94.838
710.80	94.947
710.99	94.244
711.17	93.679
711.36	93.487
711.54	93.264
711.72	91.702
711.91	95.493
712.09	93.836
712.28	94.297
712.46	94.005
712.64	94.179
712.83	94.770
713.01	95.505
713.20	93.848
713.38	93.494
713.56	92.972
713.75	94.420
713.93	93.416
714.11	95.795
714.30	94.675
714.48	93.893
714.66	95.516
714.85	95.213
715.03	94.507
715.22	94.816
715.40	93.671
715.58	93.203
715.77	93.323
715.95	93.949
716.13	95.315
716.32	93.541
716.50	92.800
716.68	95.560
716.87	95.467
717.05	94.237
717.23	92.210
717.42	94.615
717.60	93.278
717.78	95.190
717.97	91.545
718.15	91.868
718.33	94.358
718.52	91.779
718.70	94.667
718.88	94.468
719.07	94.087
719.25	93.449
719.43	97.024
719.62	96.393
719.80	93.687
719.98	92.885
720.17	93.552
720.35	95.361
720.53	93.927
720.72	95.220
720.90	93.355
721.08	94.283
721.27	93.533
721.45	97.004
721.63	93.392
721.81	92.346
722.00	94.298
722.18	95.744
722.36	96.337
722.55	93.501
722.73	94.802
722.91	96.023
723.10	96.391
723.28	94.283
723.46	93.848
723.64	93.505
723.83	95.711
724.01	92.770
724.19	96.083
724.38	93.420
724.56	94.560
724.74	93.779
724.92	93.678
725.11	94.883
725.29	95.705
725.47	94.949
725.66	94.264
725.84	92.378
726.02	92.887
726.20	95.727
726.39	94.640
726.57	95.170
726.75	93.341
726.93	93.385
727.12	95.246
727.30	93.706
727.48	94.688
727.66	96.377
727.85	93.975
728.03	94.459
728.21	92.865
728.39	94.979
728.58	95.845
728.76	94.783
728.94	97.304
729.12	94.445
729.31	94.907
729.49	93.416
729.67	94.398
729.85	94.731
730.04	94.593
730.22	94.436
730.40	95.516
730.58	93.736
730.76	94.745
730.95	93.981
731.13	94.629
731.31	94.734
731.49	95.232
731.68	94.554
731.86	96.393
732.04	93.702
732.22	93.784
732.40	94.175
732.59	92.943
732.77	94.052
732.95	96.402
733.13	94.750
733.31	94.278
733.50	94.834
733.68	94.146
733.86	95.812
734.04	96.268
734.22	94.959
734.41	93.300
734.59	94.538
734.77	93.955
734.95	96.222
735.13	98.718
735.32	93.731
735.50	95.105
735.68	96.130
735.86	93.499
736.04	95.512
736.22	95.585
736.41	95.827
736.59	93.897
736.77	93.282
736.95	94.594
737.13	95.147
737.32	94.074
737.50	94.753
737.68	94.413
737.86	93.864
738.04	97.202
738.22	95.979
738.41	95.689
738.59	95.755
738.77	95.528
738.95	94.888
739.13	90.807
739.31	95.571
739.49	93.939
739.68	93.879
739.86	96.860
740.04	97.422
740.22	95.438
740.40	93.420
740.58	96.722
740.76	98.366
740.95	95.591
741.13	95.429
741.31	97.942
741.49	95.215
741.67	95.301
741.85	95.717
742.03	94.076
742.21	96.742
742.40	93.211
742.58	97.336
742.76	95.834
742.94	94.502
743.12	92.758
743.30	94.243
743.48	95.675
743.66	98.224
743.85	94.673
744.03	94.997
744.21	96.705
744.39	96.600
744.57	95.394
744.75	94.437
744.93	95.722
745.11	95.858
745.29	96.431
745.47	96.204
745.66	95.233
745.84	97.723
746.02	93.456
746.20	93.921
746.38	95.414
746.56	94.856
746.74	95.771
746.92	97.208
747.10	93.986
747.28	95.065
747.46	93.510
747.64	97.705
747.83	94.530
748.01	95.127
748.19	94.304
748.37	94.271
748.55	97.452
748.73	96.267
748.91	94.530
749.09	96.283
749.27	95.015
749.45	95.520
749.63	96.951
749.81	94.486
749.99	96.186
750.17	98.103
750.35	94.544
750.53	94.775
750.72	93.645
750.90	95.601
751.08	94.632
751.26	93.000
751.44	97.585
751.62	96.078
751.80	94.980
751.98	94.060
752.16	97.589
752.34	94.763
752.52	93.318
752.70	94.291
752.88	96.096
753.06	95.039
753.24	95.490
753.42	93.578
753.60	95.785
753.78	97.530
753.96	94.038
754.14	94.427
754.32	94.309
754.50	94.228
754.68	95.640
754.86	97.291
755.04	95.086
755.22	94.664
755.40	95.374
755.58	95.575
755.76	95.702
755.94	96.138
756.12	96.334
756.30	95.651
756.48	95.271
756.66	97.423
756.84	93.092
757.02	94.767
757.20	97.711
757.38	94.752
757.56	97.102
757.74	98.121
757.92	96.720
758.10	95.104
758.28	95.647
758.46	96.168
758.64	94.347
758.82	95.487
759.00	96.082
759.18	96.235
759.36	96.070
759.54	96.028
759.72	95.831
759.90	94.737
760.08	95.439
760.26	96.922
760.44	96.390
760.62	94.971
760.80	95.952
760.98	94.538
761.16	97.329
761.33	96.882
761.51	97.161
761.69	96.926
761.87	95.174
762.05	98.560
762.23	96.837
762.41	94.322
762.59	93.167
762.77	95.166
762.95	94.458
763.13	94.691
763.31	95.342
763.49	94.664
763.67	95.982
763.85	97.848
764.03	96.402
764.21	96.998
764.38	94.809
764.56	95.068
764.74	95.920
764.92	98.328
765.10	96.768
765.28	92.668
765.46	95.769
765.64	97.787
765.82	94.168
766.00	94.600
766.18	94.900
766.35	96.252
766.53	96.566
766.71	98.304
766.89	96.808
767.07	93.835
767.25	96.176
767.43	96.904
767.61	98.121
767.79	95.749
767.97	95.476
768.14	95.335
768.32	95.960
768.50	93.723
768.68	95.987
768.86	94.633
769.04	93.647
769.22	95.005
769.40	96.442
769.58	96.549
769.75	96.489
769.93	96.581
770.11	96.681
770.29	97.250
770.47	94.774
770.65	93.747
770.83	92.948
771.00	96.203
771.18	96.049
771.36	95.836
771.54	97.567
771.72	96.374
771.90	94.382
772.08	97.833
772.25	96.547
772.43	98.038
772.61	95.083
772.79	94.444
772.97	96.892
773.15	94.991
773.33	96.166
773.50	94.220
773.68	95.410
773.86	97.905
774.04	97.049
774.22	94.365
774.40	98.653
774.57	97.211
774.75	96.664
774.93	96.635
775.11	99.772
775.29	95.305
775.46	97.091
775.64	98.560
775.82	95.868
776.00	93.501
776.18	95.489
776.36	96.327
776.53	97.907
776.71	97.204
776.89	96.079
777.07	96.685
777.25	97.195
777.42	98.710
777.60	95.141
777.78	95.804
777.96	97.285
778.14	95.874
778.31	98.523
778.49	95.731
778.67	97.239
778.85	97.236
779.03	98.336
779.20	95.074
779.38	97.003
779.56	92.217
779.74	96.882
779.91	96.859
780.09	97.202
780.27	94.432
780.45	97.468
780.63	97.679
780.80	95.152
780.98	98.225
781.16	93.827
781.34	97.493
781.51	98.842
781.69	95.391
781.87	95.974
782.05	96.451
782.22	99.152
782.40	99.625
782.58	97.600
782.76	97.595
782.93	95.212
783.11	97.985
783.29	97.425
783.47	97.050
783.64	98.594
783.82	94.986
784.00	100.193
784.18	95.591
784.35	100.751
784.53	96.664
784.71	96.215
784.89	96.442
785.06	97.880
785.24	96.565
785.42	98.706
785.60	99.315
785.77	99.438
785.95	100.670
786.13	95.367
786.30	96.331
786.48	97.808
786.66	101.168
786.84	99.786
787.01	98.956
787.19	94.505
787.37	98.445
787.54	94.901
787.72	98.639
787.90	97.405
788.07	95.108
788.25	96.613
788.43	97.968
788.61	98.895
788.78	95.867
788.96	99.521
789.14	98.233
789.31	95.372
789.49	95.210
789.67	97.141
789.84	95.758
790.02	101.244
790.20	97.521
790.37	100.915
790.55	96.376
790.73	96.535
790.90	97.015
791.08	96.221
791.26	95.749
791.43	94.375
791.61	96.144
791.79	95.691
791.96	98.287
792.14	99.836
792.32	95.889
792.49	93.917
792.67	97.355
792.85	96.967
793.02	95.885
793.20	94.484
793.38	98.036
793.55	98.226
793.73	101.493
793.91	96.045
794.08	98.194
794.26	99.161
794.44	95.615
794.61	94.781
794.79	95.073
794.97	95.274
795.14	96.241
795.32	93.948
795.49	100.449
795.67	95.066
795.85	98.194
796.02	98.201
796.20	96.198
796.38	99.457
796.55	98.191
796.73	97.906
796.90	100.697
797.08	98.555
797.26	98.921
797.43	98.351
797.61	98.727
797.78	98.328
797.96	99.155
798.14	97.111
798.31	97.011
798.49	98.610
798.66	100.542
798.84	96.932
799.02	96.685
799.19	95.281
799.37	99.742
799.54	93.303
799.72	97.456
799.90	99.928
800.07	96.665
800.25	98.736
800.42	94.894
800.60	100.374
800.78	101.095
800.95	101.622
801.13	96.426
801.30	99.716
801.48	96.876
801.65	97.047
801.83	97.873
802.01	93.884
802.18	99.615
802.36	101.127
802.53	97.710
802.71	99.080
802.88	101.438
803.06	96.096
803.23	95.123
803.41	97.556
803.59	96.270
803.76	96.883
803.94	99.042
804.11	95.744
804.29	97.859
804.46	98.572
804.64	93.436
804.81	98.323
804.99	98.141
805.16	96.408
805.34	93.835
805.52	97.145
805.69	97.909
805.87	94.799
806.04	98.802
806.22	97.142
806.39	98.768
806.57	95.543
806.74	97.833
806.92	95.835
807.09	96.414
807.27	96.918
807.44	99.076
807.62	97.678
807.79	99.492
807.97	99.561
808.14	99.316
808.32	99.004
808.49	100.337
808.67	100.429
808.84	94.852
809.02	95.156
809.19	98.914
809.37	95.737
809.54	96.302
809.72	93.414
809.89	97.867
810.07	99.391
810.24	99.684
810.42	102.298
810.59	103.481
810.77	97.581
810.94	97.475
811.12	96.968
811.29	94.885
811.47	95.685
811.64	97.830
811.82	98.342
811.99	97.520
812.16	93.938
812.34	97.848
812.51	98.944
812.69	97.584
812.86	96.018
813.04	101.161
813.21	94.094
813.39	100.906
813.56	97.557
813.74	100.295
813.91	97.702
814.08	98.066
814.26	96.508
814.43	97.306
814.61	100.708
814.78	98.792
814.96	95.464
815.13	100.604
815.31	98.789
815.48	96.450
815.65	98.696
815.83	99.050
816.00	97.862
816.18	97.416
816.35	100.834
816.53	100.880
816.70	96.628
816.87	98.359
817.05	100.491
817.22	96.385
817.40	97.829
817.57	94.911
817.74	100.181
817.92	94.609
818.09	98.132
818.27	98.492
818.44	102.820
818.62	93.336
818.79	99.087
818.96	101.974
819.14	103.822
819.31	100.632
819.49	96.469
819.66	97.918
819.83	98.289
820.01	105.428
820.18	101.517
820.35	97.612
820.53	100.648
820.70	102.779
820.88	101.494
821.05	99.164
821.22	101.366
821.40	98.569
821.57	100.444
821.74	96.022
821.92	100.379
822.09	99.624
822.27	95.987
822.44	95.952
822.61	94.610
822.79	93.607
822.96	97.582
823.13	96.594
823.31	100.708
823.48	97.447
823.65	103.784
823.83	98.746
824.00	98.545
824.17	97.457
824.35	102.250
824.52	101.573
824.69	101.195
824.87	97.210
825.04	98.800
825.22	97.537
825.39	105.152
825.56	99.942
825.74	93.255
825.91	96.947
826.08	104.490
826.25	99.266
826.43	98.950
826.60	94.521
826.77	94.288
826.95	99.943
827.12	97.007
827.29	102.515
827.47	98.503
827.64	100.384
827.81	103.015
827.99	97.292
828.16	100.966
828.33	99.629
828.51	103.340
828.68	100.759
828.85	97.541
829.02	99.800
829.20	98.202
829.37	102.709
829.54	97.855
829.72	98.078
829.89	98.556
830.06	97.968
830.23	101.452
830.41	94.348
830.58	95.398
830.75	99.968
830.93	99.337
831.10	102.780
831.27	102.231
831.44	98.421
831.62	95.621
831.79	101.841
831.96	99.521
832.13	100.366
832.31	100.580
832.48	99.123
832.65	100.681
832.83	95.748
833.00	102.373
833.17	99.052
833.34	97.566
833.52	98.409
833.69	94.595
833.86	101.530
834.03	98.156
834.21	93.759
834.38	103.929
834.55	99.683
834.72	98.444
834.89	95.475
835.07	94.882
835.24	99.104
835.41	100.419
835.58	96.333
835.76	100.764
835.93	98.462
836.10	97.408
836.27	92.361
836.45	99.063
836.62	102.297
836.79	100.590
836.96	96.446
837.13	93.194
837.31	95.422
837.48	100.597
837.65	101.001
837.82	103.998
837.99	96.007
838.17	98.949
838.34	100.742
838.51	96.133
838.68	103.969
838.85	97.172
839.03	99.285
839.20	100.337
839.37	95.216
839.54	99.003
839.71	99.677
839.89	95.893
840.06	98.575
840.23	99.402
840.40	101.167
840.57	101.329
840.74	99.639
840.92	96.849
841.09	100.156
841.26	93.512
841.43	102.165
841.60	104.008
841.78	96.007
841.95	101.622
842.12	102.032
842.29	98.836
842.46	100.355
842.63	95.770
842.80	103.721
842.98	98.547
843.15	95.512
843.32	101.684
843.49	101.004
843.66	104.554
843.83	100.561
844.00	97.043
844.18	98.794
844.35	104.367
844.52	102.261
844.69	98.630
844.86	96.874
845.03	101.091
845.20	100.235
845.38	94.988
845.55	105.955
845.72	98.926
845.89	104.846
846.06	102.417
846.23	111.400
846.40	104.194
846.57	103.380
846.75	95.435
846.92	104.537
847.09	98.070
847.26	99.320
847.43	105.058
847.60	100.000
847.77	100.744
847.94	102.562
848.11	98.175
848.28	104.146
848.46	103.912
848.63	101.846
848.80	98.354
848.97	95.677
849.14	99.707
849.31	98.008
849.48	98.535
849.65	97.970
849.82	99.572
849.99	98.890
850.16	100.326
850.33	97.756
850.51	100.523
850.68	94.478
850.85	97.466
851.02	97.292
851.19	97.158
851.36	102.199
851.53	98.780
851.70	94.887
851.87	103.019
852.04	102.846
852.21	102.133
852.38	98.632
852.55	98.216
852.72	101.601
852.89	98.925
853.06	102.481
853.24	100.619
853.41	100.749
853.58	108.931
853.75	103.129
853.92	96.075
854.09	102.766
854.26	101.606
854.43	98.346
854.60	100.375
854.77	100.979
854.94	103.426
855.11	107.946
855.28	111.144
855.45	90.896
855.62	103.103
855.79	107.899
855.96	95.799
856.13	100.860
856.30	103.509
856.47	94.231
856.64	97.698
856.81	104.724
856.98	99.124
857.15	103.712
857.32	95.098
857.49	108.677
857.66	103.037
857.83	110.070
858.00	94.347
858.17	106.938
858.34	107.092
858.51	98.418
858.68	104.181
858.85	98.130
859.02	108.780
859.19	90.973
859.36	97.835
859.53	96.408
859.70	104.206
859.87	94.135
860.04	91.696
860.21	97.401
860.38	100.349
860.55	95.703
860.72	104.515
860.89	96.888
861.06	100.375
861.23	96.839
861.40	106.093
861.56	97.222
861.73	94.983
861.90	96.328
862.07	104.250
862.24	104.938
862.41	104.731
862.58	105.111
862.75	98.131
862.92	97.627
863.09	99.708
863.26	108.526
863.43	104.675
863.60	103.522
863.77	95.943
863.94	104.771
864.11	98.308
864.28	98.961
864.44	98.778
864.61	108.206
864.78	98.351
864.95	102.745
865.12	102.738
865.29	88.431
865.46	103.577
865.63	101.267
865.80	106.606
865.97	100.651
866.14	99.496
866.31	110.881
866.47	102.403
866.64	98.783
866.81	94.607
866.98	96.819
867.15	95.167
867.32	97.538
867.49	99.351
867.66	99.501
867.83	100.885
867.99	105.063
868.16	107.176
868.33	96.839
868.50	108.723
868.67	99.189
868.84	100.000
869.01	107.770
869.18	107.184
869.35	91.842
869.51	102.380
869.68	106.021
869.85	103.927
870.02	105.042
870.19	103.558
870.36	103.882
870.53	102.572
870.69	103.319
870.86	103.516
871.03	107.907
871.20	102.707
871.37	102.108
871.54	92.407
871.71	112.487
871.87	95.157
872.04	102.698
872.21	102.876
872.38	109.338
872.55	97.440
872.72	108.116
872.88	103.333
873.05	99.224
873.22	102.220
873.39	96.333
873.56	108.158
873.73	99.085
873.89	109.716
874.06	118.856
874.23	107.596
874.40	100.637
874.57	104.091
874.73	99.502
874.90	99.422
875.07	105.515
875.24	102.932
875.41	100.569
875.57	100.687
875.74	104.142
875.91	94.388
876.08	115.744
876.25	97.220
876.41	102.048
876.58	104.208
876.75	102.733
876.92	104.825
877.09	109.093
877.25	99.338
877.42	105.128
877.59	110.633
877.76	108.072
877.93	107.114
878.09	103.096
878.26	98.557
878.43	118.229
878.60	104.782
878.76	107.433
878.93	99.419
879.10	109.506
879.27	104.368
879.43	105.455
879.60	95.104
879.77	100.597
879.94	101.969
880.10	108.256
880.27	107.775
880.44	114.693
880.61	98.568
880.77	106.483
880.94	102.839
881.11	96.963
881.28	103.154
881.44	100.610
881.61	117.774
881.78	103.333
881.95	103.659
882.11	104.878
882.28	105.888
882.45	98.965
882.62	114.311
882.78	92.433
882.95	105.565
883.12	96.971
883.28	100.282
883.45	106.734
883.62	100.378
883.79	113.169
883.95	103.599
884.12	99.382
884.29	89.603
884.45	95.171
884.62	96.489
884.79	105.982
884.96	104.101
885.12	104.037
885.29	100.774
885.46	103.912
885.62	104.340
885.79	102.794
885.96	105.836
886.12	104.452
886.29	109.412
886.46	98.601
886.62	99.128
886.79	102.493
