178.99	-0.319
179.20	-0.319
179.42	-0.319
179.63	-0.040
179.84	-0.678
180.06	0.205
180.27	-0.000
180.49	0.087
180.70	-0.000
180.92	0.564
181.13	-0.560
181.35	-0.913
181.56	0.247
181.77	-0.000
181.99	-0.000
182.20	-0.000
182.42	0.750
182.63	0.933
182.85	-0.000
183.06	-0.000
183.28	2.947
183.49	1.670
183.70	0.739
183.92	0.629
184.13	0.658
184.35	0.492
184.56	0.542
184.78	0.531
184.99	0.513
185.21	0.597
185.42	0.602
185.63	0.445
185.85	0.444
186.06	0.385
186.28	0.392
186.49	0.351
186.71	0.420
186.92	0.464
187.13	0.432
187.35	0.361
187.56	0.369
187.78	0.321
187.99	0.293
188.21	0.256
188.42	0.223
188.63	0.217
188.85	0.259
189.06	0.262
189.28	0.300
189.49	0.256
189.71	0.241
189.92	0.250
190.13	0.292
190.35	0.355
190.56	0.386
190.78	0.368
190.99	0.373
191.20	0.380
191.42	0.347
191.63	0.395
191.85	0.408
192.06	0.368
192.28	0.426
192.49	0.433
192.70	0.532
192.92	0.632
193.13	0.571
193.35	0.606
193.56	0.633
193.77	0.536
193.99	0.612
194.20	0.653
194.42	0.692
194.63	0.754
194.84	0.694
195.06	0.709
195.27	0.843
195.49	0.974
195.70	0.674
195.91	0.709
196.13	0.657
196.34	0.742
196.56	1.421
196.77	1.152
196.98	1.083
197.20	0.937
197.41	0.883
197.63	0.725
197.84	0.725
198.05	0.831
198.27	0.837
198.48	0.540
198.70	0.617
198.91	0.531
199.12	0.388
199.34	0.296
199.55	0.253
199.76	0.185
199.98	0.143
200.19	0.184
200.41	0.161
200.62	0.150
200.83	0.127
201.05	0.156
201.26	0.121
201.48	0.173
201.69	0.173
201.90	0.248
202.12	0.309
202.33	0.327
202.54	0.277
202.76	0.298
202.97	0.439
203.19	0.391
203.40	0.473
203.61	0.667
203.83	0.583
204.04	0.503
204.25	0.582
204.47	0.612
204.68	0.614
204.89	0.654
205.11	0.704
205.32	0.616
205.54	0.521
205.75	0.475
205.96	0.446
206.18	0.443
206.39	0.416
206.60	0.425
206.82	0.406
207.03	0.480
207.24	0.497
207.46	0.528
207.67	0.482
207.89	0.498
208.10	0.435
208.31	0.508
208.53	0.662
208.74	0.719
208.95	0.679
209.17	0.694
209.38	0.685
209.59	0.655
209.81	0.751
210.02	0.870
210.23	0.898
210.45	0.885
210.66	0.788
210.87	0.599
211.09	0.608
211.30	0.588
211.51	0.565
211.73	0.518
211.94	0.528
212.15	0.462
212.37	0.408
212.58	0.325
212.79	0.351
213.01	0.303
213.22	0.256
213.43	0.235
213.65	0.276
213.86	0.252
214.07	0.299
214.29	0.283
214.50	0.243
214.71	0.296
214.93	0.303
215.14	0.288
215.35	0.308
215.57	0.332
215.78	0.318
215.99	0.307
216.21	0.307
216.42	0.310
216.63	0.326
216.85	0.351
217.06	0.348
217.27	0.246
217.49	0.280
217.70	0.307
217.91	0.251
218.13	0.229
218.34	0.270
218.55	0.277
218.77	0.263
218.98	0.391
219.19	0.337
219.40	0.353
219.62	0.399
219.83	0.425
220.04	0.365
220.26	0.420
220.47	0.406
220.68	0.507
220.90	0.405
221.11	0.440
221.32	0.357
221.54	0.472
221.75	0.608
221.96	0.726
222.17	0.620
222.39	1.951
222.60	-0.000
222.81	1.051
223.03	1.143
223.24	1.177
223.45	0.933
223.67	0.850
223.88	0.989
224.09	-0.000
224.30	-0.000
224.52	-0.000
224.73	-0.000
224.94	-0.000
225.16	1.247
225.37	1.233
225.58	-0.000
225.79	-0.000
226.01	-0.000
226.22	-0.000
226.43	1.005
226.65	0.977
226.86	0.642
227.07	0.718
227.28	0.682
227.50	0.669
227.71	0.547
227.92	0.441
228.14	0.462
228.35	0.412
228.56	0.279
228.77	0.235
228.99	0.219
229.20	0.172
229.41	0.154
229.62	0.164
229.84	0.167
230.05	0.152
230.26	0.144
230.48	0.108
230.69	0.145
230.90	0.095
231.11	0.070
231.33	0.126
231.54	0.144
231.75	0.136
231.96	0.098
232.18	0.142
232.39	0.155
232.60	0.219
232.81	0.157
233.03	0.198
233.24	0.235
233.45	0.229
233.66	0.279
233.88	0.347
234.09	0.311
234.30	0.375
234.51	0.361
234.73	0.382
234.94	0.346
235.15	0.343
235.36	0.297
235.58	0.347
235.79	0.355
236.00	0.321
236.21	0.393
236.43	0.332
236.64	0.391
236.85	0.451
237.06	0.342
237.28	0.371
237.49	0.434
237.70	0.371
237.91	0.351
238.13	0.405
238.34	0.432
238.55	0.379
238.76	0.269
238.98	0.267
239.19	0.272
239.40	0.300
239.61	0.203
239.83	0.245
240.04	0.227
240.25	0.281
240.46	0.296
240.67	0.183
240.89	0.249
241.10	0.164
241.31	0.188
241.52	0.230
241.74	0.203
241.95	0.176
242.16	0.266
242.37	0.250
242.58	0.188
242.80	0.181
243.01	0.287
243.22	0.419
243.43	0.373
243.65	0.397
243.86	0.343
244.07	0.443
244.28	0.447
244.49	0.432
244.71	0.385
244.92	0.346
245.13	0.389
245.34	0.391
245.55	0.405
245.77	0.384
245.98	0.297
246.19	0.370
246.40	0.398
246.62	0.318
246.83	0.338
247.04	0.380
247.25	0.356
247.46	0.375
247.68	0.245
247.89	0.283
248.10	0.272
248.31	0.320
248.52	0.226
248.74	0.255
248.95	0.324
249.16	0.318
249.37	0.280
249.58	0.257
249.79	0.303
250.01	0.320
250.22	0.322
250.43	0.366
250.64	0.278
250.85	0.288
251.07	0.291
251.28	0.286
251.49	0.268
251.70	0.208
251.91	0.212
252.13	0.263
252.34	0.267
252.55	0.208
252.76	0.284
252.97	0.366
253.18	0.313
253.40	0.325
253.61	0.374
253.82	0.389
254.03	0.442
254.24	0.382
254.46	0.371
254.67	0.339
254.88	0.357
255.09	0.530
255.30	0.535
255.51	0.593
255.73	0.492
255.94	0.409
256.15	0.459
256.36	0.479
256.57	0.391
256.78	0.385
257.00	0.513
257.21	0.437
257.42	0.344
257.63	0.477
257.84	0.368
258.05	0.297
258.26	0.401
258.48	0.415
258.69	0.401
258.90	0.410
259.11	0.431
259.32	0.385
259.53	0.274
259.75	0.236
259.96	0.268
260.17	0.334
260.38	0.432
260.59	0.468
260.80	0.443
261.01	0.427
261.23	0.433
261.44	0.459
261.65	0.379
261.86	0.394
262.07	0.391
262.28	0.463
262.49	0.499
262.71	0.375
262.92	0.391
263.13	0.434
263.34	0.385
263.55	0.376
263.76	0.423
263.97	0.456
264.19	0.477
264.40	0.437
264.61	0.443
264.82	0.353
265.03	0.373
265.24	0.338
265.45	0.422
265.66	0.402
265.88	0.393
266.09	0.457
266.30	0.382
266.51	0.316
266.72	0.351
266.93	0.281
267.14	0.335
267.35	0.357
267.57	0.338
267.78	0.329
267.99	0.324
268.20	0.341
268.41	0.318
268.62	0.340
268.83	0.369
269.04	0.371
269.25	0.399
269.47	0.433
269.68	0.470
269.89	0.411
270.10	0.423
270.31	0.355
270.52	0.370
270.73	0.578
270.94	0.597
271.15	0.490
271.37	0.557
271.58	0.605
271.79	0.523
272.00	0.589
272.21	0.668
272.42	0.750
272.63	0.651
272.84	0.720
273.05	0.665
273.26	0.627
273.48	0.675
273.69	0.617
273.90	0.609
274.11	0.604
274.32	0.581
274.53	0.488
274.74	0.516
274.95	0.462
275.16	0.331
275.37	0.297
275.58	0.328
275.80	0.301
276.01	0.285
276.22	0.265
276.43	0.167
276.64	0.170
276.85	0.141
277.06	0.210
277.27	0.268
277.48	0.263
277.69	0.260
277.90	0.201
278.11	0.280
278.32	0.312
278.54	0.288
278.75	0.285
278.96	0.309
279.17	0.313
279.38	0.314
279.59	0.322
279.80	0.401
280.01	0.334
280.22	0.317
280.43	0.325
280.64	0.356
280.85	0.388
281.06	0.397
281.27	0.426
281.48	0.380
281.70	0.315
281.91	0.294
282.12	0.284
282.33	0.301
282.54	0.273
282.75	0.222
282.96	0.223
283.17	0.265
283.38	0.281
283.59	0.233
283.80	0.265
284.01	0.271
284.22	0.202
284.43	0.239
284.64	0.275
284.85	0.294
285.06	0.317
285.27	0.352
285.48	0.328
285.70	0.232
285.91	0.267
286.12	0.280
286.33	0.341
286.54	0.372
286.75	0.428
286.96	0.443
287.17	0.467
287.38	0.442
287.59	0.388
287.80	0.360
288.01	0.486
288.22	0.503
288.43	0.472
288.64	0.446
288.85	0.394
289.06	0.439
289.27	0.390
289.48	0.340
289.69	0.325
289.90	0.324
290.11	0.483
290.32	0.419
290.53	0.389
290.74	0.358
290.95	0.330
291.16	0.330
291.37	0.395
291.58	0.364
291.79	0.345
292.00	0.322
292.21	0.343
292.42	0.303
292.63	0.287
292.84	0.337
293.05	0.345
293.26	0.404
293.47	0.375
293.68	0.371
293.89	0.381
294.10	0.380
294.31	0.362
294.52	0.325
294.73	0.359
294.95	0.402
295.16	0.463
295.37	0.505
295.58	0.448
295.79	0.381
295.99	0.371
296.20	0.418
296.41	0.398
296.62	0.437
296.83	0.492
297.04	0.497
297.25	0.496
297.46	0.584
297.67	0.623
297.88	0.685
298.09	0.734
298.30	0.664
298.51	0.755
298.72	0.915
298.93	1.177
299.14	1.000
299.35	0.985
299.56	0.923
299.77	0.846
299.98	1.940
300.19	-0.000
300.40	-0.000
300.61	-0.000
300.82	-0.000
301.03	-0.000
301.24	-0.000
301.45	-0.000
301.66	-0.000
301.87	1.509
302.08	1.260
302.29	0.766
302.50	0.710
302.71	0.707
302.92	0.716
303.13	0.728
303.34	0.618
303.55	0.533
303.76	0.505
303.97	0.539
304.18	0.622
304.39	0.557
304.60	0.485
304.81	0.420
305.02	0.380
305.22	0.404
305.43	0.438
305.64	0.352
305.85	0.352
306.06	0.319
306.27	0.339
306.48	0.268
306.69	0.319
306.90	0.316
307.11	0.320
307.32	0.325
307.53	0.318
307.74	0.318
307.95	0.437
308.16	0.422
308.37	0.399
308.58	0.347
308.79	0.335
309.00	0.439
309.21	0.482
309.41	0.515
309.62	0.412
309.83	0.389
310.04	0.450
310.25	0.392
310.46	0.402
310.67	0.362
310.88	0.419
311.09	0.388
311.30	0.482
311.51	0.527
311.72	0.468
311.93	0.518
312.14	0.503
312.34	0.335
312.55	0.401
312.76	0.387
312.97	0.427
313.18	0.388
313.39	0.358
313.60	0.384
313.81	0.429
314.02	0.473
314.23	0.467
314.44	0.529
314.65	0.672
314.86	0.638
315.06	0.674
315.27	0.717
315.48	0.739
315.69	0.776
315.90	0.846
316.11	0.828
316.32	0.800
316.53	0.897
316.74	-0.000
316.95	1.426
317.16	1.276
317.36	0.962
317.57	1.208
317.78	1.476
317.99	0.963
318.20	0.561
318.41	0.611
318.62	0.514
318.83	0.383
319.04	0.267
319.24	0.372
319.45	0.373
319.66	0.343
319.87	0.386
320.08	0.338
320.29	0.310
320.50	0.287
320.71	0.304
320.92	0.304
321.12	0.325
321.33	0.359
321.54	0.354
321.75	0.370
321.96	0.364
322.17	0.346
322.38	0.364
322.59	0.463
322.80	0.478
323.00	0.531
323.21	0.524
323.42	0.576
323.63	0.520
323.84	0.560
324.05	0.576
324.26	0.615
324.47	0.657
324.67	0.720
324.88	0.674
325.09	0.606
325.30	0.564
325.51	0.514
325.72	0.473
325.93	0.495
326.13	0.504
326.34	0.556
326.55	0.592
326.76	0.591
326.97	0.553
327.18	0.546
327.39	0.559
327.59	0.565
327.80	0.529
328.01	0.572
328.22	0.531
328.43	0.492
328.64	0.431
328.85	0.458
329.05	0.471
329.26	0.491
329.47	0.504
329.68	0.537
329.89	0.526
330.10	0.525
330.30	0.484
330.51	0.533
330.72	0.472
330.93	0.457
331.14	0.455
331.35	0.455
331.56	0.468
331.76	0.465
331.97	0.455
332.18	0.485
332.39	0.482
332.60	0.498
332.81	0.552
333.01	0.542
333.22	0.501
333.43	0.490
333.64	0.483
333.85	0.482
334.05	0.427
334.26	0.452
334.47	0.454
334.68	0.454
334.89	0.435
335.10	0.438
335.30	0.453
335.51	0.442
335.72	0.439
335.93	0.441
336.14	0.435
336.35	0.442
336.55	0.459
336.76	0.423
336.97	0.413
337.18	0.410
337.39	0.443
337.59	0.440
337.80	0.425
338.01	0.416
338.22	0.423
338.43	0.450
338.63	0.435
338.84	0.435
339.05	0.444
339.26	0.440
339.47	0.441
339.67	0.417
339.88	0.419
340.09	0.432
340.30	0.442
340.51	0.425
340.71	0.432
340.92	0.418
341.13	0.436
341.34	0.433
341.55	0.426
341.75	0.417
341.96	0.414
342.17	0.415
342.38	0.415
342.58	0.414
342.79	0.416
343.00	0.418
343.21	0.417
343.42	0.428
343.62	0.433
343.83	0.443
344.04	0.453
344.25	0.466
344.46	0.459
344.66	0.441
344.87	0.456
345.08	0.455
345.29	0.456
345.49	0.446
345.70	0.456
345.91	0.449
346.12	0.446
346.32	0.451
346.53	0.452
346.74	0.454
346.95	0.455
347.16	0.455
347.36	0.454
347.57	0.455
347.78	0.453
347.99	0.450
348.19	0.447
348.40	0.449
348.61	0.440
348.82	0.448
349.02	0.449
349.23	0.449
349.44	0.449
349.65	0.459
349.85	0.467
350.06	0.461
350.27	0.467
350.48	0.473
350.68	0.469
350.89	0.465
351.10	0.472
351.31	0.470
351.51	0.473
351.72	0.471
351.93	0.478
352.14	0.480
352.34	0.476
352.55	0.479
352.76	0.482
352.96	0.486
353.17	0.482
353.38	0.492
353.59	0.488
353.79	0.487
354.00	0.480
354.21	0.476
354.42	0.480
354.62	0.478
354.83	0.476
355.04	0.484
355.24	0.491
355.45	0.489
355.66	0.482
355.87	0.480
356.07	0.480
356.28	0.477
356.49	0.476
356.70	0.482
356.90	0.481
357.11	0.484
357.32	0.482
357.52	0.477
357.73	0.471
357.94	0.472
358.15	0.472
358.35	0.476
358.56	0.479
358.77	0.482
358.97	0.486
359.18	0.484
359.39	0.477
359.59	0.473
359.80	0.470
360.01	0.478
360.22	0.480
360.42	0.481
360.63	0.477
360.84	0.474
361.04	0.472
361.25	0.471
361.46	0.465
361.66	0.468
361.87	0.472
362.08	0.470
362.29	0.469
362.49	0.472
362.70	0.471
362.91	0.470
363.11	0.470
363.32	0.470
363.53	0.472
363.73	0.474
363.94	0.479
364.15	0.481
364.35	0.483
364.56	0.484
364.77	0.485
364.97	0.490
365.18	0.491
365.39	0.491
365.59	0.493
365.80	0.495
366.01	0.495
366.21	0.496
366.42	0.504
366.63	0.505
366.83	0.501
367.04	0.501
367.25	0.505
367.45	0.503
367.66	0.501
367.87	0.501
368.07	0.501
368.28	0.496
368.49	0.495
368.69	0.493
368.90	0.493
369.11	0.491
369.31	0.491
369.52	0.492
369.73	0.492
369.93	0.491
370.14	0.492
370.35	0.490
370.55	0.492
370.76	0.490
370.97	0.490
371.17	0.490
371.38	0.491
371.58	0.491
371.79	0.495
372.00	0.496
372.20	0.500
372.41	0.502
372.62	0.510
372.82	0.511
373.03	0.511
373.24	0.511
373.44	0.512
373.65	0.511
373.85	0.510
374.06	0.510
374.27	0.509
374.47	0.507
374.68	0.510
374.89	0.508
375.09	0.509
375.30	0.511
375.51	0.511
375.71	0.511
375.92	0.510
376.12	0.509
376.33	0.509
376.54	0.508
376.74	0.506
376.95	0.505
377.15	0.505
377.36	0.504
377.57	0.505
377.77	0.507
377.98	0.507
378.19	0.506
378.39	0.507
378.60	0.508
378.80	0.512
379.01	0.512
379.22	0.512
379.42	0.509
379.63	0.509
379.83	0.510
380.04	0.509
380.25	0.509
380.45	0.508
380.66	0.508
380.86	0.507
381.07	0.507
381.28	0.507
381.48	0.507
381.69	0.507
381.89	0.507
382.10	0.507
382.31	0.506
382.51	0.507
382.72	0.509
382.92	0.509
383.13	0.508
383.33	0.509
383.54	0.510
383.75	0.511
383.95	0.511
384.16	0.511
384.36	0.511
384.57	0.511
384.78	0.512
384.98	0.512
385.19	0.512
385.39	0.513
385.60	0.514
385.80	0.515
386.01	0.515
386.22	0.515
386.42	0.516
386.63	0.517
386.83	0.518
387.04	0.518
387.24	0.520
387.45	0.521
387.65	0.520
387.86	0.520
388.07	0.521
388.27	0.522
388.48	0.524
388.68	0.525
388.89	0.525
389.09	0.526
389.30	0.526
389.50	0.525
389.71	0.525
389.92	0.525
390.12	0.526
390.33	0.526
390.53	0.527
390.74	0.526
390.94	0.527
391.15	0.527
391.35	0.527
391.56	0.527
391.77	0.526
391.97	0.524
392.18	0.523
392.38	0.523
392.59	0.523
392.79	0.523
393.00	0.522
393.20	0.523
393.41	0.521
393.61	0.522
393.82	0.524
394.02	0.524
394.23	0.524
394.43	0.522
394.64	0.523
394.84	0.523
395.05	0.523
395.26	0.523
395.46	0.524
395.67	0.523
395.87	0.524
396.08	0.525
396.28	0.527
396.49	0.527
396.69	0.527
396.90	0.528
397.10	0.527
397.31	0.528
397.51	0.527
397.72	0.527
397.92	0.527
398.13	0.528
398.33	0.528
398.54	0.527
398.74	0.527
398.95	0.526
399.15	0.528
399.36	0.527
399.56	0.527
399.77	0.526
399.97	0.527
400.18	0.528
400.38	0.528
400.59	0.529
400.79	0.530
401.00	0.529
401.20	0.528
401.41	0.528
401.61	0.530
401.82	0.530
402.02	0.532
402.23	0.533
402.43	0.533
402.64	0.533
402.84	0.535
403.05	0.535
403.25	0.537
403.46	0.536
403.66	0.538
403.87	0.539
404.07	0.540
404.27	0.541
404.48	0.540
404.68	0.541
404.89	0.541
405.09	0.541
405.30	0.541
405.50	0.543
405.71	0.543
405.91	0.542
406.12	0.542
406.32	0.542
406.53	0.542
406.73	0.543
406.94	0.544
407.14	0.544
407.34	0.544
407.55	0.544
407.75	0.544
407.96	0.543
408.16	0.544
408.37	0.545
408.57	0.544
408.78	0.545
408.98	0.544
409.19	0.543
409.39	0.544
409.59	0.544
409.80	0.543
410.00	0.543
410.21	0.544
410.41	0.544
410.62	0.544
410.82	0.543
411.03	0.542
411.23	0.543
411.43	0.542
411.64	0.543
411.84	0.545
412.05	0.545
412.25	0.544
412.46	0.543
412.66	0.543
412.86	0.543
413.07	0.544
413.27	0.544
413.48	0.544
413.68	0.545
413.89	0.546
414.09	0.546
414.29	0.547
414.50	0.547
414.70	0.548
414.91	0.547
415.11	0.549
415.32	0.550
415.52	0.549
415.72	0.549
415.93	0.549
416.13	0.548
416.34	0.548
416.54	0.549
416.74	0.548
416.95	0.548
417.15	0.549
417.36	0.547
417.56	0.547
417.76	0.548
417.97	0.547
418.17	0.547
418.38	0.549
418.58	0.548
418.78	0.548
418.99	0.549
419.19	0.550
419.40	0.549
419.60	0.549
419.80	0.550
420.01	0.551
420.21	0.550
420.42	0.549
420.62	0.550
420.82	0.551
421.03	0.552
421.23	0.553
421.44	0.552
421.64	0.552
421.84	0.554
422.05	0.554
422.25	0.554
422.45	0.554
422.66	0.553
422.86	0.553
423.07	0.553
423.27	0.553
423.47	0.553
423.68	0.553
423.88	0.553
424.08	0.553
424.29	0.553
424.49	0.554
424.70	0.557
424.90	0.557
425.10	0.557
425.31	0.556
425.51	0.556
425.71	0.557
425.92	0.556
426.12	0.555
426.32	0.555
426.53	0.555
426.73	0.555
426.93	0.555
427.14	0.555
427.34	0.556
427.55	0.555
427.75	0.556
427.95	0.556
428.16	0.557
428.36	0.557
428.56	0.556
428.77	0.556
428.97	0.556
429.17	0.555
429.38	0.555
429.58	0.556
429.78	0.557
429.99	0.557
430.19	0.558
430.39	0.558
430.60	0.558
430.80	0.560
431.00	0.560
431.21	0.560
431.41	0.562
431.61	0.562
431.82	0.563
432.02	0.564
432.22	0.564
432.43	0.563
432.63	0.564
432.83	0.565
433.04	0.565
433.24	0.565
433.44	0.566
433.65	0.566
433.85	0.566
434.05	0.566
434.25	0.566
434.46	0.566
434.66	0.567
434.86	0.567
435.07	0.566
435.27	0.566
435.47	0.566
435.68	0.565
435.88	0.564
436.08	0.564
436.29	0.564
436.49	0.564
436.69	0.565
436.89	0.564
437.10	0.563
437.30	0.563
437.50	0.563
437.71	0.563
437.91	0.563
438.11	0.564
438.32	0.564
438.52	0.565
438.72	0.565
438.92	0.565
439.13	0.565
439.33	0.565
439.53	0.565
439.74	0.565
439.94	0.565
440.14	0.566
440.34	0.566
440.55	0.566
440.75	0.566
440.95	0.567
441.15	0.568
441.36	0.568
441.56	0.569
441.76	0.570
441.97	0.570
442.17	0.570
442.37	0.569
442.57	0.570
442.78	0.570
442.98	0.570
443.18	0.570
443.38	0.570
443.59	0.570
443.79	0.571
443.99	0.571
444.19	0.571
444.40	0.571
444.60	0.571
444.80	0.572
445.00	0.572
445.21	0.571
445.41	0.571
445.61	0.570
445.81	0.570
446.02	0.571
446.22	0.571
446.42	0.571
446.62	0.571
446.83	0.571
447.03	0.570
447.23	0.570
447.43	0.570
447.64	0.570
447.84	0.570
448.04	0.570
448.24	0.569
448.45	0.569
448.65	0.569
448.85	0.568
449.05	0.567
449.26	0.568
449.46	0.568
449.66	0.568
449.86	0.568
450.06	0.568
450.27	0.568
450.47	0.567
450.67	0.566
450.87	0.566
451.08	0.566
451.28	0.565
451.48	0.565
451.68	0.565
451.88	0.566
452.09	0.566
452.29	0.566
452.49	0.566
452.69	0.567
452.89	0.567
453.10	0.568
453.30	0.568
453.50	0.569
453.70	0.570
453.90	0.569
454.11	0.569
454.31	0.569
454.51	0.569
454.71	0.569
454.91	0.570
455.12	0.570
455.32	0.570
455.52	0.570
455.72	0.571
455.92	0.571
456.13	0.571
456.33	0.571
456.53	0.572
456.73	0.573
456.93	0.573
457.14	0.572
457.34	0.573
457.54	0.572
457.74	0.572
457.94	0.572
458.14	0.572
458.35	0.572
458.55	0.572
458.75	0.573
458.95	0.572
459.15	0.572
459.36	0.572
459.56	0.572
459.76	0.572
459.96	0.572
460.16	0.573
460.36	0.573
460.57	0.572
460.77	0.572
460.97	0.572
461.17	0.572
461.37	0.572
461.57	0.571
461.77	0.572
461.98	0.571
462.18	0.572
462.38	0.572
462.58	0.573
462.78	0.572
462.98	0.572
463.19	0.572
463.39	0.573
463.59	0.574
463.79	0.574
463.99	0.575
464.19	0.574
464.39	0.574
464.60	0.575
464.80	0.575
465.00	0.575
465.20	0.576
465.40	0.575
465.60	0.575
465.80	0.575
466.01	0.575
466.21	0.575
466.41	0.575
466.61	0.575
466.81	0.575
467.01	0.575
467.21	0.575
467.41	0.575
467.62	0.576
467.82	0.575
468.02	0.575
468.22	0.574
468.42	0.575
468.62	0.575
468.82	0.574
469.02	0.574
469.22	0.575
469.43	0.575
469.63	0.575
469.83	0.575
470.03	0.575
470.23	0.576
470.43	0.577
470.63	0.577
470.83	0.577
471.03	0.576
471.24	0.577
471.44	0.576
471.64	0.576
471.84	0.576
472.04	0.577
472.24	0.577
472.44	0.577
472.64	0.577
472.84	0.577
473.04	0.577
473.25	0.577
473.45	0.577
473.65	0.577
473.85	0.577
474.05	0.578
474.25	0.578
474.45	0.578
474.65	0.577
474.85	0.577
475.05	0.577
475.25	0.577
475.45	0.577
475.66	0.578
475.86	0.578
476.06	0.577
476.26	0.577
476.46	0.577
476.66	0.578
476.86	0.578
477.06	0.578
477.26	0.578
477.46	0.578
477.66	0.578
477.86	0.578
478.06	0.577
478.26	0.576
478.46	0.576
478.67	0.576
478.87	0.576
479.07	0.576
479.27	0.577
479.47	0.577
479.67	0.577
479.87	0.577
480.07	0.577
480.27	0.578
480.47	0.577
480.67	0.577
480.87	0.577
481.07	0.577
481.27	0.577
481.47	0.577
481.67	0.577
481.87	0.577
482.07	0.577
482.27	0.578
482.47	0.578
482.67	0.578
482.87	0.577
483.07	0.577
483.28	0.577
483.48	0.577
483.68	0.577
483.88	0.577
484.08	0.577
484.28	0.578
484.48	0.578
484.68	0.578
484.88	0.578
485.08	0.578
485.28	0.579
485.48	0.579
485.68	0.579
485.88	0.579
486.08	0.579
486.28	0.579
486.48	0.579
486.68	0.579
486.88	0.580
487.08	0.580
487.28	0.580
487.48	0.580
487.68	0.580
487.88	0.580
488.08	0.580
488.28	0.579
488.48	0.580
488.68	0.579
488.88	0.579
489.08	0.579
489.28	0.579
489.48	0.579
489.68	0.578
489.88	0.578
490.08	0.578
490.28	0.578
490.48	0.578
490.68	0.578
490.88	0.578
491.08	0.578
491.28	0.578
491.48	0.578
491.68	0.578
491.88	0.578
492.08	0.578
492.28	0.579
492.48	0.579
492.68	0.579
492.88	0.579
493.08	0.579
493.28	0.580
493.48	0.579
493.67	0.579
493.87	0.580
494.07	0.580
494.27	0.580
494.47	0.580
494.67	0.580
494.87	0.580
495.07	0.580
495.27	0.580
495.47	0.580
495.67	0.580
495.87	0.580
496.07	0.580
496.27	0.580
496.47	0.580
496.67	0.580
496.87	0.580
497.07	0.579
497.27	0.580
497.47	0.579
497.67	0.579
497.87	0.579
498.06	0.579
498.26	0.579
498.46	0.579
498.66	0.579
498.86	0.578
499.06	0.578
499.26	0.578
499.46	0.577
499.66	0.577
499.86	0.577
500.06	0.577
500.26	0.576
500.46	0.576
500.66	0.576
500.86	0.576
501.05	0.576
501.25	0.576
501.45	0.576
501.65	0.576
501.85	0.576
502.05	0.576
502.25	0.576
502.45	0.576
502.65	0.576
502.85	0.576
503.05	0.576
503.24	0.576
503.44	0.576
503.64	0.576
503.84	0.576
504.04	0.577
504.24	0.576
504.44	0.577
504.64	0.576
504.84	0.576
505.04	0.576
505.24	0.576
505.43	0.576
505.63	0.576
505.83	0.576
506.03	0.576
506.23	0.576
506.43	0.576
506.63	0.575
506.83	0.576
507.03	0.575
507.22	0.576
507.42	0.575
507.62	0.576
507.82	0.576
508.02	0.576
508.22	0.576
508.42	0.576
508.62	0.576
508.81	0.576
509.01	0.576
509.21	0.576
509.41	0.576
509.61	0.576
509.81	0.576
510.01	0.576
510.21	0.576
510.40	0.575
510.60	0.575
510.80	0.575
511.00	0.575
511.20	0.575
511.40	0.575
511.60	0.575
511.79	0.574
511.99	0.574
512.19	0.575
512.39	0.574
512.59	0.574
512.79	0.574
512.99	0.574
513.18	0.574
513.38	0.574
513.58	0.573
513.78	0.573
513.98	0.573
514.18	0.574
514.37	0.573
514.57	0.573
514.77	0.573
514.97	0.573
515.17	0.573
515.37	0.573
515.56	0.573
515.76	0.572
515.96	0.572
516.16	0.572
516.36	0.572
516.56	0.572
516.75	0.572
516.95	0.571
517.15	0.571
517.35	0.571
517.55	0.571
517.75	0.572
517.94	0.572
518.14	0.572
518.34	0.572
518.54	0.572
518.74	0.572
518.93	0.571
519.13	0.571
519.33	0.571
519.53	0.571
519.73	0.571
519.92	0.572
520.12	0.572
520.32	0.572
520.52	0.572
520.72	0.572
520.91	0.571
521.11	0.572
521.31	0.572
521.51	0.571
521.71	0.571
521.90	0.571
522.10	0.571
522.30	0.571
522.50	0.571
522.70	0.571
522.89	0.571
523.09	0.571
523.29	0.571
523.49	0.571
523.69	0.571
523.88	0.570
524.08	0.570
524.28	0.570
524.48	0.570
524.67	0.570
524.87	0.570
525.07	0.570
525.27	0.570
525.46	0.570
525.66	0.569
525.86	0.570
526.06	0.570
526.26	0.570
526.45	0.570
526.65	0.570
526.85	0.570
527.05	0.570
527.24	0.570
527.44	0.569
527.64	0.569
527.84	0.569
528.03	0.569
528.23	0.569
528.43	0.569
528.63	0.568
528.82	0.568
529.02	0.569
529.22	0.569
529.42	0.569
529.61	0.569
529.81	0.569
530.01	0.569
530.21	0.569
530.40	0.569
530.60	0.569
530.80	0.569
531.00	0.569
531.19	0.568
531.39	0.568
531.59	0.569
531.78	0.569
531.98	0.569
532.18	0.569
532.38	0.569
532.57	0.569
532.77	0.569
532.97	0.569
533.16	0.569
533.36	0.569
533.56	0.568
533.76	0.568
533.95	0.568
534.15	0.568
534.35	0.568
534.55	0.568
534.74	0.568
534.94	0.568
535.14	0.568
535.33	0.567
535.53	0.567
535.73	0.567
535.92	0.567
536.12	0.566
536.32	0.566
536.52	0.566
536.71	0.566
536.91	0.566
537.11	0.566
537.30	0.565
537.50	0.566
537.70	0.565
537.89	0.565
538.09	0.565
538.29	0.565
538.48	0.565
538.68	0.565
538.88	0.565
539.08	0.564
539.27	0.564
539.47	0.564
539.67	0.564
539.86	0.564
540.06	0.564
540.26	0.564
540.45	0.564
540.65	0.564
540.85	0.564
541.04	0.564
541.24	0.564
541.44	0.564
541.63	0.564
541.83	0.564
542.03	0.564
542.22	0.564
542.42	0.564
542.62	0.563
542.81	0.563
543.01	0.563
543.21	0.563
543.40	0.563
543.60	0.563
543.79	0.563
543.99	0.563
544.19	0.562
544.38	0.562
544.58	0.562
544.78	0.562
544.97	0.562
545.17	0.561
545.37	0.561
545.56	0.561
545.76	0.561
545.96	0.560
546.15	0.560
546.35	0.560
546.54	0.560
546.74	0.560
546.94	0.560
547.13	0.560
547.33	0.560
547.53	0.561
547.72	0.560
547.92	0.560
548.11	0.560
548.31	0.560
548.51	0.559
548.70	0.560
548.90	0.560
549.10	0.560
549.29	0.560
549.49	0.560
549.68	0.560
549.88	0.560
550.08	0.560
550.27	0.560
550.47	0.560
550.66	0.560
550.86	0.560
551.06	0.560
551.25	0.560
551.45	0.559
551.64	0.559
551.84	0.559
552.04	0.559
552.23	0.559
552.43	0.559
552.62	0.559
552.82	0.559
553.02	0.558
553.21	0.558
553.41	0.558
553.60	0.557
553.80	0.557
554.00	0.557
554.19	0.557
554.39	0.557
554.58	0.557
554.78	0.557
554.97	0.556
555.17	0.556
555.37	0.556
555.56	0.556
555.76	0.556
555.95	0.556
556.15	0.556
556.34	0.556
556.54	0.556
556.74	0.556
556.93	0.556
557.13	0.556
557.32	0.556
557.52	0.556
557.71	0.556
557.91	0.556
558.10	0.556
558.30	0.556
558.50	0.556
558.69	0.556
558.89	0.556
559.08	0.556
559.28	0.556
559.47	0.556
559.67	0.555
559.86	0.555
560.06	0.555
560.25	0.555
560.45	0.555
560.65	0.555
560.84	0.555
561.04	0.555
561.23	0.555
561.43	0.555
561.62	0.555
561.82	0.555
562.01	0.554
562.21	0.554
562.40	0.554
562.60	0.554
562.79	0.554
562.99	0.554
563.18	0.553
563.38	0.553
563.57	0.553
563.77	0.553
563.96	0.553
564.16	0.553
564.36	0.552
564.55	0.552
564.75	0.551
564.94	0.551
565.14	0.551
565.33	0.551
565.53	0.551
565.72	0.550
565.92	0.550
566.11	0.551
566.31	0.551
566.50	0.551
566.70	0.551
566.89	0.551
567.09	0.551
567.28	0.551
567.48	0.551
567.67	0.550
567.87	0.550
568.06	0.550
568.26	0.550
568.45	0.550
568.64	0.550
568.84	0.550
569.03	0.550
569.23	0.550
569.42	0.550
569.62	0.550
569.81	0.550
570.01	0.550
570.20	0.550
570.40	0.550
570.59	0.549
570.79	0.549
570.98	0.549
571.18	0.549
571.37	0.549
571.57	0.549
571.76	0.549
571.95	0.549
572.15	0.548
572.34	0.548
572.54	0.548
572.73	0.548
572.93	0.548
573.12	0.548
573.32	0.548
573.51	0.547
573.71	0.547
573.90	0.547
574.09	0.547
574.29	0.547
574.48	0.547
574.68	0.547
574.87	0.547
575.07	0.547
575.26	0.547
575.46	0.547
575.65	0.547
575.84	0.546
576.04	0.546
576.23	0.547
576.43	0.546
576.62	0.546
576.82	0.546
577.01	0.546
577.20	0.546
577.40	0.546
577.59	0.545
577.79	0.545
577.98	0.545
578.18	0.545
578.37	0.545
578.56	0.544
578.76	0.544
578.95	0.544
579.15	0.544
579.34	0.544
579.53	0.544
579.73	0.544
579.92	0.544
580.12	0.544
580.31	0.543
580.50	0.543
580.70	0.543
580.89	0.543
581.09	0.543
581.28	0.543
581.47	0.543
581.67	0.543
581.86	0.543
582.06	0.542
582.25	0.542
582.44	0.542
582.64	0.542
582.83	0.542
583.03	0.542
583.22	0.542
583.41	0.542
583.61	0.542
583.80	0.542
583.99	0.542
584.19	0.541
584.38	0.541
584.58	0.541
584.77	0.541
584.96	0.541
585.16	0.541
585.35	0.541
585.54	0.541
585.74	0.540
585.93	0.541
586.13	0.541
586.32	0.541
586.51	0.540
586.71	0.540
586.90	0.540
587.09	0.540
587.29	0.540
587.48	0.540
587.67	0.540
587.87	0.539
588.06	0.539
588.25	0.539
588.45	0.539
588.64	0.539
588.83	0.539
589.03	0.539
589.22	0.539
589.41	0.539
589.61	0.539
589.80	0.539
589.99	0.539
590.19	0.539
590.38	0.539
590.57	0.539
590.77	0.539
590.96	0.539
591.15	0.538
591.35	0.538
591.54	0.538
591.73	0.538
591.93	0.538
592.12	0.538
592.31	0.537
592.51	0.537
592.70	0.537
592.89	0.537
593.09	0.536
593.28	0.536
593.47	0.536
593.67	0.536
593.86	0.535
594.05	0.535
594.25	0.535
594.44	0.534
594.63	0.534
594.82	0.534
595.02	0.534
595.21	0.534
595.40	0.534
595.60	0.534
595.79	0.533
595.98	0.533
596.17	0.533
596.37	0.533
596.56	0.533
596.75	0.533
596.95	0.532
597.14	0.532
597.33	0.532
597.52	0.532
597.72	0.532
597.91	0.533
598.10	0.533
598.30	0.533
598.49	0.533
598.68	0.533
598.87	0.533
599.07	0.533
599.26	0.533
599.45	0.533
599.65	0.532
599.84	0.532
600.03	0.532
600.22	0.532
600.42	0.532
600.61	0.532
600.80	0.532
600.99	0.532
601.19	0.531
601.38	0.532
601.57	0.531
601.76	0.531
601.96	0.531
602.15	0.530
602.34	0.530
602.53	0.530
602.73	0.530
602.92	0.530
603.11	0.530
603.30	0.530
603.50	0.529
603.69	0.530
603.88	0.530
604.07	0.529
604.26	0.529
604.46	0.529
604.65	0.529
604.84	0.529
605.03	0.529
605.23	0.529
605.42	0.528
605.61	0.528
605.80	0.528
606.00	0.528
606.19	0.528
606.38	0.528
606.57	0.528
606.76	0.528
606.96	0.527
607.15	0.527
607.34	0.527
607.53	0.527
607.72	0.527
607.92	0.526
608.11	0.527
608.30	0.526
608.49	0.526
608.68	0.526
608.88	0.526
609.07	0.526
609.26	0.526
609.45	0.526
609.64	0.525
609.84	0.525
610.03	0.525
610.22	0.525
610.41	0.525
610.60	0.524
610.80	0.525
610.99	0.525
611.18	0.525
611.37	0.524
611.56	0.524
611.76	0.524
611.95	0.524
612.14	0.524
612.33	0.523
612.52	0.523
612.71	0.523
612.91	0.523
613.10	0.523
613.29	0.523
613.48	0.523
613.67	0.523
613.86	0.523
614.06	0.523
614.25	0.523
614.44	0.523
614.63	0.522
614.82	0.522
615.01	0.522
615.20	0.522
615.40	0.521
615.59	0.521
615.78	0.521
615.97	0.521
616.16	0.521
616.35	0.521
616.55	0.521
616.74	0.521
616.93	0.520
617.12	0.520
617.31	0.520
617.50	0.520
617.69	0.520
617.88	0.520
618.08	0.519
618.27	0.519
618.46	0.519
618.65	0.519
618.84	0.519
619.03	0.519
619.22	0.519
619.42	0.519
619.61	0.519
619.80	0.519
619.99	0.518
620.18	0.518
620.37	0.518
620.56	0.518
620.75	0.518
620.94	0.517
621.14	0.517
621.33	0.517
621.52	0.517
621.71	0.517
621.90	0.517
622.09	0.516
622.28	0.517
622.47	0.516
622.66	0.516
622.85	0.516
623.05	0.516
623.24	0.516
623.43	0.515
623.62	0.515
623.81	0.515
624.00	0.515
624.19	0.515
624.38	0.515
624.57	0.515
624.76	0.515
624.95	0.515
625.15	0.515
625.34	0.515
625.53	0.515
625.72	0.515
625.91	0.515
626.10	0.515
626.29	0.514
626.48	0.514
626.67	0.514
626.86	0.514
627.05	0.514
627.24	0.514
627.43	0.514
627.62	0.513
627.82	0.513
628.01	0.513
628.20	0.513
628.39	0.512
628.58	0.512
628.77	0.512
628.96	0.512
629.15	0.512
629.34	0.512
629.53	0.512
629.72	0.512
629.91	0.512
630.10	0.512
630.29	0.512
630.48	0.512
630.67	0.511
630.86	0.511
631.05	0.511
631.24	0.511
631.43	0.511
631.62	0.511
631.81	0.511
632.00	0.511
632.20	0.511
632.39	0.511
632.58	0.511
632.77	0.510
632.96	0.511
633.15	0.510
633.34	0.510
633.53	0.510
633.72	0.510
633.91	0.510
634.10	0.510
634.29	0.510
634.48	0.510
634.67	0.509
634.86	0.509
635.05	0.509
635.24	0.509
635.43	0.509
635.62	0.509
635.81	0.508
636.00	0.508
636.19	0.508
636.38	0.508
636.57	0.508
636.76	0.508
636.95	0.508
637.14	0.508
637.33	0.507
637.52	0.507
637.71	0.507
637.90	0.507
638.09	0.507
638.28	0.507
638.47	0.507
638.66	0.506
638.85	0.506
639.04	0.506
639.23	0.506
639.41	0.506
639.60	0.506
639.79	0.506
639.98	0.506
640.17	0.505
640.36	0.505
640.55	0.505
640.74	0.504
640.93	0.504
641.12	0.504
641.31	0.504
641.50	0.503
641.69	0.503
641.88	0.503
642.07	0.503
642.26	0.503
642.45	0.503
642.64	0.503
642.83	0.503
643.02	0.502
643.21	0.502
643.40	0.502
643.59	0.502
643.77	0.502
643.96	0.502
644.15	0.502
644.34	0.502
644.53	0.501
644.72	0.501
644.91	0.501
645.10	0.501
645.29	0.500
645.48	0.500
645.67	0.500
645.86	0.500
646.05	0.500
646.24	0.500
646.42	0.500
646.61	0.500
646.80	0.499
646.99	0.499
647.18	0.499
647.37	0.499
647.56	0.498
647.75	0.498
647.94	0.498
648.13	0.498
648.32	0.498
648.50	0.497
648.69	0.497
648.88	0.497
649.07	0.497
649.26	0.497
649.45	0.497
649.64	0.497
649.83	0.497
650.02	0.497
650.21	0.496
650.39	0.497
650.58	0.496
650.77	0.496
650.96	0.496
651.15	0.496
651.34	0.497
651.53	0.496
651.72	0.496
651.90	0.496
652.09	0.496
652.28	0.496
652.47	0.496
652.66	0.496
652.85	0.496
653.04	0.496
653.23	0.496
653.41	0.496
653.60	0.496
653.79	0.495
653.98	0.495
654.17	0.494
654.36	0.494
654.55	0.494
654.73	0.494
654.92	0.494
655.11	0.494
655.30	0.494
655.49	0.494
655.68	0.494
655.87	0.493
656.05	0.493
656.24	0.493
656.43	0.492
656.62	0.492
656.81	0.492
657.00	0.492
657.18	0.492
657.37	0.492
657.56	0.492
657.75	0.492
657.94	0.492
658.13	0.492
658.31	0.492
658.50	0.492
658.69	0.492
658.88	0.492
659.07	0.492
659.26	0.491
659.44	0.492
659.63	0.491
659.82	0.491
660.01	0.491
660.20	0.491
660.38	0.491
660.57	0.491
660.76	0.490
660.95	0.490
661.14	0.490
661.32	0.490
661.51	0.490
661.70	0.490
661.89	0.489
662.08	0.490
662.26	0.489
662.45	0.489
662.64	0.489
662.83	0.489
663.02	0.489
663.20	0.488
663.39	0.488
663.58	0.488
663.77	0.488
663.96	0.488
664.14	0.488
664.33	0.488
664.52	0.488
664.71	0.488
664.89	0.488
665.08	0.487
665.27	0.487
665.46	0.487
665.64	0.487
665.83	0.487
666.02	0.487
666.21	0.487
666.40	0.486
666.58	0.486
666.77	0.486
666.96	0.486
667.15	0.486
667.33	0.486
667.52	0.486
667.71	0.485
667.90	0.485
668.08	0.485
668.27	0.485
668.46	0.484
668.65	0.484
668.83	0.484
669.02	0.484
669.21	0.484
669.40	0.484
669.58	0.484
669.77	0.484
669.96	0.483
670.14	0.483
670.33	0.483
670.52	0.483
670.71	0.482
670.89	0.482
671.08	0.482
671.27	0.481
671.46	0.481
671.64	0.481
671.83	0.481
672.02	0.481
672.20	0.481
672.39	0.480
672.58	0.481
672.77	0.480
672.95	0.480
673.14	0.480
673.33	0.480
673.51	0.480
673.70	0.480
673.89	0.480
674.08	0.480
674.26	0.480
674.45	0.480
674.64	0.480
674.82	0.480
675.01	0.480
675.20	0.480
675.38	0.479
675.57	0.479
675.76	0.479
675.94	0.479
676.13	0.479
676.32	0.479
676.51	0.478
676.69	0.478
676.88	0.478
677.07	0.477
677.25	0.477
677.44	0.477
677.63	0.477
677.81	0.477
678.00	0.476
678.19	0.476
678.37	0.476
678.56	0.476
678.75	0.476
678.93	0.476
679.12	0.476
679.31	0.476
679.49	0.476
679.68	0.476
679.87	0.475
680.05	0.475
680.24	0.475
680.42	0.475
680.61	0.475
680.80	0.475
680.98	0.474
681.17	0.474
681.36	0.474
681.54	0.474
681.73	0.474
681.92	0.474
682.10	0.474
682.29	0.473
682.48	0.473
682.66	0.473
682.85	0.473
683.03	0.473
683.22	0.472
683.41	0.472
683.59	0.472
683.78	0.472
683.97	0.472
684.15	0.472
684.34	0.472
684.52	0.471
684.71	0.472
684.90	0.471
685.08	0.471
685.27	0.471
685.45	0.471
685.64	0.471
685.83	0.471
686.01	0.471
686.20	0.471
686.39	0.471
686.57	0.471
686.76	0.470
686.94	0.470
687.13	0.470
687.31	0.470
687.50	0.470
687.69	0.470
687.87	0.470
688.06	0.470
688.24	0.470
688.43	0.469
688.62	0.469
688.80	0.469
688.99	0.469
689.17	0.469
689.36	0.469
689.55	0.469
689.73	0.469
689.92	0.469
690.10	0.469
690.29	0.469
690.47	0.469
690.66	0.469
690.84	0.469
691.03	0.469
691.22	0.469
691.40	0.469
691.59	0.468
691.77	0.468
691.96	0.468
692.14	0.468
692.33	0.468
692.52	0.468
692.70	0.468
692.89	0.468
693.07	0.467
693.26	0.467
693.44	0.467
693.63	0.466
693.81	0.466
694.00	0.466
694.18	0.466
694.37	0.465
694.55	0.465
694.74	0.465
694.93	0.465
695.11	0.465
695.30	0.464
695.48	0.464
695.67	0.464
695.85	0.464
696.04	0.464
696.22	0.464
696.41	0.463
696.59	0.463
696.78	0.463
696.96	0.463
697.15	0.463
697.33	0.463
697.52	0.462
697.70	0.463
697.89	0.463
698.07	0.463
698.26	0.463
698.44	0.462
698.63	0.462
698.81	0.462
699.00	0.462
699.18	0.462
699.37	0.462
699.55	0.462
699.74	0.462
699.92	0.462
700.11	0.462
700.29	0.462
700.48	0.462
700.66	0.461
700.85	0.461
701.03	0.461
701.22	0.461
701.40	0.461
701.59	0.461
701.77	0.461
701.96	0.461
702.14	0.461
702.33	0.461
702.51	0.460
702.69	0.460
702.88	0.460
703.06	0.460
703.25	0.460
703.43	0.460
703.62	0.460
703.80	0.460
703.99	0.459
704.17	0.459
704.36	0.459
704.54	0.459
704.73	0.459
704.91	0.459
705.09	0.458
705.28	0.458
705.46	0.458
705.65	0.458
705.83	0.457
706.02	0.457
706.20	0.457
706.38	0.457
706.57	0.457
706.75	0.457
706.94	0.456
707.12	0.456
707.31	0.456
707.49	0.456
707.67	0.456
707.86	0.456
708.04	0.456
708.23	0.456
708.41	0.456
708.60	0.455
708.78	0.455
708.96	0.455
709.15	0.455
709.33	0.454
709.52	0.454
709.70	0.454
709.88	0.454
710.07	0.454
710.25	0.454
710.44	0.454
710.62	0.454
710.80	0.454
710.99	0.454
711.17	0.453
711.36	0.453
711.54	0.453
711.72	0.453
711.91	0.452
712.09	0.452
712.28	0.452
712.46	0.452
712.64	0.452
712.83	0.452
713.01	0.452
713.20	0.452
713.38	0.452
713.56	0.452
713.75	0.452
713.93	0.452
714.11	0.452
714.30	0.452
714.48	0.452
714.66	0.451
714.85	0.451
715.03	0.452
715.22	0.452
715.40	0.452
715.58	0.452
715.77	0.452
715.95	0.452
716.13	0.452
716.32	0.452
716.50	0.451
716.68	0.451
716.87	0.451
717.05	0.451
717.23	0.451
717.42	0.451
717.60	0.450
717.78	0.450
717.97	0.450
718.15	0.450
718.33	0.449
718.52	0.450
718.70	0.449
718.88	0.449
719.07	0.449
719.25	0.448
719.43	0.449
719.62	0.449
719.80	0.449
719.98	0.448
720.17	0.448
720.35	0.448
720.53	0.447
720.72	0.447
720.90	0.447
721.08	0.447
721.27	0.447
721.45	0.447
721.63	0.447
721.81	0.447
722.00	0.447
722.18	0.447
722.36	0.447
722.55	0.447
722.73	0.447
722.91	0.446
723.10	0.446
723.28	0.446
723.46	0.445
723.64	0.445
723.83	0.445
724.01	0.445
724.19	0.445
724.38	0.445
724.56	0.445
724.74	0.445
724.92	0.445
725.11	0.445
725.29	0.445
725.47	0.445
725.66	0.444
725.84	0.444
726.02	0.443
726.20	0.443
726.39	0.443
726.57	0.443
726.75	0.443
726.93	0.443
727.12	0.443
727.30	0.443
727.48	0.443
727.66	0.443
727.85	0.443
728.03	0.443
728.21	0.443
728.39	0.443
728.58	0.442
728.76	0.443
728.94	0.443
729.12	0.442
729.31	0.442
729.49	0.442
729.67	0.443
729.85	0.443
730.04	0.443
730.22	0.442
730.40	0.442
730.58	0.442
730.76	0.443
730.95	0.443
731.13	0.442
731.31	0.442
731.49	0.442
731.68	0.441
731.86	0.441
732.04	0.441
732.22	0.441
732.40	0.440
732.59	0.440
732.77	0.440
732.95	0.440
733.13	0.440
733.31	0.440
733.50	0.440
733.68	0.439
733.86	0.439
734.04	0.439
734.22	0.439
734.41	0.439
734.59	0.439
734.77	0.439
734.95	0.439
735.13	0.440
735.32	0.440
735.50	0.440
735.68	0.440
735.86	0.439
736.04	0.439
736.22	0.439
736.41	0.439
736.59	0.439
736.77	0.439
736.95	0.439
737.13	0.439
737.32	0.438
737.50	0.439
737.68	0.439
737.86	0.439
738.04	0.439
738.22	0.439
738.41	0.439
738.59	0.439
738.77	0.439
738.95	0.438
739.13	0.438
739.31	0.438
739.49	0.437
739.68	0.438
739.86	0.438
740.04	0.438
740.22	0.437
740.40	0.437
740.58	0.436
740.76	0.436
740.95	0.436
741.13	0.436
741.31	0.435
741.49	0.435
741.67	0.435
741.85	0.435
742.03	0.435
742.21	0.435
742.40	0.435
742.58	0.435
742.76	0.435
742.94	0.434
743.12	0.434
743.30	0.435
743.48	0.435
743.66	0.435
743.85	0.435
744.03	0.434
744.21	0.434
744.39	0.435
744.57	0.434
744.75	0.435
744.93	0.434
745.11	0.434
745.29	0.434
745.47	0.434
745.66	0.434
745.84	0.434
746.02	0.434
746.20	0.434
746.38	0.433
746.56	0.433
746.74	0.433
746.92	0.433
747.10	0.433
747.28	0.433
747.46	0.433
747.64	0.432
747.83	0.432
748.01	0.432
748.19	0.432
748.37	0.432
748.55	0.432
748.73	0.432
748.91	0.432
749.09	0.432
749.27	0.431
749.45	0.431
749.63	0.431
749.81	0.431
749.99	0.431
750.17	0.430
750.35	0.430
750.53	0.430
750.72	0.430
750.90	0.430
751.08	0.430
751.26	0.430
751.44	0.430
751.62	0.430
751.80	0.429
751.98	0.429
752.16	0.429
752.34	0.429
752.52	0.429
752.70	0.429
752.88	0.429
753.06	0.429
753.24	0.429
753.42	0.429
753.60	0.429
753.78	0.429
753.96	0.429
754.14	0.429
754.32	0.428
754.50	0.428
754.68	0.428
754.86	0.428
755.04	0.428
755.22	0.428
755.40	0.428
755.58	0.427
755.76	0.427
755.94	0.427
756.12	0.427
756.30	0.427
756.48	0.427
756.66	0.427
756.84	0.427
757.02	0.426
757.20	0.426
757.38	0.426
757.56	0.426
757.74	0.426
757.92	0.426
758.10	0.426
758.28	0.426
758.46	0.426
758.64	0.426
758.82	0.426
759.00	0.426
759.18	0.426
759.36	0.426
759.54	0.426
759.72	0.426
759.90	0.426
760.08	0.426
760.26	0.425
760.44	0.426
760.62	0.426
760.80	0.426
760.98	0.426
761.16	0.426
761.33	0.426
761.51	0.426
761.69	0.426
761.87	0.426
762.05	0.426
762.23	0.426
762.41	0.425
762.59	0.425
762.77	0.425
762.95	0.425
763.13	0.425
763.31	0.425
763.49	0.424
763.67	0.425
763.85	0.425
764.03	0.425
764.21	0.425
764.38	0.424
764.56	0.424
764.74	0.424
764.92	0.424
765.10	0.424
765.28	0.424
765.46	0.424
765.64	0.423
765.82	0.423
766.00	0.423
766.18	0.423
766.35	0.423
766.53	0.423
766.71	0.423
766.89	0.423
767.07	0.422
767.25	0.422
767.43	0.422
767.61	0.422
767.79	0.422
767.97	0.422
768.14	0.422
768.32	0.422
768.50	0.422
768.68	0.421
768.86	0.422
769.04	0.422
769.22	0.422
769.40	0.422
769.58	0.422
769.75	0.422
769.93	0.421
770.11	0.421
770.29	0.421
770.47	0.421
770.65	0.421
770.83	0.421
771.00	0.421
771.18	0.420
771.36	0.420
771.54	0.420
771.72	0.420
771.90	0.420
772.08	0.419
772.25	0.419
772.43	0.419
772.61	0.419
772.79	0.419
772.97	0.418
773.15	0.418
773.33	0.418
773.50	0.418
773.68	0.418
773.86	0.418
774.04	0.418
774.22	0.418
774.40	0.418
774.57	0.418
774.75	0.419
774.93	0.419
775.11	0.419
775.29	0.419
775.46	0.419
775.64	0.419
775.82	0.419
776.00	0.419
776.18	0.419
776.36	0.419
776.53	0.419
776.71	0.419
776.89	0.419
777.07	0.419
777.25	0.419
777.42	0.418
777.60	0.418
777.78	0.418
777.96	0.417
778.14	0.417
778.31	0.417
778.49	0.417
778.67	0.416
778.85	0.416
779.03	0.416
779.20	0.415
779.38	0.415
779.56	0.415
779.74	0.415
779.91	0.415
780.09	0.415
780.27	0.415
780.45	0.415
780.63	0.415
780.80	0.415
780.98	0.416
781.16	0.416
781.34	0.417
781.51	0.416
781.69	0.416
781.87	0.417
782.05	0.416
782.22	0.416
782.40	0.415
782.58	0.415
782.76	0.416
782.93	0.416
783.11	0.415
783.29	0.415
783.47	0.415
783.64	0.415
783.82	0.415
784.00	0.415
784.18	0.415
784.35	0.414
784.53	0.414
784.71	0.414
784.89	0.413
785.06	0.413
785.24	0.413
785.42	0.413
785.60	0.414
785.77	0.413
785.95	0.414
786.13	0.415
786.30	0.414
786.48	0.414
786.66	0.414
786.84	0.414
787.01	0.415
787.19	0.415
787.37	0.415
787.54	0.415
787.72	0.415
787.90	0.414
788.07	0.415
788.25	0.416
788.43	0.416
788.61	0.416
788.78	0.416
788.96	0.415
789.14	0.415
789.31	0.414
789.49	0.414
789.67	0.415
789.84	0.414
790.02	0.414
790.20	0.414
790.37	0.414
790.55	0.414
790.73	0.413
790.90	0.413
791.08	0.413
791.26	0.413
791.43	0.413
791.61	0.413
791.79	0.412
791.96	0.412
792.14	0.411
792.32	0.411
792.49	0.411
792.67	0.411
792.85	0.411
793.02	0.411
793.20	0.411
793.38	0.410
793.55	0.411
793.73	0.411
793.91	0.411
794.08	0.411
794.26	0.411
794.44	0.411
794.61	0.411
794.79	0.411
794.97	0.411
795.14	0.411
795.32	0.410
795.49	0.411
795.67	0.411
795.85	0.411
796.02	0.410
796.20	0.410
796.38	0.410
796.55	0.410
796.73	0.411
796.90	0.411
797.08	0.412
797.26	0.411
797.43	0.410
797.61	0.410
797.78	0.410
797.96	0.410
798.14	0.410
798.31	0.409
798.49	0.409
798.66	0.408
798.84	0.407
799.02	0.407
799.19	0.407
799.37	0.407
799.54	0.406
799.72	0.407
799.90	0.408
800.07	0.407
800.25	0.407
800.42	0.406
800.60	0.406
800.78	0.405
800.95	0.406
801.13	0.406
801.30	0.406
801.48	0.406
801.65	0.405
801.83	0.405
802.01	0.405
802.18	0.406
802.36	0.406
802.53	0.407
802.71	0.407
802.88	0.407
803.06	0.406
803.23	0.406
803.41	0.406
803.59	0.406
803.76	0.406
803.94	0.406
804.11	0.405
804.29	0.405
804.46	0.405
804.64	0.405
804.81	0.405
804.99	0.404
805.16	0.404
805.34	0.404
805.52	0.405
805.69	0.405
805.87	0.404
806.04	0.404
806.22	0.403
806.39	0.403
806.57	0.403
806.74	0.403
806.92	0.404
807.09	0.403
807.27	0.403
807.44	0.403
807.62	0.404
807.79	0.404
807.97	0.404
808.14	0.403
808.32	0.403
808.49	0.403
808.67	0.404
808.84	0.404
809.02	0.404
809.19	0.404
809.37	0.405
809.54	0.404
809.72	0.404
809.89	0.404
810.07	0.404
810.24	0.404
810.42	0.404
810.59	0.404
810.77	0.403
810.94	0.403
811.12	0.403
811.29	0.402
811.47	0.402
811.64	0.403
811.82	0.403
811.99	0.403
812.16	0.403
812.34	0.402
812.51	0.402
812.69	0.402
812.86	0.401
813.04	0.400
813.21	0.400
813.39	0.401
813.56	0.400
813.74	0.400
813.91	0.400
814.08	0.400
814.26	0.400
814.43	0.400
814.61	0.401
814.78	0.400
814.96	0.401
815.13	0.400
815.31	0.400
815.48	0.400
815.65	0.401
815.83	0.401
816.00	0.402
816.18	0.401
816.35	0.402
816.53	0.402
816.70	0.402
816.87	0.402
817.05	0.402
817.22	0.402
817.40	0.402
817.57	0.402
817.74	0.402
817.92	0.403
818.09	0.402
818.27	0.402
818.44	0.403
818.62	0.403
818.79	0.402
818.96	0.402
819.14	0.401
819.31	0.401
819.49	0.400
819.66	0.400
819.83	0.400
820.01	0.400
820.18	0.400
820.35	0.401
820.53	0.401
820.70	0.401
820.88	0.401
821.05	0.400
821.22	0.400
821.40	0.400
821.57	0.400
821.74	0.401
821.92	0.401
822.09	0.401
822.27	0.401
822.44	0.402
822.61	0.402
822.79	0.401
822.96	0.401
823.13	0.402
823.31	0.402
823.48	0.401
823.65	0.402
823.83	0.402
824.00	0.402
824.17	0.402
824.35	0.402
824.52	0.402
824.69	0.403
824.87	0.403
825.04	0.403
825.22	0.401
825.39	0.401
825.56	0.400
825.74	0.400
825.91	0.400
826.08	0.400
826.25	0.400
826.43	0.400
826.60	0.400
826.77	0.399
826.95	0.399
827.12	0.399
827.29	0.399
827.47	0.398
827.64	0.397
827.81	0.396
827.99	0.396
828.16	0.395
828.33	0.395
828.51	0.395
828.68	0.396
828.85	0.398
829.02	0.398
829.20	0.398
829.37	0.398
829.54	0.397
829.72	0.398
829.89	0.397
830.06	0.398
830.23	0.397
830.41	0.396
830.58	0.395
830.75	0.396
830.93	0.396
831.10	0.396
831.27	0.396
831.44	0.396
831.62	0.396
831.79	0.397
831.96	0.397
832.13	0.397
832.31	0.396
832.48	0.395
832.65	0.395
832.83	0.394
833.00	0.394
833.17	0.394
833.34	0.394
833.52	0.394
833.69	0.394
833.86	0.394
834.03	0.396
834.21	0.397
834.38	0.397
834.55	0.396
834.72	0.397
834.89	0.398
835.07	0.398
835.24	0.398
835.41	0.397
835.58	0.398
835.76	0.398
835.93	0.399
836.10	0.399
836.27	0.399
836.45	0.400
836.62	0.399
836.79	0.400
836.96	0.399
837.13	0.399
837.31	0.398
837.48	0.399
837.65	0.399
837.82	0.398
837.99	0.397
838.17	0.397
838.34	0.396
838.51	0.396
838.68	0.396
838.85	0.396
839.03	0.396
839.20	0.396
839.37	0.396
839.54	0.397
839.71	0.396
839.89	0.397
840.06	0.396
840.23	0.397
840.40	0.396
840.57	0.396
840.74	0.397
840.92	0.397
841.09	0.396
841.26	0.396
841.43	0.397
841.60	0.397
841.78	0.397
841.95	0.396
842.12	0.395
842.29	0.394
842.46	0.394
842.63	0.394
842.80	0.394
842.98	0.393
843.15	0.391
843.32	0.391
843.49	0.391
843.66	0.392
843.83	0.391
844.00	0.390
844.18	0.391
844.35	0.390
844.52	0.390
844.69	0.390
844.86	0.390
845.03	0.390
845.20	0.390
845.38	0.389
845.55	0.389
845.72	0.390
845.89	0.391
846.06	0.391
846.23	0.390
846.40	0.390
846.57	0.390
846.75	0.390
846.92	0.390
847.09	0.391
847.26	0.391
847.43	0.391
847.60	0.392
847.77	0.391
847.94	0.392
848.11	0.393
848.28	0.393
848.46	0.392
848.63	0.393
848.80	0.393
848.97	0.393
849.14	0.392
849.31	0.393
849.48	0.393
849.65	0.393
849.82	0.394
849.99	0.395
850.16	0.396
850.33	0.396
850.51	0.396
850.68	0.396
850.85	0.396
851.02	0.396
851.19	0.396
851.36	0.397
851.53	0.397
851.70	0.396
851.87	0.397
852.04	0.398
852.21	0.396
852.38	0.396
852.55	0.396
852.72	0.397
852.89	0.396
853.06	0.396
853.24	0.396
853.41	0.397
853.58	0.396
853.75	0.395
853.92	0.395
854.09	0.395
854.26	0.393
854.43	0.394
854.60	0.394
854.77	0.394
854.94	0.394
855.11	0.394
855.28	0.395
855.45	0.394
855.62	0.393
855.79	0.397
855.96	0.397
856.13	0.396
856.30	0.396
856.47	0.394
856.64	0.394
856.81	0.394
856.98	0.394
857.15	0.393
857.32	0.393
857.49	0.391
857.66	0.392
857.83	0.392
858.00	0.391
858.17	0.392
858.34	0.391
858.51	0.391
858.68	0.390
858.85	0.390
859.02	0.391
859.19	0.389
859.36	0.387
859.53	0.387
859.70	0.387
859.87	0.387
860.04	0.388
860.21	0.387
860.38	0.387
860.55	0.387
860.72	0.386
860.89	0.387
861.06	0.388
861.23	0.388
861.40	0.389
861.56	0.390
861.73	0.389
861.90	0.390
862.07	0.390
862.24	0.390
862.41	0.390
862.58	0.390
862.75	0.391
862.92	0.392
863.09	0.393
863.26	0.393
863.43	0.393
863.60	0.394
863.77	0.396
863.94	0.395
864.11	0.396
864.28	0.398
864.44	0.398
864.61	0.398
864.78	0.397
864.95	0.396
865.12	0.396
865.29	0.396
865.46	0.395
865.63	0.395
865.80	0.395
865.97	0.396
866.14	0.395
866.31	0.396
866.47	0.394
866.64	0.394
866.81	0.394
866.98	0.395
867.15	0.393
867.32	0.392
867.49	0.393
867.66	0.392
867.83	0.391
867.99	0.391
868.16	0.391
868.33	0.392
868.50	0.393
868.67	0.394
868.84	0.394
869.01	0.396
869.18	0.395
869.35	0.395
869.51	0.395
869.68	0.395
869.85	0.392
870.02	0.393
870.19	0.392
870.36	0.392
870.53	0.392
870.69	0.393
870.86	0.394
871.03	0.393
871.20	0.393
871.37	0.392
871.54	0.394
871.71	0.393
871.87	0.393
872.04	0.393
872.21	0.392
872.38	0.392
872.55	0.392
872.72	0.392
872.88	0.392
873.05	0.391
873.22	0.390
873.39	0.391
873.56	0.394
873.73	0.394
873.89	0.393
874.06	0.393
874.23	0.392
874.40	0.391
874.57	0.392
874.73	0.393
874.90	0.392
875.07	0.392
875.24	0.391
875.41	0.391
875.57	0.390
875.74	0.390
875.91	0.390
876.08	0.390
876.25	0.390
876.41	0.392
876.58	0.392
876.75	0.393
876.92	0.394
877.09	0.393
877.25	0.394
877.42	0.395
877.59	0.395
877.76	0.392
877.93	0.394
878.09	0.393
878.26	0.393
878.43	0.394
878.60	0.393
878.76	0.395
878.93	0.393
879.10	0.393
879.27	0.392
879.43	0.390
879.60	0.387
879.77	0.388
879.94	0.385
880.10	0.384
880.27	0.385
880.44	0.384
880.61	0.382
880.77	0.381
880.94	0.382
881.11	0.382
881.28	0.382
881.44	0.382
881.61	0.384
881.78	0.383
881.95	0.382
882.11	0.384
882.28	0.385
882.45	0.386
882.62	0.384
882.78	0.385
882.95	0.386
883.12	0.388
883.28	0.386
883.45	0.388
883.62	0.389
883.79	0.387
883.95	0.386
884.12	0.384
884.29	0.387
884.45	0.387
884.62	0.387
884.79	0.389
884.96	0.388
885.12	0.387
885.29	0.379
885.46	0.362
885.62	0.348
885.79	0.341
885.96	0.428
886.12	0.406
886.29	0.409
886.46	0.390
886.62	0.374
886.79	0.403
