178.99	212.000
179.20	212.000
179.42	212.000
179.63	-1065.000
179.84	131.373
180.06	-62.162
180.27	213.846
180.49	-895.238
180.70	-146.988
180.92	-2.809
181.13	4401.538
181.35	-5596.154
181.56	-3008.247
181.77	-2013.194
181.99	-2924.272
182.20	-1423.445
182.42	-996.117
182.63	-777.238
182.85	-884.259
183.06	-1724.848
183.28	1318.257
183.49	996.785
183.70	889.722
183.92	1281.092
184.13	816.986
184.35	611.728
184.56	714.925
184.78	637.104
184.99	567.391
185.21	572.709
185.42	788.286
185.63	453.532
185.85	392.130
186.06	414.015
186.28	389.222
186.49	380.714
186.71	371.313
186.92	270.415
187.13	259.979
187.35	295.853
187.56	259.123
187.78	287.843
187.99	329.744
188.21	277.549
188.42	237.372
188.63	233.479
188.85	244.742
189.06	208.874
189.28	235.162
189.49	231.731
189.71	232.878
189.92	237.587
190.13	266.333
190.35	247.725
190.56	228.667
190.78	247.134
190.99	246.485
191.20	246.726
191.42	249.121
191.63	277.093
191.85	270.270
192.06	280.052
192.28	309.028
192.49	288.506
192.70	338.817
192.92	382.436
193.13	362.162
193.35	377.907
193.56	426.819
193.77	444.088
193.99	494.941
194.20	575.826
194.42	641.964
194.63	578.599
194.84	822.881
195.06	1037.234
195.27	1121.912
195.49	677.677
195.70	771.693
195.91	1012.857
196.13	1001.504
196.34	608.426
196.56	904.362
196.77	543.774
196.98	452.174
197.20	510.189
197.41	450.862
197.63	491.288
197.84	434.079
198.05	366.342
198.27	376.627
198.48	384.627
198.70	324.005
198.91	286.450
199.12	301.958
199.34	254.220
199.55	247.903
199.76	233.591
199.98	257.692
200.19	233.303
200.41	266.038
200.62	247.162
200.83	321.854
201.05	311.180
201.26	368.504
201.48	366.775
201.69	300.279
201.90	347.920
202.12	324.454
202.33	354.880
202.54	399.512
202.76	347.238
202.97	344.595
203.19	394.242
203.40	348.824
203.61	291.928
203.83	300.588
204.04	268.666
204.25	267.456
204.47	309.558
204.68	337.250
204.89	283.591
205.11	266.258
205.32	224.182
205.54	204.923
205.75	197.017
205.96	213.030
206.18	201.349
206.39	193.376
206.60	205.399
206.82	196.833
207.03	208.828
207.24	209.737
207.46	207.809
207.67	208.637
207.89	203.571
208.10	218.019
208.31	214.739
208.53	230.878
208.74	240.683
208.95	209.001
209.17	194.516
209.38	210.308
209.59	230.140
209.81	254.395
210.02	275.545
210.23	296.534
210.45	286.234
210.66	288.534
210.87	288.302
211.09	281.877
211.30	281.010
211.51	242.083
211.73	236.037
211.94	230.405
212.15	229.903
212.37	243.833
212.58	262.375
212.79	271.534
213.01	277.114
213.22	250.470
213.43	226.713
213.65	247.720
213.86	237.218
214.07	231.913
214.29	234.115
214.50	243.629
214.71	250.971
214.93	269.217
215.14	311.099
215.35	322.537
215.57	380.733
215.78	484.669
215.99	569.428
216.21	533.212
216.42	536.949
216.63	519.604
216.85	693.510
217.06	528.098
217.27	667.586
217.49	591.602
217.70	1413.615
217.91	-4954.237
218.13	-3136.667
218.34	-4260.294
218.55	42985.714
218.77	7420.513
218.98	1917.073
219.19	1400.000
219.40	696.787
219.62	729.832
219.83	747.425
220.04	526.246
220.26	604.355
220.47	522.527
220.68	565.512
220.90	570.995
221.11	666.126
221.32	492.890
221.54	586.717
221.75	549.231
221.96	586.511
222.17	406.624
222.39	391.330
222.60	328.368
222.81	312.844
223.03	314.869
223.24	296.221
223.45	288.929
223.67	267.080
223.88	362.150
224.09	313.519
224.30	269.975
224.52	271.888
224.73	232.667
224.94	258.748
225.16	276.498
225.37	301.636
225.58	289.744
225.79	294.013
226.01	273.989
226.22	252.838
226.43	225.739
226.65	221.987
226.86	194.521
227.07	201.757
227.28	204.000
227.50	198.985
227.71	201.967
227.92	197.623
228.14	206.401
228.35	169.892
228.56	177.078
228.77	171.716
228.99	179.487
229.20	193.929
229.41	194.493
229.62	197.466
229.84	175.623
230.05	158.253
230.26	172.997
230.48	172.683
230.69	180.819
230.90	178.264
231.11	199.840
231.33	219.333
231.54	230.893
231.75	231.522
231.96	262.835
232.18	257.193
232.39	253.428
232.60	262.116
232.81	252.931
233.03	227.786
233.24	248.742
233.45	254.560
233.66	268.755
233.88	259.103
234.09	232.177
234.30	252.361
234.51	255.528
234.73	230.920
234.94	225.056
235.15	244.355
235.36	240.291
235.58	243.006
235.79	253.081
236.00	224.598
236.21	229.214
236.43	223.783
236.64	227.774
236.85	247.181
237.06	234.821
237.28	256.537
237.49	298.016
237.70	323.077
237.91	375.644
238.13	338.498
238.34	335.861
238.55	415.989
238.76	462.279
238.98	536.237
239.19	640.909
239.40	702.118
239.61	517.719
239.83	577.068
240.04	570.577
240.25	588.825
240.46	1139.922
240.67	1952.318
240.89	965.686
241.10	704.358
241.31	688.840
241.52	619.623
241.74	652.964
241.95	767.062
242.16	518.565
242.37	489.387
242.58	468.813
242.80	411.609
243.01	356.734
243.22	342.281
243.43	295.708
243.65	291.230
243.86	287.924
244.07	288.681
244.28	326.253
244.49	296.275
244.71	269.733
244.92	251.986
245.13	224.197
245.34	244.472
245.55	257.118
245.77	243.161
245.98	225.988
246.19	187.184
246.40	173.231
246.62	179.798
246.83	170.769
247.04	165.213
247.25	172.547
247.46	191.677
247.68	180.972
247.89	191.782
248.10	181.689
248.31	189.631
248.52	190.903
248.74	170.987
248.95	179.114
249.16	165.561
249.37	161.081
249.58	160.808
249.79	162.724
250.01	160.789
250.22	153.379
250.43	171.182
250.64	201.806
250.85	224.346
251.07	232.275
251.28	225.331
251.49	235.248
251.70	229.363
251.91	207.326
252.13	210.496
252.34	193.167
252.55	209.527
252.76	215.755
252.97	218.077
253.18	240.296
253.40	226.849
253.61	247.880
253.82	272.231
254.03	286.656
254.24	276.094
254.46	290.381
254.67	283.510
254.88	258.877
255.09	241.470
255.30	237.179
255.51	236.351
255.73	233.708
255.94	226.617
256.15	259.048
256.36	264.292
256.57	260.097
256.78	259.016
257.00	238.893
257.21	225.980
257.42	236.089
257.63	220.625
257.84	218.288
258.05	232.806
258.26	221.841
258.48	209.208
258.69	224.107
258.90	220.114
259.11	232.752
259.32	230.375
259.53	234.298
259.75	220.700
259.96	199.801
260.17	188.153
260.38	207.628
260.59	182.898
260.80	174.655
261.01	177.004
261.23	195.577
261.44	208.621
261.65	191.911
261.86	177.801
262.07	177.246
262.28	189.518
262.49	164.778
262.71	171.388
262.92	174.431
263.13	164.044
263.34	170.588
263.55	175.302
263.76	182.149
263.97	185.530
264.19	189.493
264.40	213.885
264.61	261.208
264.82	251.329
265.03	274.760
265.24	298.953
265.45	315.909
265.66	302.845
265.88	262.220
266.09	282.563
266.30	276.476
266.51	276.078
266.72	286.598
266.93	320.118
267.14	305.409
267.35	298.660
267.57	319.975
267.78	333.675
267.99	297.291
268.20	322.383
268.41	294.824
268.62	271.572
268.83	262.929
269.04	235.520
269.25	219.650
269.47	219.890
269.68	228.048
269.89	250.802
270.10	241.071
270.31	280.594
270.52	269.321
270.73	282.540
270.94	297.791
271.15	291.265
271.37	298.262
271.58	308.174
271.79	293.810
272.00	251.690
272.21	263.408
272.42	316.434
272.63	268.625
272.84	309.656
273.05	351.072
273.26	321.762
273.48	273.077
273.69	301.683
273.90	278.195
274.11	257.039
274.32	228.612
274.53	228.418
274.74	232.246
274.95	254.565
275.16	233.078
275.37	211.083
275.58	204.108
275.80	182.473
276.01	172.351
276.22	182.365
276.43	204.415
276.64	209.375
276.85	188.048
277.06	195.000
277.27	188.502
277.48	186.959
277.69	200.000
277.90	223.553
278.11	205.154
278.32	215.355
278.54	212.557
278.75	218.112
278.96	213.362
279.17	212.301
279.38	217.713
279.59	222.429
279.80	245.795
280.01	250.000
280.22	286.910
280.43	322.130
280.64	327.736
280.85	288.510
281.06	276.508
281.27	305.121
281.48	318.135
281.70	294.659
281.91	302.865
282.12	263.608
282.33	262.541
282.54	272.743
282.75	310.219
282.96	358.509
283.17	390.385
283.38	439.065
283.59	323.710
283.80	367.571
284.01	358.322
284.22	354.771
284.43	310.310
284.64	307.031
284.85	348.593
285.06	277.429
285.27	268.668
285.48	250.039
285.70	244.165
285.91	248.513
286.12	244.058
286.33	251.059
286.54	263.670
286.75	263.364
286.96	256.124
287.17	221.445
287.38	208.533
287.59	202.166
287.80	196.774
288.01	214.227
288.22	204.755
288.43	216.701
288.64	211.210
288.85	210.297
289.06	200.462
289.27	179.962
289.48	195.645
289.69	204.360
289.90	199.462
290.11	188.078
290.32	190.064
290.53	200.822
290.74	192.747
290.95	226.900
291.16	238.760
291.37	243.640
291.58	255.304
291.79	262.637
292.00	233.742
292.21	232.119
292.42	230.177
292.63	220.621
292.84	198.516
293.05	184.014
293.26	189.213
293.47	178.582
293.68	187.536
293.89	191.497
294.10	196.418
294.31	193.857
294.52	186.076
294.73	195.275
294.95	184.024
295.16	177.451
295.37	156.099
295.58	155.422
295.79	148.991
295.99	150.078
296.20	144.946
296.41	158.398
296.62	172.312
296.83	177.955
297.04	180.757
297.25	193.034
297.46	216.884
297.67	215.429
297.88	215.400
298.09	214.366
298.30	197.583
298.51	177.414
298.72	179.018
298.93	202.798
299.14	185.570
299.35	183.677
299.56	179.617
299.77	168.112
299.98	179.136
300.19	193.536
300.40	207.868
300.61	220.380
300.82	198.970
301.03	190.701
301.24	191.993
301.45	204.227
301.66	186.737
301.87	187.492
302.08	203.492
302.29	223.860
302.50	249.517
302.71	249.451
302.92	288.911
303.13	343.758
303.34	281.990
303.55	275.392
303.76	303.033
303.97	317.158
304.18	395.778
304.39	300.195
304.60	290.830
304.81	272.474
305.02	237.915
305.22	259.045
305.43	246.056
305.64	218.875
305.85	211.208
306.06	217.798
306.27	211.272
306.48	191.575
306.69	196.879
306.90	180.561
307.11	202.160
307.32	197.019
307.53	176.947
307.74	202.174
307.95	203.716
308.16	194.321
308.37	222.156
308.58	219.393
308.79	221.893
309.00	234.002
309.21	227.435
309.41	243.461
309.62	235.817
309.83	235.733
310.04	257.681
310.25	246.696
310.46	241.013
310.67	234.686
310.88	232.575
311.09	216.852
311.30	226.783
311.51	198.179
311.72	213.901
311.93	205.447
312.14	187.671
312.34	186.685
312.55	195.248
312.76	172.989
312.97	178.182
313.18	194.383
313.39	184.919
313.60	178.407
313.81	170.481
314.02	173.252
314.23	186.700
314.44	178.635
314.65	171.392
314.86	182.724
315.06	176.580
315.27	177.239
315.48	175.129
315.69	176.545
315.90	171.429
316.11	156.299
316.32	153.194
316.53	161.287
316.74	172.105
316.95	172.250
317.16	177.220
317.36	151.726
317.57	153.545
317.78	150.089
317.99	158.944
318.20	175.869
318.41	185.724
318.62	183.202
318.83	188.815
319.04	205.534
319.24	203.767
319.45	218.620
319.66	213.081
319.87	217.438
320.08	202.054
320.29	219.562
320.50	236.824
320.71	250.962
320.92	226.316
321.12	239.769
321.33	240.279
321.54	229.520
321.75	254.156
321.96	234.807
322.17	233.122
322.38	258.834
322.59	219.231
322.80	209.431
323.00	212.024
323.21	205.081
323.42	193.064
323.63	201.979
323.84	188.530
324.05	187.995
324.26	180.491
324.47	190.921
324.67	177.640
324.88	190.750
325.09	185.498
325.30	187.684
325.51	172.665
325.72	160.399
325.93	158.552
326.13	160.771
326.34	157.247
326.55	155.434
326.76	143.747
326.97	148.583
327.18	151.648
327.39	132.677
327.59	131.277
327.80	123.994
328.01	123.206
328.22	118.086
328.43	119.828
328.64	120.486
328.85	112.600
329.05	115.048
329.26	105.332
329.47	108.717
329.68	108.164
329.89	108.268
330.10	109.349
330.30	109.248
330.51	100.335
330.72	102.117
330.93	98.871
331.14	95.505
331.35	94.924
331.56	93.399
331.76	96.035
331.97	94.430
332.18	94.823
332.39	89.306
332.60	89.084
332.81	86.719
333.01	87.169
333.22	87.684
333.43	87.293
333.64	87.003
333.85	83.494
334.05	82.767
334.26	81.080
334.47	79.355
334.68	77.347
334.89	78.924
335.10	77.558
335.30	76.368
335.51	76.860
335.72	76.709
335.93	74.651
336.14	72.533
336.35	71.216
336.55	70.861
336.76	71.429
336.97	70.760
337.18	68.273
337.39	66.621
337.59	64.580
337.80	64.132
338.01	64.421
338.22	67.316
338.43	66.280
338.63	66.404
338.84	66.336
339.05	65.247
339.26	63.935
339.47	62.589
339.67	61.880
339.88	59.126
340.09	58.022
340.30	57.351
340.51	57.410
340.71	56.839
340.92	55.423
341.13	54.810
341.34	52.778
341.55	52.313
341.75	53.048
341.96	53.273
342.17	52.683
342.38	51.854
342.58	49.962
342.79	48.481
343.00	47.867
343.21	48.205
343.42	49.697
343.62	48.137
343.83	48.871
344.04	49.898
344.25	51.548
344.46	51.184
344.66	51.680
344.87	51.708
345.08	52.099
345.29	52.898
345.49	52.743
345.70	53.448
345.91	54.199
346.12	53.088
346.32	52.949
346.53	52.644
346.74	52.322
346.95	52.397
347.16	52.020
347.36	51.604
347.57	50.738
347.78	49.815
347.99	50.449
348.19	50.716
348.40	49.951
348.61	49.282
348.82	49.154
349.02	48.078
349.23	47.815
349.44	47.692
349.65	47.334
349.85	47.469
350.06	47.229
350.27	46.945
350.48	46.860
350.68	46.777
350.89	46.332
351.10	46.591
351.31	45.953
351.51	46.476
351.72	46.061
351.93	45.203
352.14	45.071
352.34	44.682
352.55	43.446
352.76	43.492
352.96	43.488
353.17	43.094
353.38	43.669
353.59	43.729
353.79	42.795
354.00	42.534
354.21	41.919
354.42	41.924
354.62	41.363
354.83	41.237
355.04	41.067
355.24	41.016
355.45	40.578
355.66	40.586
355.87	40.284
356.07	40.378
356.28	40.753
356.49	40.192
356.70	40.468
356.90	40.885
357.11	40.316
357.32	40.139
357.52	39.927
357.73	39.526
357.94	39.354
358.15	39.528
358.35	39.869
358.56	39.796
358.77	39.272
358.97	39.181
359.18	38.941
359.39	38.511
359.59	38.152
359.80	38.096
360.01	38.212
360.22	38.150
360.42	38.094
360.63	38.095
360.84	38.151
361.04	37.777
361.25	37.542
361.46	37.674
361.66	37.407
361.87	37.778
362.08	37.759
362.29	37.695
362.49	37.453
362.70	37.438
362.91	37.432
363.11	37.650
363.32	37.485
363.53	37.940
363.73	37.954
363.94	38.160
364.15	38.071
364.35	37.970
364.56	38.098
364.77	37.959
364.97	37.763
365.18	37.670
365.39	37.556
365.59	37.612
365.80	37.815
366.01	37.779
366.21	37.571
366.42	37.814
366.63	37.743
366.83	37.993
367.04	37.504
367.25	37.402
367.45	37.296
367.66	37.222
367.87	36.924
368.07	36.714
368.28	36.607
368.49	36.523
368.69	36.509
368.90	36.461
369.11	36.628
369.31	36.752
369.52	36.671
369.73	36.832
369.93	36.763
370.14	36.627
370.35	36.783
370.55	37.005
370.76	37.066
370.97	37.048
371.17	36.914
371.38	36.997
371.58	36.926
371.79	36.939
372.00	37.142
372.20	37.107
372.41	37.152
372.62	37.252
372.82	37.354
373.03	36.977
373.24	37.002
373.44	36.634
373.65	36.536
373.85	36.509
374.06	36.414
374.27	36.457
374.47	36.418
374.68	36.341
374.89	36.119
375.09	35.864
375.30	35.821
375.51	35.723
375.71	35.850
375.92	35.821
376.12	35.904
376.33	35.784
376.54	35.786
376.74	35.787
376.95	35.681
377.15	35.503
377.36	35.691
377.57	35.492
377.77	35.582
377.98	35.485
378.19	35.388
378.39	35.332
378.60	35.044
378.80	34.977
379.01	34.997
379.22	34.880
379.42	34.907
379.63	34.840
379.83	34.800
380.04	34.785
380.25	34.710
380.45	34.685
380.66	34.733
380.86	34.747
381.07	34.660
381.28	34.603
381.48	34.673
381.69	34.649
381.89	34.775
382.10	34.788
382.31	34.759
382.51	34.821
382.72	34.750
382.92	34.671
383.13	34.673
383.33	34.610
383.54	34.703
383.75	34.586
383.95	34.572
384.16	34.490
384.36	34.402
384.57	34.598
384.78	34.406
384.98	34.367
385.19	34.344
385.39	34.322
385.60	34.338
385.80	34.290
386.01	34.306
386.22	34.103
386.42	34.010
386.63	33.994
386.83	33.979
387.04	33.950
387.24	33.968
387.45	33.957
387.65	33.892
387.86	33.802
388.07	33.802
388.27	33.886
388.48	33.982
388.68	33.877
388.89	33.821
389.09	33.908
389.30	33.908
389.50	33.746
389.71	33.787
389.92	33.726
390.12	33.724
390.33	33.591
390.53	33.604
390.74	33.712
390.94	33.698
391.15	33.688
391.35	33.814
391.56	33.848
391.77	33.775
391.97	33.722
392.18	33.683
392.38	33.656
392.59	33.476
392.79	33.447
393.00	33.538
393.20	33.405
393.41	33.309
393.61	33.148
393.82	33.183
394.02	33.184
394.23	33.219
394.43	33.049
394.64	33.105
394.84	33.157
395.05	33.200
395.26	33.251
395.46	33.205
395.67	33.028
395.87	32.982
396.08	32.904
396.28	32.889
396.49	32.879
396.69	32.917
396.90	32.951
397.10	32.972
397.31	32.788
397.51	32.796
397.72	32.884
397.92	32.902
398.13	32.905
398.33	32.767
398.54	32.594
398.74	32.639
398.95	32.588
399.15	32.593
399.36	32.485
399.56	32.401
399.77	32.326
399.97	32.336
400.18	32.491
400.38	32.539
400.59	32.584
400.79	32.544
401.00	32.463
401.20	32.513
401.41	32.440
401.61	32.473
401.82	32.412
402.02	32.235
402.23	32.251
402.43	32.171
402.64	32.276
402.84	32.329
403.05	32.356
403.25	32.398
403.46	32.303
403.66	32.192
403.87	32.238
404.07	32.314
404.27	32.312
404.48	32.195
404.68	32.096
404.89	32.012
405.09	32.081
405.30	32.047
405.50	31.971
405.71	31.912
405.91	31.960
406.12	31.958
406.32	32.029
406.53	31.997
406.73	31.975
406.94	31.917
407.14	31.942
407.34	31.823
407.55	31.820
407.75	31.806
407.96	31.854
408.16	31.757
408.37	31.576
408.57	31.572
408.78	31.535
408.98	31.523
409.19	31.531
409.39	31.425
409.59	31.369
409.80	31.351
410.00	31.361
410.21	31.249
410.41	31.271
410.62	31.342
410.82	31.264
411.03	31.244
411.23	31.273
411.43	31.225
411.64	31.226
411.84	31.132
412.05	31.112
412.25	31.115
412.46	31.154
412.66	31.256
412.86	31.284
413.07	31.268
413.27	31.325
413.48	31.344
413.68	31.355
413.89	31.428
414.09	31.400
414.29	31.451
414.50	31.513
414.70	31.509
414.91	31.423
415.11	31.416
415.32	31.417
415.52	31.334
415.72	31.301
415.93	31.339
416.13	31.337
416.34	31.341
416.54	31.280
416.74	31.238
416.95	31.216
417.15	31.125
417.36	31.132
417.56	31.092
417.76	31.018
417.97	30.985
418.17	30.966
418.38	30.970
418.58	30.920
418.78	30.866
418.99	30.776
419.19	30.694
419.40	30.724
419.60	30.699
419.80	30.757
420.01	30.781
420.21	30.761
420.42	30.738
420.62	30.739
420.82	30.754
421.03	30.735
421.23	30.750
421.44	30.781
421.64	30.723
421.84	30.718
422.05	30.723
422.25	30.613
422.45	30.591
422.66	30.582
422.86	30.553
423.07	30.575
423.27	30.579
423.47	30.602
423.68	30.585
423.88	30.598
424.08	30.534
424.29	30.514
424.49	30.497
424.70	30.517
424.90	30.543
425.10	30.460
425.31	30.417
425.51	30.386
425.71	30.364
425.92	30.328
426.12	30.303
426.32	30.283
426.53	30.391
426.73	30.363
426.93	30.332
427.14	30.294
427.34	30.253
427.55	30.259
427.75	30.257
427.95	30.242
428.16	30.242
428.36	30.262
428.56	30.224
428.77	30.173
428.97	30.164
429.17	30.062
429.38	30.084
429.58	30.053
429.78	30.033
429.99	29.959
430.19	30.002
430.39	29.986
430.60	29.954
430.80	29.904
431.00	29.882
431.21	29.889
431.41	29.889
431.61	29.877
431.82	29.913
432.02	29.869
432.22	29.856
432.43	29.799
432.63	29.776
432.83	29.785
433.04	29.827
433.24	29.842
433.44	29.839
433.65	29.837
433.85	29.886
434.05	29.879
434.25	29.899
434.46	29.872
434.66	29.881
434.86	29.924
435.07	29.930
435.27	29.923
435.47	29.893
435.68	29.951
435.88	29.987
436.08	29.924
436.29	29.936
436.49	29.927
436.69	29.927
436.89	29.908
437.10	29.902
437.30	29.910
437.50	29.868
437.71	29.888
437.91	29.856
438.11	29.846
438.32	29.840
438.52	29.889
438.72	29.884
438.92	29.881
439.13	29.872
439.33	29.841
439.53	29.864
439.74	29.867
439.94	29.778
440.14	29.733
440.34	29.758
440.55	29.752
440.75	29.764
440.95	29.773
441.15	29.759
441.36	29.756
441.56	29.744
441.76	29.746
441.97	29.753
442.17	29.715
442.37	29.680
442.57	29.653
442.78	29.656
442.98	29.663
443.18	29.632
443.38	29.603
443.59	29.650
443.79	29.583
443.99	29.616
444.19	29.634
444.40	29.657
444.60	29.647
444.80	29.669
445.00	29.646
445.21	29.614
445.41	29.591
445.61	29.606
445.81	29.611
446.02	29.560
446.22	29.530
446.42	29.607
446.62	29.633
446.83	29.620
447.03	29.557
447.23	29.511
447.43	29.487
447.64	29.476
447.84	29.464
448.04	29.505
448.24	29.501
448.45	29.467
448.65	29.459
448.85	29.445
449.05	29.440
449.26	29.438
449.46	29.469
449.66	29.466
449.86	29.403
450.06	29.360
450.27	29.385
450.47	29.342
450.67	29.312
450.87	29.316
451.08	29.366
451.28	29.388
451.48	29.390
451.68	29.403
451.88	29.408
452.09	29.377
452.29	29.364
452.49	29.336
452.69	29.353
452.89	29.322
453.10	29.306
453.30	29.287
453.50	29.295
453.70	29.271
453.90	29.263
454.11	29.284
454.31	29.266
454.51	29.251
454.71	29.328
454.91	29.307
455.12	29.268
455.32	29.231
455.52	29.237
455.72	29.236
455.92	29.224
456.13	29.249
456.33	29.232
456.53	29.206
456.73	29.223
456.93	29.222
457.14	29.226
457.34	29.225
457.54	29.229
457.74	29.246
457.94	29.243
458.14	29.224
458.35	29.227
458.55	29.263
458.75	29.266
458.95	29.230
459.15	29.199
459.36	29.223
459.56	29.227
459.76	29.216
459.96	29.204
460.16	29.242
460.36	29.227
460.57	29.197
460.77	29.207
460.97	29.146
461.17	29.127
461.37	29.118
461.57	29.115
461.77	29.085
461.98	29.039
462.18	29.035
462.38	29.047
462.58	29.016
462.78	28.996
462.98	28.997
463.19	28.984
463.39	29.009
463.59	28.969
463.79	28.976
463.99	28.967
464.19	28.946
464.39	28.893
464.60	28.870
464.80	28.883
465.00	28.886
465.20	28.880
465.40	28.878
465.60	28.872
465.80	28.874
466.01	28.859
466.21	28.877
466.41	28.854
466.61	28.902
466.81	28.928
467.01	28.938
467.21	28.912
467.41	28.907
467.62	28.896
467.82	28.876
468.02	28.836
468.22	28.806
468.42	28.805
468.62	28.820
468.82	28.803
469.02	28.824
469.22	28.788
469.43	28.763
469.63	28.774
469.83	28.740
470.03	28.767
470.23	28.786
470.43	28.773
470.63	28.764
470.83	28.730
471.03	28.712
471.24	28.699
471.44	28.702
471.64	28.701
471.84	28.687
472.04	28.739
472.24	28.702
472.44	28.733
472.64	28.757
472.84	28.746
473.04	28.751
473.25	28.733
473.45	28.742
473.65	28.772
473.85	28.749
474.05	28.750
474.25	28.707
474.45	28.685
474.65	28.707
474.85	28.676
475.05	28.667
475.25	28.656
475.45	28.642
475.66	28.637
475.86	28.653
476.06	28.686
476.26	28.624
476.46	28.663
476.66	28.644
476.86	28.642
477.06	28.638
477.26	28.605
477.46	28.593
477.66	28.607
477.86	28.588
478.06	28.592
478.26	28.600
478.46	28.595
478.67	28.603
478.87	28.570
479.07	28.598
479.27	28.594
479.47	28.608
479.67	28.586
479.87	28.588
480.07	28.582
480.27	28.549
480.47	28.546
480.67	28.534
480.87	28.538
481.07	28.534
481.27	28.552
481.47	28.592
481.67	28.593
481.87	28.579
482.07	28.586
482.27	28.579
482.47	28.581
482.67	28.585
482.87	28.607
483.07	28.611
483.28	28.623
483.48	28.601
483.68	28.562
483.88	28.582
484.08	28.585
484.28	28.564
484.48	28.587
484.68	28.618
484.88	28.623
485.08	28.621
485.28	28.626
485.48	28.623
485.68	28.604
485.88	28.564
486.08	28.573
486.28	28.567
486.48	28.587
486.68	28.589
486.88	28.588
487.08	28.552
487.28	28.517
487.48	28.513
487.68	28.522
487.88	28.541
488.08	28.526
488.28	28.517
488.48	28.508
488.68	28.471
488.88	28.461
489.08	28.463
489.28	28.454
489.48	28.432
489.68	28.429
489.88	28.438
490.08	28.484
490.28	28.485
490.48	28.517
490.68	28.499
490.88	28.493
491.08	28.503
491.28	28.522
491.48	28.552
491.68	28.578
491.88	28.613
492.08	28.603
492.28	28.630
492.48	28.612
492.68	28.616
492.88	28.652
493.08	28.651
493.28	28.654
493.48	28.642
493.67	28.648
493.87	28.661
494.07	28.662
494.27	28.664
494.47	28.643
494.67	28.623
494.87	28.633
495.07	28.628
495.27	28.603
495.47	28.591
495.67	28.585
495.87	28.569
496.07	28.544
496.27	28.575
496.47	28.569
496.67	28.595
496.87	28.584
497.07	28.587
497.27	28.578
497.47	28.572
497.67	28.575
497.87	28.574
498.06	28.554
498.26	28.543
498.46	28.512
498.66	28.514
498.86	28.517
499.06	28.507
499.26	28.530
499.46	28.548
499.66	28.555
499.86	28.555
500.06	28.564
500.26	28.579
500.46	28.560
500.66	28.547
500.86	28.546
501.05	28.563
501.25	28.547
501.45	28.550
501.65	28.544
501.85	28.550
502.05	28.569
502.25	28.565
502.45	28.573
502.65	28.617
502.85	28.625
503.05	28.619
503.24	28.655
503.44	28.639
503.64	28.646
503.84	28.646
504.04	28.662
504.24	28.661
504.44	28.664
504.64	28.663
504.84	28.667
505.04	28.661
505.24	28.653
505.43	28.668
505.63	28.691
505.83	28.705
506.03	28.709
506.23	28.702
506.43	28.720
506.63	28.738
506.83	28.710
507.03	28.711
507.22	28.715
507.42	28.689
507.62	28.684
507.82	28.664
508.02	28.685
508.22	28.690
508.42	28.692
508.62	28.697
508.81	28.716
509.01	28.717
509.21	28.725
509.41	28.729
509.61	28.722
509.81	28.696
510.01	28.695
510.21	28.691
510.40	28.700
510.60	28.683
510.80	28.672
511.00	28.700
511.20	28.703
511.40	28.710
511.60	28.741
511.79	28.762
511.99	28.781
512.19	28.776
512.39	28.772
512.59	28.756
512.79	28.749
512.99	28.744
513.18	28.738
513.38	28.750
513.58	28.777
513.78	28.779
513.98	28.780
514.18	28.783
514.37	28.792
514.57	28.781
514.77	28.793
514.97	28.797
515.17	28.801
515.37	28.820
515.56	28.824
515.76	28.800
515.96	28.792
516.16	28.804
516.36	28.797
516.56	28.797
516.75	28.800
516.95	28.810
517.15	28.827
517.35	28.855
517.55	28.857
517.75	28.852
517.94	28.864
518.14	28.882
518.34	28.894
518.54	28.904
518.74	28.930
518.93	28.918
519.13	28.938
519.33	28.943
519.53	28.950
519.73	28.932
519.92	28.951
520.12	28.966
520.32	28.967
520.52	28.997
520.72	29.004
520.91	29.015
521.11	29.020
521.31	29.021
521.51	29.013
521.71	28.994
521.90	28.990
522.10	28.973
522.30	28.982
522.50	28.993
522.70	28.985
522.89	28.970
523.09	28.997
523.29	28.986
523.49	28.980
523.69	28.973
523.88	28.988
524.08	28.953
524.28	28.959
524.48	28.956
524.67	28.937
524.87	28.927
525.07	28.926
525.27	28.909
525.46	28.912
525.66	28.931
525.86	28.954
526.06	28.953
526.26	28.965
526.45	28.965
526.65	28.956
526.85	28.983
527.05	28.982
527.24	28.981
527.44	28.981
527.64	28.990
527.84	28.989
528.03	29.002
528.23	29.028
528.43	29.041
528.63	29.046
528.82	29.037
529.02	29.048
529.22	29.085
529.42	29.115
529.61	29.116
529.81	29.106
530.01	29.123
530.21	29.132
530.40	29.150
530.60	29.175
530.80	29.202
531.00	29.188
531.19	29.213
531.39	29.215
531.59	29.225
531.78	29.208
531.98	29.221
532.18	29.226
532.38	29.236
532.57	29.235
532.77	29.247
532.97	29.269
533.16	29.272
533.36	29.266
533.56	29.260
533.76	29.262
533.95	29.266
534.15	29.264
534.35	29.292
534.55	29.286
534.74	29.279
534.94	29.276
535.14	29.290
535.33	29.283
535.53	29.304
535.73	29.298
535.92	29.338
536.12	29.335
536.32	29.354
536.52	29.378
536.71	29.355
536.91	29.353
537.11	29.364
537.30	29.379
537.50	29.374
537.70	29.369
537.89	29.383
538.09	29.379
538.29	29.386
538.48	29.376
538.68	29.382
538.88	29.380
539.08	29.369
539.27	29.374
539.47	29.397
539.67	29.378
539.86	29.389
540.06	29.380
540.26	29.384
540.45	29.378
540.65	29.354
540.85	29.365
541.04	29.362
541.24	29.367
541.44	29.373
541.63	29.379
541.83	29.396
542.03	29.390
542.22	29.394
542.42	29.393
542.62	29.391
542.81	29.391
543.01	29.414
543.21	29.413
543.40	29.410
543.60	29.412
543.79	29.428
543.99	29.447
544.19	29.449
544.38	29.452
544.58	29.447
544.78	29.455
544.97	29.468
545.17	29.492
545.37	29.494
545.56	29.486
545.76	29.482
545.96	29.476
546.15	29.477
546.35	29.479
546.54	29.486
546.74	29.498
546.94	29.525
547.13	29.515
547.33	29.528
547.53	29.527
547.72	29.518
547.92	29.510
548.11	29.493
548.31	29.489
548.51	29.501
548.70	29.519
548.90	29.517
549.10	29.529
549.29	29.521
549.49	29.528
549.68	29.537
549.88	29.551
550.08	29.573
550.27	29.586
550.47	29.589
550.66	29.579
550.86	29.573
551.06	29.575
551.25	29.590
551.45	29.604
551.64	29.621
551.84	29.608
552.04	29.635
552.23	29.656
552.43	29.679
552.62	29.685
552.82	29.688
553.02	29.698
553.21	29.697
553.41	29.721
553.60	29.722
553.80	29.738
554.00	29.744
554.19	29.742
554.39	29.739
554.58	29.768
554.78	29.784
554.97	29.814
555.17	29.814
555.37	29.819
555.56	29.826
555.76	29.839
555.95	29.861
556.15	29.873
556.34	29.879
556.54	29.873
556.74	29.891
556.93	29.896
557.13	29.906
557.32	29.896
557.52	29.898
557.71	29.900
557.91	29.906
558.10	29.922
558.30	29.918
558.50	29.933
558.69	29.960
558.89	29.961
559.08	29.952
559.28	29.954
559.47	29.958
559.67	29.955
559.86	29.957
560.06	29.962
560.25	29.956
560.45	29.959
560.65	29.965
560.84	29.957
561.04	29.950
561.23	29.938
561.43	29.950
561.62	29.954
561.82	29.969
562.01	29.962
562.21	29.960
562.40	29.954
562.60	29.953
562.79	29.935
562.99	29.931
563.18	29.938
563.38	29.943
563.57	29.932
563.77	29.944
563.96	29.947
564.16	29.949
564.36	29.970
564.55	29.982
564.75	29.982
564.94	29.982
565.14	29.998
565.33	30.037
565.53	30.058
565.72	30.063
565.92	30.070
566.11	30.065
566.31	30.069
566.50	30.085
566.70	30.103
566.89	30.104
567.09	30.112
567.28	30.112
567.48	30.114
567.67	30.154
567.87	30.165
568.06	30.179
568.26	30.204
568.45	30.208
568.64	30.221
568.84	30.240
569.03	30.255
569.23	30.268
569.42	30.252
569.62	30.255
569.81	30.251
570.01	30.254
570.20	30.292
570.40	30.293
570.59	30.309
570.79	30.305
570.98	30.305
571.18	30.317
571.37	30.322
571.57	30.334
571.76	30.304
571.95	30.303
572.15	30.315
572.34	30.322
572.54	30.317
572.73	30.306
572.93	30.318
573.12	30.334
573.32	30.341
573.51	30.367
573.71	30.380
573.90	30.397
574.09	30.391
574.29	30.390
574.48	30.412
574.68	30.424
574.87	30.451
575.07	30.460
575.26	30.460
575.46	30.472
575.65	30.479
575.84	30.499
576.04	30.507
576.23	30.491
576.43	30.484
576.62	30.479
576.82	30.477
577.01	30.476
577.20	30.477
577.40	30.465
577.59	30.457
577.79	30.457
577.98	30.459
578.18	30.473
578.37	30.492
578.56	30.517
578.76	30.504
578.95	30.501
579.15	30.517
579.34	30.543
579.53	30.547
579.73	30.552
579.92	30.578
580.12	30.602
580.31	30.605
580.50	30.624
580.70	30.648
580.89	30.682
581.09	30.693
581.28	30.697
581.47	30.708
581.67	30.740
581.86	30.752
582.06	30.754
582.25	30.767
582.44	30.768
582.64	30.758
582.83	30.771
583.03	30.780
583.22	30.788
583.41	30.790
583.61	30.792
583.80	30.808
583.99	30.798
584.19	30.792
584.38	30.819
584.58	30.820
584.77	30.816
584.96	30.809
585.16	30.815
585.35	30.823
585.54	30.828
585.74	30.828
585.93	30.829
586.13	30.848
586.32	30.846
586.51	30.850
586.71	30.825
586.90	30.843
587.09	30.852
587.29	30.859
587.48	30.854
587.67	30.874
587.87	30.864
588.06	30.859
588.25	30.871
588.45	30.875
588.64	30.886
588.83	30.888
589.03	30.895
589.22	30.893
589.41	30.890
589.61	30.908
589.80	30.894
589.99	30.907
590.19	30.912
590.38	30.935
590.57	30.934
590.77	30.954
590.96	30.964
591.15	30.965
591.35	30.959
591.54	30.990
591.73	31.009
591.93	31.032
592.12	31.060
592.31	31.046
592.51	31.032
592.70	31.047
592.89	31.080
593.09	31.097
593.28	31.109
593.47	31.125
593.67	31.128
593.86	31.148
594.05	31.156
594.25	31.150
594.44	31.157
594.63	31.154
594.82	31.182
595.02	31.190
595.21	31.174
595.40	31.206
595.60	31.202
595.79	31.186
595.98	31.176
596.17	31.185
596.37	31.200
596.56	31.219
596.75	31.223
596.95	31.220
597.14	31.214
597.33	31.221
597.52	31.229
597.72	31.232
597.91	31.240
598.10	31.253
598.30	31.276
598.49	31.270
598.68	31.308
598.87	31.325
599.07	31.324
599.26	31.363
599.45	31.339
599.65	31.351
599.84	31.356
600.03	31.379
600.22	31.382
600.42	31.382
600.61	31.383
600.80	31.394
600.99	31.380
601.19	31.384
601.38	31.405
601.57	31.397
601.76	31.420
601.96	31.420
602.15	31.412
602.34	31.408
602.53	31.416
602.73	31.411
602.92	31.408
603.11	31.405
603.30	31.401
603.50	31.406
603.69	31.394
603.88	31.419
604.07	31.421
604.26	31.419
604.46	31.444
604.65	31.464
604.84	31.468
605.03	31.500
605.23	31.518
605.42	31.519
605.61	31.552
605.80	31.548
606.00	31.571
606.19	31.582
606.38	31.596
606.57	31.610
606.76	31.619
606.96	31.615
607.15	31.655
607.34	31.669
607.53	31.694
607.72	31.722
607.92	31.714
608.11	31.735
608.30	31.756
608.49	31.761
608.68	31.769
608.88	31.770
609.07	31.786
609.26	31.789
609.45	31.795
609.64	31.808
609.84	31.815
610.03	31.807
610.22	31.828
610.41	31.842
610.60	31.872
610.80	31.893
610.99	31.896
611.18	31.884
611.37	31.892
611.56	31.914
611.76	31.924
611.95	31.953
612.14	31.974
612.33	31.984
612.52	32.002
612.71	32.009
612.91	32.039
613.10	32.046
613.29	32.066
613.48	32.088
613.67	32.089
613.86	32.096
614.06	32.120
614.25	32.127
614.44	32.129
614.63	32.131
614.82	32.130
615.01	32.149
615.20	32.166
615.40	32.175
615.59	32.170
615.78	32.184
615.97	32.179
616.16	32.175
616.35	32.176
616.55	32.171
616.74	32.182
616.93	32.186
617.12	32.201
617.31	32.196
617.50	32.196
617.69	32.203
617.88	32.226
618.08	32.214
618.27	32.222
618.46	32.215
618.65	32.212
618.84	32.229
619.03	32.234
619.22	32.245
619.42	32.246
619.61	32.262
619.80	32.276
619.99	32.282
620.18	32.282
620.37	32.291
620.56	32.301
620.75	32.309
620.94	32.313
621.14	32.301
621.33	32.326
621.52	32.348
621.71	32.369
621.90	32.362
622.09	32.384
622.28	32.388
622.47	32.413
622.66	32.424
622.85	32.416
623.05	32.452
623.24	32.456
623.43	32.471
623.62	32.485
623.81	32.486
624.00	32.532
624.19	32.556
624.38	32.579
624.57	32.601
624.76	32.616
624.95	32.628
625.15	32.660
625.34	32.655
625.53	32.653
625.72	32.647
625.91	32.688
626.10	32.695
626.29	32.705
626.48	32.706
626.67	32.722
626.86	32.739
627.05	32.737
627.24	32.746
627.43	32.754
627.62	32.762
627.82	32.763
628.01	32.746
628.20	32.752
628.39	32.741
628.58	32.745
628.77	32.750
628.96	32.762
629.15	32.748
629.34	32.777
629.53	32.791
629.72	32.795
629.91	32.789
630.10	32.823
630.29	32.847
630.48	32.878
630.67	32.882
630.86	32.899
631.05	32.899
631.24	32.895
631.43	32.920
631.62	32.936
631.81	32.939
632.00	32.945
632.20	32.933
632.39	32.940
632.58	32.957
632.77	32.955
632.96	32.959
633.15	32.970
633.34	32.974
633.53	32.976
633.72	32.994
633.91	33.010
634.10	32.997
634.29	32.998
634.48	33.006
634.67	33.020
634.86	33.015
635.05	33.038
635.24	33.061
635.43	33.055
635.62	33.034
635.81	33.062
636.00	33.095
636.19	33.125
636.38	33.143
636.57	33.146
636.76	33.177
636.95	33.170
637.14	33.190
637.33	33.206
637.52	33.214
637.71	33.236
637.90	33.239
638.09	33.255
638.28	33.271
638.47	33.271
638.66	33.274
638.85	33.283
639.04	33.267
639.23	33.268
639.41	33.277
639.60	33.319
639.79	33.322
639.98	33.322
640.17	33.344
640.36	33.372
640.55	33.371
640.74	33.354
640.93	33.390
641.12	33.385
641.31	33.378
641.50	33.385
641.69	33.381
641.88	33.410
642.07	33.399
642.26	33.400
642.45	33.419
642.64	33.441
642.83	33.454
643.02	33.470
643.21	33.505
643.40	33.514
643.59	33.528
643.77	33.550
643.96	33.568
644.15	33.574
644.34	33.570
644.53	33.596
644.72	33.624
644.91	33.623
645.10	33.653
645.29	33.661
645.48	33.671
645.67	33.688
645.86	33.686
646.05	33.729
646.24	33.753
646.42	33.751
646.61	33.740
646.80	33.759
646.99	33.771
647.18	33.776
647.37	33.793
647.56	33.808
647.75	33.804
647.94	33.806
648.13	33.812
648.32	33.814
648.50	33.799
648.69	33.807
648.88	33.808
649.07	33.812
649.26	33.828
649.45	33.863
649.64	33.879
649.83	33.873
650.02	33.874
650.21	33.872
650.39	33.893
650.58	33.905
650.77	33.925
650.96	33.943
651.15	33.948
651.34	33.966
651.53	33.938
651.72	33.958
651.90	33.963
652.09	33.983
652.28	33.997
652.47	34.032
652.66	34.054
652.85	34.090
653.04	34.106
653.23	34.122
653.41	34.104
653.60	34.102
653.79	34.132
653.98	34.129
654.17	34.155
654.36	34.153
654.55	34.176
654.73	34.185
654.92	34.187
655.11	34.189
655.30	34.197
655.49	34.228
655.68	34.253
655.87	34.265
656.05	34.257
656.24	34.281
656.43	34.294
656.62	34.300
656.81	34.292
657.00	34.287
657.18	34.285
657.37	34.298
657.56	34.316
657.75	34.337
657.94	34.357
658.13	34.361
658.31	34.399
658.50	34.400
658.69	34.414
658.88	34.425
659.07	34.444
659.26	34.453
659.44	34.462
659.63	34.448
659.82	34.460
660.01	34.466
660.20	34.471
660.38	34.479
660.57	34.485
660.76	34.497
660.95	34.497
661.14	34.522
661.32	34.543
661.51	34.548
661.70	34.546
661.89	34.575
662.08	34.603
662.26	34.607
662.45	34.618
662.64	34.621
662.83	34.643
663.02	34.660
663.20	34.666
663.39	34.686
663.58	34.707
663.77	34.709
663.96	34.736
664.14	34.749
664.33	34.736
664.52	34.736
664.71	34.743
664.89	34.762
665.08	34.773
665.27	34.793
665.46	34.820
665.64	34.811
665.83	34.805
666.02	34.791
666.21	34.798
666.40	34.843
666.58	34.854
666.77	34.875
666.96	34.877
667.15	34.891
667.33	34.877
667.52	34.883
667.71	34.900
667.90	34.888
668.08	34.900
668.27	34.940
668.46	34.969
668.65	34.988
668.83	35.009
669.02	35.015
669.21	35.021
669.40	35.023
669.58	35.058
669.77	35.081
669.96	35.100
670.14	35.088
670.33	35.071
670.52	35.070
670.71	35.065
670.89	35.075
671.08	35.082
671.27	35.115
671.46	35.137
671.64	35.154
671.83	35.186
672.02	35.191
672.20	35.180
672.39	35.196
672.58	35.221
672.77	35.232
672.95	35.243
673.14	35.258
673.33	35.269
673.51	35.266
673.70	35.264
673.89	35.276
674.08	35.303
674.26	35.329
674.45	35.335
674.64	35.340
674.82	35.365
675.01	35.389
675.20	35.410
675.38	35.420
675.57	35.425
675.76	35.431
675.94	35.436
676.13	35.463
676.32	35.454
676.51	35.444
676.69	35.459
676.88	35.469
677.07	35.465
677.25	35.483
677.44	35.499
677.63	35.504
677.81	35.501
678.00	35.534
678.19	35.537
678.37	35.559
678.56	35.580
678.75	35.591
678.93	35.615
679.12	35.618
679.31	35.620
679.49	35.657
679.68	35.669
679.87	35.667
680.05	35.671
680.24	35.706
680.42	35.709
680.61	35.702
680.80	35.719
680.98	35.728
681.17	35.726
681.36	35.748
681.54	35.764
681.73	35.789
681.92	35.793
682.10	35.820
682.29	35.819
682.48	35.837
682.66	35.837
682.85	35.831
683.03	35.842
683.22	35.843
683.41	35.812
683.59	35.807
683.78	35.812
683.97	35.832
684.15	35.834
684.34	35.849
684.52	35.889
684.71	35.879
684.90	35.891
685.08	35.891
685.27	35.892
685.45	35.909
685.64	35.895
685.83	35.905
686.01	35.898
686.20	35.911
686.39	35.917
686.57	35.918
686.76	35.922
686.94	35.936
687.13	35.968
687.31	36.008
687.50	36.033
687.69	36.053
687.87	36.065
688.06	36.081
688.24	36.105
688.43	36.100
688.62	36.123
688.80	36.125
688.99	36.136
689.17	36.144
689.36	36.174
689.55	36.197
689.73	36.197
689.92	36.221
690.10	36.267
690.29	36.282
690.47	36.321
690.66	36.343
690.84	36.354
691.03	36.357
691.22	36.339
691.40	36.344
691.59	36.370
691.77	36.382
691.96	36.394
692.14	36.412
692.33	36.431
692.52	36.431
692.70	36.469
692.89	36.492
693.07	36.518
693.26	36.506
693.44	36.523
693.63	36.529
693.81	36.527
694.00	36.526
694.18	36.519
694.37	36.528
694.55	36.527
694.74	36.537
694.93	36.543
695.11	36.573
695.30	36.586
695.48	36.600
695.67	36.585
695.85	36.585
696.04	36.573
696.22	36.589
696.41	36.631
696.59	36.637
696.78	36.661
696.96	36.633
697.15	36.638
697.33	36.641
697.52	36.657
697.70	36.662
697.89	36.662
698.07	36.691
698.26	36.697
698.44	36.715
698.63	36.727
698.81	36.730
699.00	36.747
699.18	36.742
699.37	36.750
699.55	36.813
699.74	36.853
699.92	36.882
700.11	36.893
700.29	36.876
700.48	36.862
700.66	36.875
700.85	36.911
701.03	36.952
701.22	36.979
701.40	36.991
701.59	36.997
701.77	37.014
701.96	37.020
702.14	37.031
702.33	37.035
702.51	37.025
702.69	37.054
702.88	37.079
703.06	37.103
703.25	37.113
703.43	37.094
703.62	37.076
703.80	37.091
703.99	37.077
704.17	37.104
704.36	37.145
704.54	37.153
704.73	37.173
704.91	37.160
705.09	37.162
705.28	37.153
705.46	37.186
705.65	37.218
705.83	37.213
706.02	37.219
706.20	37.236
706.38	37.268
706.57	37.237
706.75	37.231
706.94	37.243
707.12	37.240
707.31	37.270
707.49	37.284
707.67	37.298
707.86	37.304
708.04	37.304
708.23	37.295
708.41	37.300
708.60	37.292
708.78	37.319
708.96	37.343
709.15	37.361
709.33	37.342
709.52	37.337
709.70	37.356
709.88	37.364
710.07	37.352
710.25	37.366
710.44	37.392
710.62	37.392
710.80	37.421
710.99	37.460
711.17	37.437
711.36	37.446
711.54	37.445
711.72	37.461
711.91	37.461
712.09	37.475
712.28	37.483
712.46	37.513
712.64	37.493
712.83	37.506
713.01	37.520
713.20	37.568
713.38	37.562
713.56	37.562
713.75	37.565
713.93	37.596
714.11	37.595
714.30	37.641
714.48	37.650
714.66	37.636
714.85	37.636
715.03	37.667
715.22	37.650
715.40	37.653
715.58	37.668
715.77	37.692
715.95	37.713
716.13	37.713
716.32	37.712
716.50	37.741
716.68	37.738
716.87	37.729
717.05	37.713
717.23	37.712
717.42	37.729
717.60	37.759
717.78	37.768
717.97	37.765
718.15	37.756
718.33	37.763
718.52	37.794
718.70	37.804
718.88	37.820
719.07	37.832
719.25	37.842
719.43	37.856
719.62	37.886
719.80	37.887
719.98	37.921
720.17	37.921
720.35	37.918
720.53	37.886
720.72	37.928
720.90	37.947
721.08	38.005
721.27	38.006
721.45	38.022
721.63	38.045
721.81	38.060
722.00	38.060
722.18	38.077
722.36	38.083
722.55	38.098
722.73	38.093
722.91	38.142
723.10	38.162
723.28	38.147
723.46	38.135
723.64	38.163
723.83	38.189
724.01	38.203
724.19	38.224
724.38	38.272
724.56	38.274
724.74	38.272
724.92	38.275
725.11	38.301
725.29	38.265
725.47	38.263
725.66	38.300
725.84	38.326
726.02	38.354
726.20	38.363
726.39	38.355
726.57	38.388
726.75	38.391
726.93	38.396
727.12	38.439
727.30	38.463
727.48	38.441
727.66	38.412
727.85	38.458
728.03	38.429
728.21	38.432
728.39	38.420
728.58	38.439
728.76	38.420
728.94	38.402
729.12	38.422
729.31	38.438
729.49	38.427
729.67	38.393
729.85	38.379
730.04	38.375
730.22	38.387
730.40	38.374
730.58	38.347
730.76	38.369
730.95	38.390
731.13	38.382
731.31	38.409
731.49	38.402
731.68	38.386
731.86	38.428
732.04	38.463
732.22	38.489
732.40	38.487
732.59	38.521
732.77	38.554
732.95	38.575
733.13	38.581
733.31	38.602
733.50	38.656
733.68	38.662
733.86	38.687
734.04	38.699
734.22	38.714
734.41	38.741
734.59	38.755
734.77	38.763
734.95	38.778
735.13	38.806
735.32	38.846
735.50	38.843
735.68	38.856
735.86	38.841
736.04	38.839
736.22	38.838
736.41	38.826
736.59	38.842
736.77	38.842
736.95	38.839
737.13	38.850
737.32	38.841
737.50	38.888
737.68	38.872
737.86	38.903
738.04	38.907
738.22	38.940
738.41	38.898
738.59	38.884
738.77	38.894
738.95	38.897
739.13	38.927
739.31	38.932
739.49	38.909
739.68	38.918
739.86	38.949
740.04	38.949
740.22	38.969
740.40	38.971
740.58	38.989
740.76	38.991
740.95	38.947
741.13	38.968
741.31	38.942
741.49	38.965
741.67	38.968
741.85	38.983
742.03	38.967
742.21	39.017
742.40	39.006
742.58	39.029
742.76	39.028
742.94	39.047
743.12	39.057
743.30	39.113
743.48	39.107
743.66	39.097
743.85	39.127
744.03	39.130
744.21	39.159
744.39	39.183
744.57	39.203
744.75	39.256
744.93	39.251
745.11	39.288
745.29	39.301
745.47	39.289
745.66	39.305
745.84	39.309
746.02	39.308
746.20	39.355
746.38	39.360
746.56	39.360
746.74	39.314
746.92	39.352
747.10	39.349
747.28	39.391
747.46	39.374
747.64	39.389
747.83	39.378
748.01	39.367
748.19	39.355
748.37	39.381
748.55	39.396
748.73	39.406
748.91	39.385
749.09	39.393
749.27	39.395
749.45	39.402
749.63	39.410
749.81	39.408
749.99	39.397
750.17	39.389
750.35	39.404
750.53	39.430
750.72	39.446
750.90	39.448
751.08	39.452
751.26	39.504
751.44	39.485
751.62	39.507
751.80	39.524
751.98	39.530
752.16	39.519
752.34	39.510
752.52	39.508
752.70	39.516
752.88	39.518
753.06	39.525
753.24	39.517
753.42	39.513
753.60	39.509
753.78	39.504
753.96	39.514
754.14	39.513
754.32	39.529
754.50	39.503
754.68	39.490
754.86	39.518
755.04	39.527
755.22	39.548
755.40	39.535
755.58	39.552
755.76	39.562
755.94	39.595
756.12	39.620
756.30	39.634
756.48	39.633
756.66	39.638
756.84	39.672
757.02	39.693
757.20	39.721
757.38	39.756
757.56	39.785
757.74	39.788
757.92	39.810
758.10	39.825
758.28	39.836
758.46	39.864
758.64	39.869
758.82	39.834
759.00	39.852
759.18	39.869
759.36	39.853
759.54	39.853
759.72	39.834
759.90	39.819
760.08	39.871
760.26	39.893
760.44	39.908
760.62	39.935
760.80	39.919
760.98	39.931
761.16	39.940
761.33	39.954
761.51	39.978
761.69	39.973
761.87	39.975
762.05	39.988
762.23	39.997
762.41	39.999
762.59	40.033
762.77	40.031
762.95	40.043
763.13	40.070
763.31	40.098
763.49	40.116
763.67	40.137
763.85	40.134
764.03	40.144
764.21	40.168
764.38	40.141
764.56	40.184
764.74	40.185
764.92	40.181
765.10	40.162
765.28	40.177
765.46	40.204
765.64	40.211
765.82	40.228
766.00	40.241
766.18	40.241
766.35	40.270
766.53	40.260
766.71	40.319
766.89	40.324
767.07	40.331
767.25	40.331
767.43	40.365
767.61	40.353
767.79	40.379
767.97	40.344
768.14	40.368
768.32	40.350
768.50	40.352
768.68	40.384
768.86	40.402
769.04	40.386
769.22	40.399
769.40	40.386
769.58	40.403
769.75	40.408
769.93	40.418
770.11	40.412
770.29	40.471
770.47	40.432
770.65	40.445
770.83	40.437
771.00	40.457
771.18	40.450
771.36	40.480
771.54	40.452
771.72	40.500
771.90	40.496
772.08	40.505
772.25	40.546
772.43	40.583
772.61	40.554
772.79	40.601
772.97	40.587
773.15	40.600
773.33	40.610
773.50	40.640
773.68	40.637
773.86	40.599
774.04	40.587
774.22	40.573
774.40	40.559
774.57	40.578
774.75	40.583
774.93	40.559
775.11	40.583
775.29	40.588
775.46	40.556
775.64	40.563
775.82	40.579
776.00	40.607
776.18	40.549
776.36	40.588
776.53	40.573
776.71	40.578
776.89	40.602
777.07	40.605
777.25	40.596
777.42	40.607
777.60	40.662
777.78	40.654
777.96	40.686
778.14	40.679
778.31	40.689
778.49	40.687
778.67	40.740
778.85	40.657
779.03	40.702
779.20	40.735
779.38	40.777
779.56	40.798
779.74	40.757
779.91	40.756
780.09	40.789
780.27	40.801
780.45	40.787
780.63	40.774
780.80	40.770
780.98	40.768
781.16	40.765
781.34	40.773
781.51	40.758
781.69	40.754
781.87	40.761
782.05	40.775
782.22	40.774
782.40	40.760
782.58	40.835
782.76	40.836
782.93	40.826
783.11	40.808
783.29	40.793
783.47	40.784
783.64	40.819
783.82	40.827
784.00	40.854
784.18	40.889
784.35	40.897
784.53	40.876
784.71	40.897
784.89	40.947
785.06	40.971
785.24	41.008
785.42	41.032
785.60	41.090
785.77	41.051
785.95	41.113
786.13	41.135
786.30	41.133
786.48	41.084
786.66	41.143
786.84	41.134
787.01	41.187
787.19	41.239
787.37	41.213
787.54	41.234
787.72	41.206
787.90	41.222
788.07	41.236
788.25	41.267
788.43	41.270
788.61	41.235
788.78	41.242
788.96	41.312
789.14	41.353
789.31	41.314
789.49	41.397
789.67	41.409
789.84	41.389
790.02	41.395
790.20	41.468
790.37	41.434
790.55	41.471
790.73	41.414
790.90	41.422
791.08	41.434
791.26	41.429
791.43	41.450
791.61	41.450
791.79	41.436
791.96	41.478
792.14	41.441
792.32	41.462
792.49	41.435
792.67	41.366
792.85	41.332
793.02	41.389
793.20	41.365
793.38	41.345
793.55	41.355
793.73	41.395
793.91	41.394
794.08	41.406
794.26	41.377
794.44	41.392
794.61	41.386
794.79	41.450
794.97	41.402
795.14	41.429
795.32	41.397
795.49	41.427
795.67	41.407
795.85	41.492
796.02	41.523
796.20	41.604
796.38	41.617
796.55	41.650
796.73	41.635
796.90	41.671
797.08	41.671
797.26	41.679
797.43	41.664
797.61	41.657
797.78	41.715
797.96	41.732
798.14	41.753
798.31	41.722
798.49	41.697
798.66	41.801
798.84	41.769
799.02	41.804
799.19	41.904
799.37	41.902
799.54	41.875
799.72	41.844
799.90	41.839
800.07	41.868
800.25	41.836
800.42	41.864
800.60	41.891
800.78	41.849
800.95	41.847
801.13	41.803
801.30	41.838
801.48	41.839
801.65	41.839
801.83	41.855
802.01	41.878
802.18	41.849
802.36	41.790
802.53	41.809
802.71	41.868
802.88	41.778
803.06	41.740
803.23	41.730
803.41	41.752
803.59	41.698
803.76	41.690
803.94	41.717
804.11	41.676
804.29	41.624
804.46	41.705
804.64	41.687
804.81	41.731
804.99	41.723
805.16	41.686
805.34	41.706
805.52	41.676
805.69	41.752
805.87	41.784
806.04	41.811
806.22	41.796
806.39	41.775
806.57	41.764
806.74	41.811
806.92	41.793
807.09	41.755
807.27	41.755
807.44	41.776
807.62	41.809
807.79	41.886
807.97	41.843
808.14	41.791
808.32	41.867
808.49	41.870
808.67	41.926
808.84	41.939
809.02	41.950
809.19	41.965
809.37	41.934
809.54	41.975
809.72	41.982
809.89	42.014
810.07	41.970
810.24	41.957
810.42	41.975
810.59	42.029
810.77	42.073
810.94	42.077
811.12	42.046
811.29	42.003
811.47	41.977
811.64	42.071
811.82	42.064
811.99	42.065
812.16	42.056
812.34	41.992
812.51	41.990
812.69	41.966
812.86	42.002
813.04	42.031
813.21	42.066
813.39	42.028
813.56	42.063
813.74	42.145
813.91	42.249
814.08	42.255
814.26	42.225
814.43	42.217
814.61	42.255
814.78	42.241
814.96	42.189
815.13	42.199
815.31	42.149
815.48	42.194
815.65	42.155
815.83	42.122
816.00	42.184
816.18	42.155
816.35	42.208
816.53	42.189
816.70	42.156
816.87	42.112
817.05	42.182
817.22	42.176
817.40	42.080
817.57	41.998
817.74	42.067
817.92	42.115
818.09	42.108
818.27	42.183
818.44	42.233
818.62	42.212
818.79	42.265
818.96	42.304
819.14	42.298
819.31	42.368
819.49	42.399
819.66	42.383
819.83	42.441
820.01	42.474
820.18	42.450
820.35	42.408
820.53	42.433
820.70	42.464
820.88	42.463
821.05	42.626
821.22	42.670
821.40	42.562
821.57	42.543
821.74	42.539
821.92	42.501
822.09	42.521
822.27	42.683
822.44	42.591
822.61	42.609
822.79	42.654
822.96	42.616
823.13	42.645
823.31	42.627
823.48	42.603
823.65	42.588
823.83	42.677
824.00	42.634
824.17	42.600
824.35	42.643
824.52	42.650
824.69	42.601
824.87	42.593
825.04	42.705
825.22	42.744
825.39	42.784
825.56	42.758
825.74	42.802
825.91	42.793
826.08	42.810
826.25	42.829
826.43	42.798
826.60	42.810
826.77	42.862
826.95	42.902
827.12	42.932
827.29	42.908
827.47	42.913
827.64	42.979
827.81	43.008
827.99	42.956
828.16	43.013
828.33	42.983
828.51	42.910
828.68	42.903
828.85	42.839
829.02	42.790
829.20	42.828
829.37	42.790
829.54	42.867
829.72	42.948
829.89	42.913
830.06	42.961
830.23	42.949
830.41	42.946
830.58	42.906
830.75	42.892
830.93	42.906
831.10	42.893
831.27	42.977
831.44	42.932
831.62	42.880
831.79	42.746
831.96	42.782
832.13	42.905
832.31	42.878
832.48	42.928
832.65	43.008
832.83	42.958
833.00	42.887
833.17	42.772
833.34	42.739
833.52	42.690
833.69	42.679
833.86	42.699
834.03	42.672
834.21	42.693
834.38	42.738
834.55	42.769
834.72	42.743
834.89	42.610
835.07	42.717
835.24	42.794
835.41	42.850
835.58	42.842
835.76	42.778
835.93	42.826
836.10	42.851
836.27	42.860
836.45	42.898
836.62	43.047
836.79	43.046
836.96	43.054
837.13	43.047
837.31	43.058
837.48	43.064
837.65	43.106
837.82	43.136
837.99	43.106
838.17	43.026
838.34	43.110
838.51	43.251
838.68	43.163
838.85	43.132
839.03	43.227
839.20	43.151
839.37	43.230
839.54	43.158
839.71	43.197
839.89	43.179
840.06	43.191
840.23	43.125
840.40	43.112
840.57	43.121
840.74	43.196
840.92	43.227
841.09	43.217
841.26	43.190
841.43	43.205
841.60	43.271
841.78	43.384
841.95	43.369
842.12	43.402
842.29	43.402
842.46	43.358
842.63	43.329
842.80	43.323
842.98	43.337
843.15	43.294
843.32	43.222
843.49	43.269
843.66	43.190
843.83	43.250
844.00	43.267
844.18	43.231
844.35	43.232
844.52	43.314
844.69	43.215
844.86	43.293
845.03	43.255
845.20	43.296
845.38	43.217
845.55	43.302
845.72	43.223
845.89	43.250
846.06	43.255
846.23	43.233
846.40	43.320
846.57	43.261
846.75	43.470
846.92	43.578
847.09	43.541
847.26	43.600
847.43	43.586
847.60	43.604
847.77	43.615
847.94	43.660
848.11	43.513
848.28	43.648
848.46	43.582
848.63	43.629
848.80	43.505
848.97	43.470
849.14	43.450
849.31	43.476
849.48	43.520
849.65	43.526
849.82	43.506
849.99	43.522
850.16	43.498
850.33	43.309
850.51	43.292
850.68	43.262
850.85	43.219
851.02	43.130
851.19	43.186
851.36	43.254
851.53	43.210
851.70	43.193
851.87	43.214
852.04	43.222
852.21	43.202
852.38	43.238
852.55	43.344
852.72	43.210
852.89	43.255
853.06	43.298
853.24	43.433
853.41	43.488
853.58	43.483
853.75	43.480
853.92	43.513
854.09	43.440
854.26	43.576
854.43	43.747
854.60	43.765
854.77	43.693
854.94	43.665
855.11	43.726
855.28	43.746
855.45	43.735
855.62	43.726
855.79	43.699
855.96	43.728
856.13	43.695
856.30	43.820
856.47	43.820
856.64	43.841
856.81	43.723
856.98	43.693
857.15	43.688
857.32	43.782
857.49	43.905
857.66	43.885
857.83	43.776
858.00	43.739
858.17	43.877
858.34	43.910
858.51	44.015
858.68	43.947
858.85	44.036
859.02	44.002
859.19	44.096
859.36	44.219
859.53	44.240
859.70	44.243
859.87	44.114
860.04	44.127
860.21	44.062
860.38	44.068
860.55	44.124
860.72	44.170
860.89	44.157
861.06	44.172
861.23	44.151
861.40	44.241
861.56	44.247
861.73	44.172
861.90	44.274
862.07	44.163
862.24	44.234
862.41	44.207
862.58	44.215
862.75	44.093
862.92	43.993
863.09	43.935
863.26	43.982
863.43	44.076
863.60	44.004
863.77	44.025
863.94	44.048
864.11	43.985
864.28	44.026
864.44	44.054
864.61	43.930
864.78	43.952
864.95	43.735
865.12	43.650
865.29	43.619
865.46	43.524
865.63	43.536
865.80	43.462
865.97	43.396
866.14	43.392
866.31	43.457
866.47	43.563
866.64	43.654
866.81	43.592
866.98	43.409
867.15	43.520
867.32	43.497
867.49	43.477
867.66	43.463
867.83	43.361
867.99	43.458
868.16	43.543
868.33	43.592
868.50	43.848
868.67	43.985
868.84	44.144
869.01	44.157
869.18	44.046
869.35	44.142
869.51	44.277
869.68	44.401
869.85	44.603
870.02	44.533
870.19	44.572
870.36	44.589
870.53	44.817
870.69	44.711
870.86	44.762
871.03	44.769
871.20	44.854
871.37	44.981
871.54	44.914
871.71	44.826
871.87	44.899
872.04	44.869
872.21	44.826
872.38	44.822
872.55	44.817
872.72	44.961
872.88	45.092
873.05	44.966
873.22	44.874
873.39	44.419
873.56	44.399
873.73	44.287
873.89	44.305
874.06	44.243
874.23	44.298
874.40	44.359
874.57	44.480
874.73	44.534
874.90	44.383
875.07	44.393
875.24	44.628
875.41	44.528
875.57	44.317
875.74	44.162
875.91	44.301
876.08	44.223
876.25	44.152
876.41	44.059
876.58	44.056
876.75	44.115
876.92	44.262
877.09	44.220
877.25	44.267
877.42	44.397
877.59	44.492
877.76	44.568
877.93	44.425
878.09	44.418
878.26	44.370
878.43	44.450
878.60	44.510
878.76	44.254
878.93	44.214
879.10	44.486
879.27	44.662
879.43	44.352
879.60	44.445
879.77	44.725
879.94	44.646
880.10	44.723
880.27	44.682
880.44	44.918
880.61	45.088
880.77	45.194
880.94	45.211
881.11	44.969
881.28	44.856
881.44	44.999
881.61	44.974
881.78	44.980
881.95	44.901
882.11	44.811
882.28	44.862
882.45	44.936
882.62	44.822
882.78	44.663
882.95	44.667
883.12	44.549
883.28	44.356
883.45	44.278
883.62	44.293
883.79	44.343
883.95	44.137
884.12	44.060
884.29	44.026
884.45	44.147
884.62	44.293
884.79	44.274
884.96	44.210
885.12	44.180
885.29	44.926
885.46	45.195
885.62	42.116
885.79	44.960
885.96	46.048
886.12	48.998
886.29	43.964
886.46	43.135
886.62	44.305
886.79	44.787
