178.99	-0.000
179.20	-0.000
179.42	-0.000
179.63	-0.000
179.84	-0.301
180.06	0.073
180.27	-0.000
180.49	-0.000
180.70	-0.072
180.92	-0.000
181.13	0.841
181.35	0.477
181.56	0.399
181.77	0.162
181.99	0.208
182.20	0.213
182.42	0.132
182.63	0.085
182.85	0.092
183.06	0.062
183.28	0.140
183.49	0.164
183.70	0.148
183.92	0.170
184.13	0.122
184.35	0.080
184.56	0.082
184.78	0.088
184.99	0.124
185.21	0.159
185.42	0.125
185.63	0.143
185.85	0.166
186.06	0.162
186.28	0.183
186.49	0.199
186.71	0.201
186.92	0.213
187.13	0.224
187.35	0.221
187.56	0.222
187.78	0.200
187.99	0.153
188.21	0.124
188.42	0.106
188.63	0.092
188.85	0.083
189.06	0.110
189.28	0.111
189.49	0.098
189.71	0.113
189.92	0.115
190.13	0.124
190.35	0.090
190.56	0.114
190.78	0.138
190.99	0.105
191.20	0.121
191.42	0.127
191.63	0.144
191.85	0.135
192.06	0.151
192.28	0.148
192.49	0.171
192.70	0.138
192.92	0.126
193.13	0.148
193.35	0.200
193.56	0.205
193.77	0.183
193.99	0.168
194.20	0.212
194.42	0.211
194.63	0.196
194.84	0.210
195.06	0.207
195.27	0.181
195.49	0.210
195.70	0.194
195.91	0.236
196.13	0.256
196.34	0.248
196.56	0.209
196.77	0.228
196.98	0.202
197.20	0.253
197.41	0.269
197.63	0.263
197.84	0.216
198.05	0.233
198.27	0.248
198.48	0.209
198.70	0.147
198.91	0.169
199.12	0.205
199.34	0.232
199.55	0.228
199.76	0.238
199.98	0.267
200.19	0.253
200.41	0.162
200.62	0.146
200.83	0.140
201.05	0.171
201.26	0.121
201.48	0.143
201.69	0.177
201.90	0.176
202.12	0.123
202.33	0.107
202.54	0.133
202.76	0.115
202.97	0.135
203.19	0.145
203.40	0.166
203.61	0.159
203.83	0.138
204.04	0.106
204.25	0.139
204.47	0.145
204.68	0.136
204.89	0.188
205.11	0.138
205.32	0.125
205.54	0.130
205.75	0.167
205.96	0.155
206.18	0.124
206.39	0.127
206.60	0.138
206.82	0.114
207.03	0.043
207.24	0.065
207.46	0.058
207.67	0.032
207.89	0.030
208.10	0.041
208.31	0.065
208.53	0.098
208.74	0.070
208.95	0.042
209.17	0.058
209.38	0.086
209.59	0.109
209.81	0.165
210.02	0.190
210.23	0.211
210.45	0.210
210.66	0.237
210.87	0.223
211.09	0.220
211.30	0.245
211.51	0.288
211.73	0.220
211.94	0.274
212.15	0.305
212.37	0.379
212.58	0.340
212.79	0.395
213.01	0.384
213.22	0.404
213.43	0.385
213.65	0.403
213.86	0.335
214.07	0.341
214.29	0.304
214.50	0.314
214.71	0.270
214.93	0.258
215.14	0.261
215.35	0.267
215.57	0.308
215.78	0.318
215.99	0.342
216.21	0.374
216.42	0.397
216.63	0.485
216.85	0.414
217.06	0.433
217.27	0.359
217.49	0.359
217.70	0.292
217.91	0.311
218.13	0.309
218.34	0.338
218.55	0.319
218.77	0.349
218.98	0.371
219.19	0.360
219.40	0.372
219.62	0.326
219.83	0.320
220.04	0.282
220.26	0.267
220.47	0.240
220.68	0.221
220.90	0.214
221.11	0.142
221.32	0.115
221.54	0.103
221.75	0.094
221.96	0.124
222.17	0.127
222.39	0.115
222.60	0.113
222.81	0.117
223.03	0.116
223.24	0.104
223.45	0.087
223.67	0.108
223.88	0.122
224.09	0.158
224.30	0.148
224.52	0.134
224.73	0.153
224.94	0.150
225.16	0.202
225.37	0.209
225.58	0.267
225.79	0.368
226.01	0.322
226.22	0.370
226.43	0.322
226.65	0.387
226.86	0.379
227.07	0.405
227.28	0.344
227.50	0.328
227.71	0.328
227.92	0.300
228.14	0.237
228.35	0.233
228.56	0.197
228.77	0.249
228.99	0.354
229.20	0.252
229.41	0.314
229.62	0.296
229.84	0.279
230.05	0.243
230.26	0.216
230.48	0.262
230.69	0.301
230.90	0.267
231.11	0.262
231.33	0.258
231.54	0.296
231.75	0.338
231.96	0.350
232.18	0.355
232.39	0.358
232.60	0.449
232.81	0.474
233.03	0.488
233.24	0.462
233.45	0.392
233.66	0.508
233.88	0.436
234.09	0.486
234.30	0.421
234.51	0.444
234.73	0.336
234.94	0.351
235.15	0.319
235.36	0.338
235.58	0.313
235.79	0.330
236.00	0.248
236.21	0.203
236.43	0.218
236.64	0.248
236.85	0.232
237.06	0.185
237.28	0.164
237.49	0.112
237.70	0.086
237.91	0.107
238.13	0.082
238.34	0.101
238.55	0.056
238.76	0.076
238.98	0.103
239.19	0.096
239.40	0.078
239.61	0.053
239.83	0.037
240.04	-0.008
240.25	-0.032
240.46	0.022
240.67	0.031
240.89	0.040
241.10	-0.002
241.31	0.023
241.52	0.104
241.74	0.058
241.95	0.128
242.16	0.183
242.37	0.170
242.58	0.178
242.80	0.236
243.01	0.213
243.22	0.193
243.43	0.293
243.65	0.304
243.86	0.384
244.07	0.396
244.28	0.593
244.49	0.930
244.71	1.372
244.92	1.307
245.13	1.004
245.34	1.642
245.55	1.822
245.77	0.954
245.98	0.673
246.19	0.690
246.40	0.769
246.62	0.556
246.83	0.563
247.04	0.518
247.25	0.328
247.46	0.446
247.68	0.346
247.89	0.149
248.10	0.136
248.31	0.115
248.52	0.143
248.74	0.078
248.95	0.058
249.16	0.101
249.37	0.040
249.58	0.055
249.79	0.042
250.01	0.063
250.22	0.071
250.43	0.074
250.64	0.112
250.85	0.111
251.07	0.150
251.28	0.090
251.49	0.124
251.70	0.154
251.91	0.183
252.13	0.190
252.34	0.277
252.55	0.360
252.76	0.324
252.97	0.341
253.18	0.329
253.40	0.346
253.61	0.281
253.82	0.303
254.03	0.343
254.24	0.311
254.46	0.317
254.67	0.335
254.88	0.373
255.09	0.363
255.30	0.330
255.51	0.323
255.73	0.357
255.94	0.361
256.15	0.368
256.36	0.329
256.57	0.367
256.78	0.367
257.00	0.309
257.21	0.280
257.42	0.267
257.63	0.268
257.84	0.247
258.05	0.283
258.26	0.350
258.48	0.270
258.69	0.296
258.90	0.257
259.11	0.196
259.32	0.182
259.53	0.153
259.75	0.136
259.96	0.140
260.17	0.114
260.38	0.096
260.59	0.110
260.80	0.135
261.01	0.126
261.23	0.080
261.44	0.088
261.65	0.123
261.86	0.108
262.07	0.100
262.28	0.146
262.49	0.110
262.71	0.035
262.92	0.035
263.13	0.020
263.34	0.051
263.55	0.096
263.76	0.081
263.97	0.107
264.19	0.070
264.40	0.073
264.61	0.075
264.82	0.112
265.03	0.106
265.24	0.109
265.45	0.099
265.66	0.104
265.88	0.147
266.09	0.141
266.30	0.121
266.51	0.128
266.72	0.106
266.93	0.131
267.14	0.158
267.35	0.169
267.57	0.167
267.78	0.178
267.99	0.149
268.20	0.151
268.41	0.145
268.62	0.169
268.83	0.181
269.04	0.181
269.25	0.144
269.47	0.133
269.68	0.102
269.89	0.118
270.10	0.110
270.31	0.085
270.52	0.066
270.73	0.061
270.94	0.081
271.15	0.071
271.37	0.074
271.58	0.086
271.79	0.084
272.00	0.052
272.21	0.055
272.42	0.078
272.63	0.065
272.84	0.048
273.05	0.070
273.26	0.057
273.48	0.051
273.69	0.042
273.90	0.037
274.11	0.055
274.32	0.055
274.53	0.064
274.74	0.054
274.95	0.081
275.16	0.109
275.37	0.137
275.58	0.145
275.80	0.151
276.01	0.151
276.22	0.124
276.43	0.128
276.64	0.116
276.85	0.123
277.06	0.143
277.27	0.171
277.48	0.146
277.69	0.114
277.90	0.143
278.11	0.138
278.32	0.206
278.54	0.238
278.75	0.285
278.96	0.327
279.17	0.349
279.38	0.312
279.59	0.289
279.80	0.188
280.01	0.184
280.22	0.151
280.43	0.161
280.64	0.173
280.85	0.181
281.06	0.193
281.27	0.159
281.48	0.128
281.70	0.139
281.91	0.149
282.12	0.189
282.33	0.152
282.54	0.144
282.75	0.107
282.96	0.055
283.17	0.037
283.38	-0.000
283.59	-0.046
283.80	-0.045
284.01	-0.083
284.22	-0.059
284.43	-0.048
284.64	0.005
284.85	0.020
285.06	0.017
285.27	0.041
285.48	0.044
285.70	0.050
285.91	0.094
286.12	0.063
286.33	0.087
286.54	0.076
286.75	0.119
286.96	0.174
287.17	0.180
287.38	0.212
287.59	0.201
287.80	0.234
288.01	0.279
288.22	0.285
288.43	0.278
288.64	0.325
288.85	0.304
289.06	0.270
289.27	0.297
289.48	0.292
289.69	0.316
289.90	0.289
290.11	0.294
290.32	0.263
290.53	0.269
290.74	0.279
290.95	0.280
291.16	0.260
291.37	0.221
291.58	0.228
291.79	0.225
292.00	0.208
292.21	0.240
292.42	0.202
292.63	0.200
292.84	0.251
293.05	0.222
293.26	0.204
293.47	0.199
293.68	0.190
293.89	0.195
294.10	0.169
294.31	0.155
294.52	0.113
294.73	0.131
294.95	0.126
295.16	0.119
295.37	0.144
295.58	0.141
295.79	0.175
295.99	0.165
296.20	0.148
296.41	0.162
296.62	0.158
296.83	0.255
297.04	0.258
297.25	0.198
297.46	0.230
297.67	0.223
297.88	0.203
298.09	0.157
298.30	0.158
298.51	0.229
298.72	0.216
298.93	0.233
299.14	0.197
299.35	0.225
299.56	0.221
299.77	0.188
299.98	0.216
300.19	0.208
300.40	0.238
300.61	0.236
300.82	0.218
301.03	0.182
301.24	0.173
301.45	0.170
301.66	0.158
301.87	0.135
302.08	0.164
302.29	0.178
302.50	0.186
302.71	0.157
302.92	0.140
303.13	0.170
303.34	0.155
303.55	0.171
303.76	0.173
303.97	0.142
304.18	0.209
304.39	0.206
304.60	0.173
304.81	0.126
305.02	0.167
305.22	0.190
305.43	0.197
305.64	0.174
305.85	0.156
306.06	0.207
306.27	0.214
306.48	0.221
306.69	0.233
306.90	0.263
307.11	0.268
307.32	0.221
307.53	0.198
307.74	0.237
307.95	0.238
308.16	0.195
308.37	0.214
308.58	0.133
308.79	0.107
309.00	0.117
309.21	0.127
309.41	0.098
309.62	0.121
309.83	0.114
310.04	0.071
310.25	0.123
310.46	0.153
310.67	0.146
310.88	0.137
311.09	0.104
311.30	0.066
311.51	0.071
311.72	0.072
311.93	0.037
312.14	0.068
312.34	0.068
312.55	0.085
312.76	0.110
312.97	0.163
313.18	0.195
313.39	0.180
313.60	0.166
313.81	0.155
314.02	0.118
314.23	0.127
314.44	0.135
314.65	0.108
314.86	0.098
315.06	0.104
315.27	0.069
315.48	0.116
315.69	0.168
315.90	0.155
316.11	0.156
316.32	0.188
316.53	0.163
316.74	0.168
316.95	0.181
317.16	0.162
317.36	0.160
317.57	0.153
317.78	0.190
317.99	0.203
318.20	0.243
318.41	0.247
318.62	0.252
318.83	0.248
319.04	0.267
319.24	0.259
319.45	0.302
319.66	0.347
319.87	0.305
320.08	0.313
320.29	0.392
320.50	0.372
320.71	0.401
320.92	0.332
321.12	0.328
321.33	0.308
321.54	0.310
321.75	0.300
321.96	0.292
322.17	0.232
322.38	0.229
322.59	0.217
322.80	0.224
323.00	0.223
323.21	0.236
323.42	0.216
323.63	0.194
323.84	0.121
324.05	0.121
324.26	0.130
324.47	0.131
324.67	0.104
324.88	0.123
325.09	0.124
325.30	0.143
325.51	0.125
325.72	0.130
325.93	0.121
326.13	0.126
326.34	0.130
326.55	0.171
326.76	0.174
326.97	0.160
327.18	0.162
327.39	0.159
327.59	0.160
327.80	0.162
328.01	0.189
328.22	0.207
328.43	0.201
328.64	0.218
328.85	0.208
329.05	0.208
329.26	0.206
329.47	0.194
329.68	0.205
329.89	0.254
330.10	0.252
330.30	0.268
330.51	0.249
330.72	0.253
330.93	0.235
331.14	0.221
331.35	0.224
331.56	0.229
331.76	0.233
331.97	0.223
332.18	0.211
332.39	0.200
332.60	0.191
332.81	0.196
333.01	0.188
333.22	0.187
333.43	0.177
333.64	0.161
333.85	0.167
334.05	0.176
334.26	0.176
334.47	0.161
334.68	0.149
334.89	0.143
335.10	0.147
335.30	0.154
335.51	0.162
335.72	0.159
335.93	0.163
336.14	0.157
336.35	0.163
336.55	0.156
336.76	0.163
336.97	0.176
337.18	0.173
337.39	0.187
337.59	0.179
337.80	0.180
338.01	0.191
338.22	0.199
338.43	0.183
338.63	0.164
338.84	0.178
339.05	0.181
339.26	0.190
339.47	0.196
339.67	0.199
339.88	0.200
340.09	0.209
340.30	0.206
340.51	0.216
340.71	0.215
340.92	0.215
341.13	0.206
341.34	0.213
341.55	0.211
341.75	0.206
341.96	0.215
342.17	0.214
342.38	0.218
342.58	0.213
342.79	0.223
343.00	0.233
343.21	0.227
343.42	0.231
343.62	0.232
343.83	0.220
344.04	0.219
344.25	0.222
344.46	0.225
344.66	0.229
344.87	0.229
345.08	0.227
345.29	0.239
345.49	0.245
345.70	0.242
345.91	0.250
346.12	0.254
346.32	0.260
346.53	0.268
346.74	0.266
346.95	0.270
347.16	0.268
347.36	0.267
347.57	0.272
347.78	0.273
347.99	0.277
348.19	0.283
348.40	0.281
348.61	0.284
348.82	0.289
349.02	0.285
349.23	0.286
349.44	0.294
349.65	0.293
349.85	0.296
350.06	0.299
350.27	0.301
350.48	0.305
350.68	0.305
350.89	0.301
351.10	0.304
351.31	0.304
351.51	0.305
351.72	0.309
351.93	0.312
352.14	0.311
352.34	0.312
352.55	0.313
352.76	0.316
352.96	0.319
353.17	0.317
353.38	0.321
353.59	0.319
353.79	0.326
354.00	0.325
354.21	0.328
354.42	0.331
354.62	0.329
354.83	0.330
355.04	0.326
355.24	0.329
355.45	0.332
355.66	0.334
355.87	0.336
356.07	0.331
356.28	0.333
356.49	0.339
356.70	0.339
356.90	0.340
357.11	0.343
357.32	0.346
357.52	0.349
357.73	0.353
357.94	0.357
358.15	0.353
358.35	0.352
358.56	0.353
358.77	0.353
358.97	0.355
359.18	0.351
359.39	0.357
359.59	0.360
359.80	0.364
360.01	0.366
360.22	0.364
360.42	0.369
360.63	0.369
360.84	0.369
361.04	0.368
361.25	0.373
361.46	0.372
361.66	0.366
361.87	0.366
362.08	0.368
362.29	0.368
362.49	0.370
362.70	0.376
362.91	0.376
363.11	0.376
363.32	0.376
363.53	0.378
363.73	0.379
363.94	0.380
364.15	0.378
364.35	0.382
364.56	0.385
364.77	0.388
364.97	0.387
365.18	0.388
365.39	0.395
365.59	0.393
365.80	0.393
366.01	0.398
366.21	0.401
366.42	0.399
366.63	0.400
366.83	0.401
367.04	0.400
367.25	0.402
367.45	0.405
367.66	0.408
367.87	0.411
368.07	0.410
368.28	0.412
368.49	0.412
368.69	0.411
368.90	0.413
369.11	0.413
369.31	0.414
369.52	0.413
369.73	0.412
369.93	0.415
370.14	0.417
370.35	0.416
370.55	0.416
370.76	0.417
370.97	0.419
371.17	0.423
371.38	0.423
371.58	0.424
371.79	0.424
372.00	0.425
372.20	0.428
372.41	0.429
372.62	0.428
372.82	0.428
373.03	0.431
373.24	0.432
373.44	0.434
373.65	0.435
373.85	0.436
374.06	0.438
374.27	0.438
374.47	0.441
374.68	0.443
374.89	0.444
375.09	0.445
375.30	0.445
375.51	0.445
375.71	0.448
375.92	0.451
376.12	0.451
376.33	0.450
376.54	0.450
376.74	0.454
376.95	0.455
377.15	0.458
377.36	0.460
377.57	0.460
377.77	0.461
377.98	0.463
378.19	0.467
378.39	0.467
378.60	0.469
378.80	0.469
379.01	0.470
379.22	0.471
379.42	0.472
379.63	0.474
379.83	0.474
380.04	0.474
380.25	0.473
380.45	0.475
380.66	0.476
380.86	0.476
381.07	0.476
381.28	0.478
381.48	0.478
381.69	0.478
381.89	0.480
382.10	0.481
382.31	0.482
382.51	0.480
382.72	0.479
382.92	0.478
383.13	0.478
383.33	0.479
383.54	0.479
383.75	0.478
383.95	0.479
384.16	0.480
384.36	0.481
384.57	0.483
384.78	0.483
384.98	0.484
385.19	0.484
385.39	0.485
385.60	0.487
385.80	0.487
386.01	0.488
386.22	0.489
386.42	0.489
386.63	0.490
386.83	0.492
387.04	0.495
387.24	0.499
387.45	0.501
387.65	0.504
387.86	0.506
388.07	0.508
388.27	0.508
388.48	0.509
388.68	0.508
388.89	0.510
389.09	0.512
389.30	0.513
389.50	0.515
389.71	0.515
389.92	0.514
390.12	0.514
390.33	0.515
390.53	0.515
390.74	0.519
390.94	0.520
391.15	0.521
391.35	0.521
391.56	0.521
391.77	0.522
391.97	0.521
392.18	0.522
392.38	0.524
392.59	0.524
392.79	0.524
393.00	0.528
393.20	0.529
393.41	0.530
393.61	0.532
393.82	0.535
394.02	0.536
394.23	0.538
394.43	0.540
394.64	0.542
394.84	0.544
395.05	0.544
395.26	0.546
395.46	0.548
395.67	0.550
395.87	0.551
396.08	0.553
396.28	0.555
396.49	0.557
396.69	0.558
396.90	0.560
397.10	0.562
397.31	0.562
397.51	0.563
397.72	0.564
397.92	0.565
398.13	0.564
398.33	0.566
398.54	0.569
398.74	0.571
398.95	0.574
399.15	0.576
399.36	0.578
399.56	0.579
399.77	0.579
399.97	0.582
400.18	0.584
400.38	0.585
400.59	0.587
400.79	0.588
401.00	0.590
401.20	0.592
401.41	0.595
401.61	0.598
401.82	0.600
402.02	0.600
402.23	0.601
402.43	0.605
402.64	0.606
402.84	0.608
403.05	0.609
403.25	0.609
403.46	0.610
403.66	0.611
403.87	0.613
404.07	0.617
404.27	0.618
404.48	0.619
404.68	0.620
404.89	0.621
405.09	0.621
405.30	0.623
405.50	0.623
405.71	0.625
405.91	0.625
406.12	0.626
406.32	0.630
406.53	0.634
406.73	0.635
406.94	0.637
407.14	0.638
407.34	0.639
407.55	0.641
407.75	0.643
407.96	0.643
408.16	0.644
408.37	0.645
408.57	0.648
408.78	0.650
408.98	0.653
409.19	0.654
409.39	0.657
409.59	0.659
409.80	0.663
410.00	0.664
410.21	0.667
410.41	0.670
410.62	0.669
410.82	0.671
411.03	0.672
411.23	0.672
411.43	0.674
411.64	0.677
411.84	0.678
412.05	0.680
412.25	0.683
412.46	0.686
412.66	0.689
412.86	0.690
413.07	0.691
413.27	0.692
413.48	0.695
413.68	0.698
413.89	0.700
414.09	0.701
414.29	0.703
414.50	0.705
414.70	0.705
414.91	0.707
415.11	0.709
415.32	0.712
415.52	0.714
415.72	0.717
415.93	0.719
416.13	0.721
416.34	0.722
416.54	0.724
416.74	0.724
416.95	0.724
417.15	0.726
417.36	0.727
417.56	0.729
417.76	0.732
417.97	0.732
418.17	0.734
418.38	0.734
418.58	0.737
418.78	0.738
418.99	0.739
419.19	0.742
419.40	0.743
419.60	0.744
419.80	0.746
420.01	0.745
420.21	0.745
420.42	0.745
420.62	0.747
420.82	0.748
421.03	0.751
421.23	0.754
421.44	0.754
421.64	0.756
421.84	0.758
422.05	0.757
422.25	0.759
422.45	0.760
422.66	0.760
422.86	0.761
423.07	0.761
423.27	0.763
423.47	0.765
423.68	0.767
423.88	0.767
424.08	0.768
424.29	0.770
424.49	0.771
424.70	0.773
424.90	0.774
425.10	0.776
425.31	0.777
425.51	0.777
425.71	0.779
425.92	0.780
426.12	0.779
426.32	0.782
426.53	0.783
426.73	0.783
426.93	0.785
427.14	0.786
427.34	0.788
427.55	0.789
427.75	0.790
427.95	0.789
428.16	0.791
428.36	0.793
428.56	0.794
428.77	0.795
428.97	0.796
429.17	0.796
429.38	0.795
429.58	0.797
429.78	0.799
429.99	0.798
430.19	0.800
430.39	0.802
430.60	0.803
430.80	0.804
431.00	0.806
431.21	0.807
431.41	0.808
431.61	0.809
431.82	0.809
432.02	0.808
432.22	0.810
432.43	0.811
432.63	0.810
432.83	0.810
433.04	0.810
433.24	0.811
433.44	0.813
433.65	0.813
433.85	0.813
434.05	0.812
434.25	0.813
434.46	0.812
434.66	0.812
434.86	0.812
435.07	0.811
435.27	0.811
435.47	0.811
435.68	0.810
435.88	0.809
436.08	0.809
436.29	0.809
436.49	0.809
436.69	0.808
436.89	0.808
437.10	0.808
437.30	0.809
437.50	0.808
437.71	0.805
437.91	0.806
438.11	0.806
438.32	0.806
438.52	0.807
438.72	0.806
438.92	0.804
439.13	0.803
439.33	0.804
439.53	0.803
439.74	0.803
439.94	0.804
440.14	0.805
440.34	0.804
440.55	0.805
440.75	0.804
440.95	0.804
441.15	0.804
441.36	0.804
441.56	0.804
441.76	0.804
441.97	0.804
442.17	0.805
442.37	0.803
442.57	0.804
442.78	0.802
442.98	0.802
443.18	0.802
443.38	0.800
443.59	0.800
443.79	0.799
443.99	0.799
444.19	0.798
444.40	0.796
444.60	0.796
444.80	0.795
445.00	0.794
445.21	0.793
445.41	0.792
445.61	0.791
445.81	0.789
446.02	0.787
446.22	0.786
446.42	0.784
446.62	0.783
446.83	0.782
447.03	0.781
447.23	0.781
447.43	0.781
447.64	0.781
447.84	0.779
448.04	0.777
448.24	0.776
448.45	0.775
448.65	0.775
448.85	0.775
449.05	0.774
449.26	0.773
449.46	0.773
449.66	0.773
449.86	0.771
450.06	0.770
450.27	0.770
450.47	0.770
450.67	0.770
450.87	0.770
451.08	0.769
451.28	0.769
451.48	0.767
451.68	0.766
451.88	0.766
452.09	0.766
452.29	0.765
452.49	0.764
452.69	0.764
452.89	0.762
453.10	0.761
453.30	0.760
453.50	0.759
453.70	0.759
453.90	0.758
454.11	0.758
454.31	0.757
454.51	0.757
454.71	0.756
454.91	0.754
455.12	0.753
455.32	0.753
455.52	0.752
455.72	0.750
455.92	0.750
456.13	0.748
456.33	0.747
456.53	0.746
456.73	0.745
456.93	0.743
457.14	0.743
457.34	0.741
457.54	0.741
457.74	0.740
457.94	0.739
458.14	0.738
458.35	0.737
458.55	0.736
458.75	0.734
458.95	0.733
459.15	0.732
459.36	0.731
459.56	0.729
459.76	0.727
459.96	0.727
460.16	0.726
460.36	0.725
460.57	0.725
460.77	0.723
460.97	0.721
461.17	0.721
461.37	0.719
461.57	0.718
461.77	0.717
461.98	0.715
462.18	0.714
462.38	0.712
462.58	0.710
462.78	0.710
462.98	0.709
463.19	0.708
463.39	0.706
463.59	0.707
463.79	0.704
463.99	0.704
464.19	0.702
464.39	0.701
464.60	0.700
464.80	0.698
465.00	0.698
465.20	0.697
465.40	0.695
465.60	0.695
465.80	0.693
466.01	0.692
466.21	0.691
466.41	0.691
466.61	0.690
466.81	0.690
467.01	0.689
467.21	0.687
467.41	0.687
467.62	0.685
467.82	0.683
468.02	0.683
468.22	0.682
468.42	0.681
468.62	0.679
468.82	0.678
469.02	0.677
469.22	0.675
469.43	0.674
469.63	0.674
469.83	0.673
470.03	0.672
470.23	0.671
470.43	0.669
470.63	0.667
470.83	0.667
471.03	0.665
471.24	0.663
471.44	0.663
471.64	0.660
471.84	0.660
472.04	0.659
472.24	0.657
472.44	0.657
472.64	0.655
472.84	0.654
473.04	0.653
473.25	0.651
473.45	0.650
473.65	0.649
473.85	0.647
474.05	0.645
474.25	0.644
474.45	0.643
474.65	0.642
474.85	0.640
475.05	0.639
475.25	0.638
475.45	0.637
475.66	0.636
475.86	0.635
476.06	0.633
476.26	0.632
476.46	0.631
476.66	0.630
476.86	0.628
477.06	0.628
477.26	0.626
477.46	0.625
477.66	0.624
477.86	0.623
478.06	0.622
478.26	0.621
478.46	0.621
478.67	0.620
478.87	0.619
479.07	0.618
479.27	0.617
479.47	0.616
479.67	0.615
479.87	0.613
480.07	0.613
480.27	0.612
480.47	0.611
480.67	0.610
480.87	0.609
481.07	0.608
481.27	0.607
481.47	0.606
481.67	0.605
481.87	0.604
482.07	0.603
482.27	0.602
482.47	0.601
482.67	0.599
482.87	0.598
483.07	0.597
483.28	0.596
483.48	0.595
483.68	0.594
483.88	0.593
484.08	0.593
484.28	0.591
484.48	0.590
484.68	0.588
484.88	0.587
485.08	0.586
485.28	0.585
485.48	0.584
485.68	0.583
485.88	0.581
486.08	0.581
486.28	0.580
486.48	0.579
486.68	0.578
486.88	0.577
487.08	0.576
487.28	0.575
487.48	0.574
487.68	0.573
487.88	0.572
488.08	0.570
488.28	0.568
488.48	0.567
488.68	0.567
488.88	0.566
489.08	0.565
489.28	0.565
489.48	0.564
489.68	0.562
489.88	0.562
490.08	0.560
490.28	0.559
490.48	0.558
490.68	0.557
490.88	0.556
491.08	0.554
491.28	0.553
491.48	0.552
491.68	0.551
491.88	0.550
492.08	0.549
492.28	0.548
492.48	0.548
492.68	0.546
492.88	0.545
493.08	0.544
493.28	0.543
493.48	0.542
493.67	0.541
493.87	0.540
494.07	0.538
494.27	0.537
494.47	0.536
494.67	0.535
494.87	0.534
495.07	0.533
495.27	0.533
495.47	0.532
495.67	0.530
495.87	0.529
496.07	0.528
496.27	0.527
496.47	0.526
496.67	0.525
496.87	0.524
497.07	0.523
497.27	0.522
497.47	0.520
497.67	0.519
497.87	0.518
498.06	0.517
498.26	0.517
498.46	0.516
498.66	0.515
498.86	0.514
499.06	0.513
499.26	0.512
499.46	0.511
499.66	0.510
499.86	0.509
500.06	0.509
500.26	0.508
500.46	0.507
500.66	0.506
500.86	0.505
501.05	0.504
501.25	0.503
501.45	0.503
501.65	0.502
501.85	0.501
502.05	0.500
502.25	0.499
502.45	0.498
502.65	0.497
502.85	0.496
503.05	0.495
503.24	0.494
503.44	0.493
503.64	0.491
503.84	0.490
504.04	0.489
504.24	0.488
504.44	0.487
504.64	0.487
504.84	0.485
505.04	0.484
505.24	0.484
505.43	0.483
505.63	0.482
505.83	0.481
506.03	0.480
506.23	0.479
506.43	0.479
506.63	0.477
506.83	0.477
507.03	0.476
507.22	0.475
507.42	0.474
507.62	0.473
507.82	0.472
508.02	0.471
508.22	0.471
508.42	0.470
508.62	0.469
508.81	0.469
509.01	0.468
509.21	0.467
509.41	0.466
509.61	0.465
509.81	0.465
510.01	0.464
510.21	0.463
510.40	0.462
510.60	0.461
510.80	0.461
511.00	0.460
511.20	0.459
511.40	0.458
511.60	0.458
511.79	0.457
511.99	0.456
512.19	0.456
512.39	0.455
512.59	0.454
512.79	0.453
512.99	0.452
513.18	0.452
513.38	0.451
513.58	0.450
513.78	0.449
513.98	0.448
514.18	0.448
514.37	0.447
514.57	0.446
514.77	0.445
514.97	0.445
515.17	0.444
515.37	0.443
515.56	0.442
515.76	0.442
515.96	0.441
516.16	0.440
516.36	0.439
516.56	0.439
516.75	0.438
516.95	0.437
517.15	0.436
517.35	0.436
517.55	0.435
517.75	0.434
517.94	0.433
518.14	0.433
518.34	0.432
518.54	0.432
518.74	0.431
518.93	0.430
519.13	0.429
519.33	0.429
519.53	0.428
519.73	0.427
519.92	0.426
520.12	0.425
520.32	0.425
520.52	0.424
520.72	0.423
520.91	0.422
521.11	0.422
521.31	0.421
521.51	0.420
521.71	0.420
521.90	0.419
522.10	0.418
522.30	0.417
522.50	0.417
522.70	0.416
522.89	0.415
523.09	0.415
523.29	0.414
523.49	0.413
523.69	0.413
523.88	0.412
524.08	0.411
524.28	0.411
524.48	0.410
524.67	0.409
524.87	0.409
525.07	0.408
525.27	0.408
525.46	0.407
525.66	0.406
525.86	0.405
526.06	0.405
526.26	0.404
526.45	0.403
526.65	0.402
526.85	0.402
527.05	0.401
527.24	0.400
527.44	0.400
527.64	0.399
527.84	0.398
528.03	0.397
528.23	0.397
528.43	0.396
528.63	0.395
528.82	0.395
529.02	0.394
529.22	0.393
529.42	0.393
529.61	0.392
529.81	0.392
530.01	0.391
530.21	0.391
530.40	0.390
530.60	0.390
530.80	0.389
531.00	0.389
531.19	0.388
531.39	0.388
531.59	0.387
531.78	0.387
531.98	0.386
532.18	0.386
532.38	0.385
532.57	0.384
532.77	0.384
532.97	0.383
533.16	0.382
533.36	0.382
533.56	0.382
533.76	0.381
533.95	0.380
534.15	0.379
534.35	0.379
534.55	0.378
534.74	0.378
534.94	0.377
535.14	0.376
535.33	0.375
535.53	0.375
535.73	0.374
535.92	0.374
536.12	0.373
536.32	0.372
536.52	0.372
536.71	0.371
536.91	0.370
537.11	0.370
537.30	0.370
537.50	0.369
537.70	0.368
537.89	0.368
538.09	0.367
538.29	0.366
538.48	0.366
538.68	0.365
538.88	0.364
539.08	0.364
539.27	0.363
539.47	0.363
539.67	0.362
539.86	0.362
540.06	0.361
540.26	0.361
540.45	0.360
540.65	0.359
540.85	0.359
541.04	0.358
541.24	0.358
541.44	0.357
541.63	0.357
541.83	0.356
542.03	0.356
542.22	0.355
542.42	0.355
542.62	0.354
542.81	0.354
543.01	0.353
543.21	0.352
543.40	0.352
543.60	0.351
543.79	0.351
543.99	0.350
544.19	0.349
544.38	0.349
544.58	0.348
544.78	0.348
544.97	0.347
545.17	0.347
545.37	0.346
545.56	0.345
545.76	0.345
545.96	0.344
546.15	0.344
546.35	0.343
546.54	0.343
546.74	0.342
546.94	0.342
547.13	0.341
547.33	0.341
547.53	0.341
547.72	0.341
547.92	0.340
548.11	0.340
548.31	0.339
548.51	0.339
548.70	0.339
548.90	0.338
549.10	0.338
549.29	0.337
549.49	0.337
549.68	0.336
549.88	0.336
550.08	0.335
550.27	0.335
550.47	0.335
550.66	0.334
550.86	0.334
551.06	0.334
551.25	0.333
551.45	0.333
551.64	0.332
551.84	0.332
552.04	0.331
552.23	0.331
552.43	0.330
552.62	0.329
552.82	0.329
553.02	0.328
553.21	0.328
553.41	0.327
553.60	0.327
553.80	0.327
554.00	0.326
554.19	0.326
554.39	0.325
554.58	0.325
554.78	0.324
554.97	0.324
555.17	0.323
555.37	0.323
555.56	0.322
555.76	0.322
555.95	0.322
556.15	0.321
556.34	0.321
556.54	0.321
556.74	0.320
556.93	0.320
557.13	0.320
557.32	0.319
557.52	0.319
557.71	0.318
557.91	0.318
558.10	0.317
558.30	0.317
558.50	0.317
558.69	0.316
558.89	0.316
559.08	0.315
559.28	0.315
559.47	0.315
559.67	0.314
559.86	0.314
560.06	0.313
560.25	0.313
560.45	0.313
560.65	0.312
560.84	0.312
561.04	0.312
561.23	0.312
561.43	0.311
561.62	0.311
561.82	0.310
562.01	0.310
562.21	0.310
562.40	0.309
562.60	0.308
562.79	0.308
562.99	0.308
563.18	0.307
563.38	0.307
563.57	0.306
563.77	0.306
563.96	0.306
564.16	0.305
564.36	0.305
564.55	0.305
564.75	0.304
564.94	0.304
565.14	0.303
565.33	0.303
565.53	0.303
565.72	0.302
565.92	0.302
566.11	0.302
566.31	0.301
566.50	0.301
566.70	0.301
566.89	0.300
567.09	0.300
567.28	0.300
567.48	0.299
567.67	0.299
567.87	0.298
568.06	0.298
568.26	0.298
568.45	0.298
568.64	0.297
568.84	0.297
569.03	0.297
569.23	0.296
569.42	0.296
569.62	0.295
569.81	0.295
570.01	0.294
570.20	0.294
570.40	0.294
570.59	0.293
570.79	0.293
570.98	0.293
571.18	0.292
571.37	0.292
571.57	0.292
571.76	0.291
571.95	0.291
572.15	0.291
572.34	0.290
572.54	0.290
572.73	0.289
572.93	0.289
573.12	0.289
573.32	0.289
573.51	0.288
573.71	0.288
573.90	0.288
574.09	0.287
574.29	0.287
574.48	0.286
574.68	0.286
574.87	0.286
575.07	0.286
575.26	0.285
575.46	0.285
575.65	0.285
575.84	0.285
576.04	0.284
576.23	0.284
576.43	0.283
576.62	0.283
576.82	0.283
577.01	0.283
577.20	0.282
577.40	0.282
577.59	0.282
577.79	0.281
577.98	0.281
578.18	0.281
578.37	0.281
578.56	0.280
578.76	0.280
578.95	0.280
579.15	0.279
579.34	0.279
579.53	0.279
579.73	0.278
579.92	0.278
580.12	0.278
580.31	0.278
580.50	0.277
580.70	0.277
580.89	0.277
581.09	0.277
581.28	0.276
581.47	0.276
581.67	0.276
581.86	0.275
582.06	0.275
582.25	0.275
582.44	0.275
582.64	0.274
582.83	0.274
583.03	0.274
583.22	0.274
583.41	0.274
583.61	0.273
583.80	0.273
583.99	0.273
584.19	0.272
584.38	0.272
584.58	0.272
584.77	0.271
584.96	0.271
585.16	0.271
585.35	0.270
585.54	0.270
585.74	0.270
585.93	0.270
586.13	0.269
586.32	0.269
586.51	0.269
586.71	0.269
586.90	0.268
587.09	0.268
587.29	0.268
587.48	0.267
587.67	0.267
587.87	0.267
588.06	0.267
588.25	0.266
588.45	0.266
588.64	0.266
588.83	0.266
589.03	0.265
589.22	0.265
589.41	0.265
589.61	0.265
589.80	0.264
589.99	0.264
590.19	0.264
590.38	0.263
590.57	0.263
590.77	0.262
590.96	0.262
591.15	0.262
591.35	0.262
591.54	0.261
591.73	0.261
591.93	0.261
592.12	0.261
592.31	0.260
592.51	0.260
592.70	0.260
592.89	0.260
593.09	0.259
593.28	0.259
593.47	0.259
593.67	0.259
593.86	0.258
594.05	0.258
594.25	0.258
594.44	0.258
594.63	0.258
594.82	0.258
595.02	0.257
595.21	0.257
595.40	0.257
595.60	0.256
595.79	0.256
595.98	0.256
596.17	0.256
596.37	0.255
596.56	0.255
596.75	0.255
596.95	0.254
597.14	0.254
597.33	0.254
597.52	0.254
597.72	0.253
597.91	0.253
598.10	0.253
598.30	0.253
598.49	0.253
598.68	0.252
598.87	0.252
599.07	0.251
599.26	0.251
599.45	0.251
599.65	0.251
599.84	0.251
600.03	0.251
600.22	0.250
600.42	0.250
600.61	0.250
600.80	0.250
600.99	0.249
601.19	0.249
601.38	0.249
601.57	0.249
601.76	0.249
601.96	0.248
602.15	0.248
602.34	0.248
602.53	0.247
602.73	0.247
602.92	0.247
603.11	0.247
603.30	0.247
603.50	0.247
603.69	0.247
603.88	0.246
604.07	0.246
604.26	0.246
604.46	0.246
604.65	0.246
604.84	0.246
605.03	0.245
605.23	0.245
605.42	0.245
605.61	0.245
605.80	0.245
606.00	0.244
606.19	0.244
606.38	0.244
606.57	0.244
606.76	0.244
606.96	0.243
607.15	0.243
607.34	0.243
607.53	0.243
607.72	0.242
607.92	0.242
608.11	0.242
608.30	0.242
608.49	0.241
608.68	0.241
608.88	0.241
609.07	0.241
609.26	0.241
609.45	0.240
609.64	0.240
609.84	0.240
610.03	0.240
610.22	0.240
610.41	0.239
610.60	0.239
610.80	0.239
610.99	0.239
611.18	0.239
611.37	0.239
611.56	0.238
611.76	0.238
611.95	0.238
612.14	0.238
612.33	0.238
612.52	0.237
612.71	0.237
612.91	0.237
613.10	0.237
613.29	0.237
613.48	0.236
613.67	0.236
613.86	0.236
614.06	0.236
614.25	0.236
614.44	0.236
614.63	0.235
614.82	0.235
615.01	0.235
615.20	0.235
615.40	0.234
615.59	0.234
615.78	0.234
615.97	0.234
616.16	0.234
616.35	0.234
616.55	0.234
616.74	0.234
616.93	0.233
617.12	0.233
617.31	0.233
617.50	0.233
617.69	0.232
617.88	0.232
618.08	0.232
618.27	0.232
618.46	0.232
618.65	0.231
618.84	0.231
619.03	0.231
619.22	0.231
619.42	0.231
619.61	0.231
619.80	0.230
619.99	0.230
620.18	0.230
620.37	0.230
620.56	0.230
620.75	0.229
620.94	0.229
621.14	0.229
621.33	0.229
621.52	0.229
621.71	0.228
621.90	0.228
622.09	0.228
622.28	0.228
622.47	0.228
622.66	0.227
622.85	0.227
623.05	0.227
623.24	0.227
623.43	0.227
623.62	0.227
623.81	0.226
624.00	0.226
624.19	0.226
624.38	0.226
624.57	0.226
624.76	0.226
624.95	0.225
625.15	0.225
625.34	0.225
625.53	0.225
625.72	0.225
625.91	0.224
626.10	0.224
626.29	0.224
626.48	0.224
626.67	0.223
626.86	0.223
627.05	0.223
627.24	0.223
627.43	0.223
627.62	0.222
627.82	0.222
628.01	0.222
628.20	0.222
628.39	0.221
628.58	0.221
628.77	0.221
628.96	0.221
629.15	0.221
629.34	0.221
629.53	0.221
629.72	0.221
629.91	0.221
630.10	0.221
630.29	0.220
630.48	0.220
630.67	0.220
630.86	0.220
631.05	0.220
631.24	0.220
631.43	0.220
631.62	0.220
631.81	0.219
632.00	0.219
632.20	0.219
632.39	0.219
632.58	0.219
632.77	0.219
632.96	0.219
633.15	0.218
633.34	0.218
633.53	0.218
633.72	0.218
633.91	0.218
634.10	0.218
634.29	0.218
634.48	0.217
634.67	0.217
634.86	0.217
635.05	0.217
635.24	0.217
635.43	0.217
635.62	0.217
635.81	0.217
636.00	0.217
636.19	0.216
636.38	0.217
636.57	0.216
636.76	0.217
636.95	0.216
637.14	0.216
637.33	0.216
637.52	0.216
637.71	0.216
637.90	0.215
638.09	0.215
638.28	0.215
638.47	0.215
638.66	0.215
638.85	0.215
639.04	0.215
639.23	0.214
639.41	0.214
639.60	0.214
639.79	0.213
639.98	0.213
640.17	0.213
640.36	0.213
640.55	0.213
640.74	0.212
640.93	0.212
641.12	0.212
641.31	0.212
641.50	0.211
641.69	0.211
641.88	0.211
642.07	0.211
642.26	0.211
642.45	0.210
642.64	0.210
642.83	0.210
643.02	0.210
643.21	0.210
643.40	0.210
643.59	0.209
643.77	0.209
643.96	0.209
644.15	0.209
644.34	0.209
644.53	0.209
644.72	0.209
644.91	0.209
645.10	0.209
645.29	0.209
645.48	0.209
645.67	0.208
645.86	0.208
646.05	0.208
646.24	0.208
646.42	0.208
646.61	0.207
646.80	0.207
646.99	0.207
647.18	0.207
647.37	0.207
647.56	0.207
647.75	0.207
647.94	0.207
648.13	0.206
648.32	0.206
648.50	0.206
648.69	0.206
648.88	0.206
649.07	0.206
649.26	0.205
649.45	0.205
649.64	0.205
649.83	0.205
650.02	0.205
650.21	0.205
650.39	0.205
650.58	0.205
650.77	0.205
650.96	0.205
651.15	0.205
651.34	0.204
651.53	0.204
651.72	0.204
651.90	0.203
652.09	0.203
652.28	0.203
652.47	0.203
652.66	0.203
652.85	0.203
653.04	0.202
653.23	0.202
653.41	0.202
653.60	0.202
653.79	0.202
653.98	0.202
654.17	0.202
654.36	0.201
654.55	0.201
654.73	0.201
654.92	0.201
655.11	0.201
655.30	0.201
655.49	0.201
655.68	0.201
655.87	0.201
656.05	0.201
656.24	0.201
656.43	0.201
656.62	0.201
656.81	0.200
657.00	0.200
657.18	0.200
657.37	0.200
657.56	0.200
657.75	0.200
657.94	0.200
658.13	0.200
658.31	0.200
658.50	0.199
658.69	0.199
658.88	0.199
659.07	0.199
659.26	0.199
659.44	0.199
659.63	0.199
659.82	0.198
660.01	0.198
660.20	0.198
660.38	0.198
660.57	0.198
660.76	0.198
660.95	0.198
661.14	0.198
661.32	0.198
661.51	0.198
661.70	0.197
661.89	0.197
662.08	0.197
662.26	0.197
662.45	0.197
662.64	0.197
662.83	0.196
663.02	0.196
663.20	0.196
663.39	0.196
663.58	0.196
663.77	0.196
663.96	0.196
664.14	0.196
664.33	0.195
664.52	0.195
664.71	0.195
664.89	0.195
665.08	0.195
665.27	0.194
665.46	0.195
665.64	0.195
665.83	0.194
666.02	0.194
666.21	0.194
666.40	0.194
666.58	0.194
666.77	0.194
666.96	0.194
667.15	0.194
667.33	0.194
667.52	0.194
667.71	0.193
667.90	0.193
668.08	0.193
668.27	0.193
668.46	0.193
668.65	0.193
668.83	0.193
669.02	0.193
669.21	0.193
669.40	0.192
669.58	0.192
669.77	0.192
669.96	0.192
670.14	0.192
670.33	0.192
670.52	0.192
670.71	0.191
670.89	0.191
671.08	0.191
671.27	0.191
671.46	0.191
671.64	0.191
671.83	0.191
672.02	0.191
672.20	0.190
672.39	0.190
672.58	0.190
672.77	0.190
672.95	0.190
673.14	0.190
673.33	0.190
673.51	0.190
673.70	0.189
673.89	0.189
674.08	0.189
674.26	0.189
674.45	0.189
674.64	0.189
674.82	0.189
675.01	0.189
675.20	0.189
675.38	0.188
675.57	0.188
675.76	0.188
675.94	0.188
676.13	0.188
676.32	0.188
676.51	0.188
676.69	0.187
676.88	0.187
677.07	0.187
677.25	0.187
677.44	0.187
677.63	0.187
677.81	0.187
678.00	0.186
678.19	0.186
678.37	0.186
678.56	0.186
678.75	0.186
678.93	0.186
679.12	0.186
679.31	0.186
679.49	0.186
679.68	0.186
679.87	0.185
680.05	0.185
680.24	0.185
680.42	0.185
680.61	0.185
680.80	0.185
680.98	0.185
681.17	0.185
681.36	0.185
681.54	0.185
681.73	0.185
681.92	0.185
682.10	0.184
682.29	0.184
682.48	0.184
682.66	0.184
682.85	0.184
683.03	0.184
683.22	0.184
683.41	0.184
683.59	0.184
683.78	0.183
683.97	0.183
684.15	0.183
684.34	0.183
684.52	0.183
684.71	0.183
684.90	0.183
685.08	0.183
685.27	0.183
685.45	0.182
685.64	0.182
685.83	0.182
686.01	0.182
686.20	0.182
686.39	0.182
686.57	0.182
686.76	0.182
686.94	0.182
687.13	0.181
687.31	0.181
687.50	0.181
687.69	0.181
687.87	0.182
688.06	0.181
688.24	0.181
688.43	0.181
688.62	0.181
688.80	0.181
688.99	0.181
689.17	0.180
689.36	0.181
689.55	0.180
689.73	0.180
689.92	0.180
690.10	0.180
690.29	0.180
690.47	0.179
690.66	0.179
690.84	0.179
691.03	0.179
691.22	0.179
691.40	0.179
691.59	0.178
691.77	0.178
691.96	0.178
692.14	0.178
692.33	0.178
692.52	0.178
692.70	0.178
692.89	0.178
693.07	0.178
693.26	0.178
693.44	0.178
693.63	0.178
693.81	0.178
694.00	0.178
694.18	0.178
694.37	0.178
694.55	0.178
694.74	0.177
694.93	0.178
695.11	0.178
695.30	0.178
695.48	0.178
695.67	0.177
695.85	0.177
696.04	0.177
696.22	0.177
696.41	0.177
696.59	0.177
696.78	0.176
696.96	0.176
697.15	0.176
697.33	0.176
697.52	0.176
697.70	0.176
697.89	0.176
698.07	0.176
698.26	0.175
698.44	0.175
698.63	0.175
698.81	0.175
699.00	0.175
699.18	0.175
699.37	0.175
699.55	0.175
699.74	0.175
699.92	0.175
700.11	0.175
700.29	0.175
700.48	0.174
700.66	0.174
700.85	0.174
701.03	0.174
701.22	0.174
701.40	0.174
701.59	0.174
701.77	0.174
701.96	0.173
702.14	0.173
702.33	0.173
702.51	0.173
702.69	0.173
702.88	0.173
703.06	0.173
703.25	0.173
703.43	0.172
703.62	0.172
703.80	0.172
703.99	0.172
704.17	0.172
704.36	0.172
704.54	0.172
704.73	0.172
704.91	0.172
705.09	0.172
705.28	0.172
705.46	0.172
705.65	0.172
705.83	0.171
706.02	0.171
706.20	0.171
706.38	0.171
706.57	0.171
706.75	0.171
706.94	0.171
707.12	0.171
707.31	0.171
707.49	0.171
707.67	0.171
707.86	0.170
708.04	0.170
708.23	0.170
708.41	0.170
708.60	0.170
708.78	0.170
708.96	0.170
709.15	0.170
709.33	0.170
709.52	0.170
709.70	0.170
709.88	0.170
710.07	0.170
710.25	0.169
710.44	0.169
710.62	0.169
710.80	0.169
710.99	0.169
711.17	0.169
711.36	0.168
711.54	0.168
711.72	0.168
711.91	0.168
712.09	0.168
712.28	0.168
712.46	0.168
712.64	0.168
712.83	0.168
713.01	0.168
713.20	0.168
713.38	0.168
713.56	0.167
713.75	0.167
713.93	0.167
714.11	0.167
714.30	0.167
714.48	0.167
714.66	0.167
714.85	0.167
715.03	0.167
715.22	0.166
715.40	0.166
715.58	0.166
715.77	0.166
715.95	0.166
716.13	0.166
716.32	0.166
716.50	0.166
716.68	0.166
716.87	0.166
717.05	0.166
717.23	0.165
717.42	0.165
717.60	0.165
717.78	0.165
717.97	0.165
718.15	0.165
718.33	0.165
718.52	0.165
718.70	0.165
718.88	0.165
719.07	0.165
719.25	0.165
719.43	0.165
719.62	0.165
719.80	0.165
719.98	0.165
720.17	0.165
720.35	0.165
720.53	0.165
720.72	0.165
720.90	0.165
721.08	0.165
721.27	0.165
721.45	0.164
721.63	0.164
721.81	0.164
722.00	0.164
722.18	0.164
722.36	0.164
722.55	0.164
722.73	0.164
722.91	0.164
723.10	0.164
723.28	0.164
723.46	0.164
723.64	0.163
723.83	0.163
724.01	0.163
724.19	0.163
724.38	0.163
724.56	0.162
724.74	0.162
724.92	0.162
725.11	0.162
725.29	0.162
725.47	0.162
725.66	0.162
725.84	0.162
726.02	0.162
726.20	0.162
726.39	0.161
726.57	0.161
726.75	0.162
726.93	0.161
727.12	0.161
727.30	0.161
727.48	0.161
727.66	0.161
727.85	0.161
728.03	0.161
728.21	0.161
728.39	0.160
728.58	0.160
728.76	0.161
728.94	0.160
729.12	0.160
729.31	0.160
729.49	0.160
729.67	0.160
729.85	0.160
730.04	0.160
730.22	0.160
730.40	0.160
730.58	0.160
730.76	0.159
730.95	0.159
731.13	0.159
731.31	0.159
731.49	0.159
731.68	0.159
731.86	0.159
732.04	0.159
732.22	0.159
732.40	0.159
732.59	0.159
732.77	0.159
732.95	0.159
733.13	0.159
733.31	0.159
733.50	0.159
733.68	0.159
733.86	0.159
734.04	0.159
734.22	0.159
734.41	0.159
734.59	0.159
734.77	0.159
734.95	0.159
735.13	0.159
735.32	0.158
735.50	0.158
735.68	0.158
735.86	0.158
736.04	0.158
736.22	0.158
736.41	0.158
736.59	0.157
736.77	0.157
736.95	0.157
737.13	0.157
737.32	0.156
737.50	0.156
737.68	0.156
737.86	0.156
738.04	0.156
738.22	0.156
738.41	0.156
738.59	0.156
738.77	0.155
738.95	0.155
739.13	0.155
739.31	0.155
739.49	0.155
739.68	0.156
739.86	0.156
740.04	0.156
740.22	0.155
740.40	0.155
740.58	0.155
740.76	0.155
740.95	0.155
741.13	0.155
741.31	0.155
741.49	0.155
741.67	0.155
741.85	0.155
742.03	0.155
742.21	0.155
742.40	0.155
742.58	0.155
742.76	0.155
742.94	0.155
743.12	0.155
743.30	0.155
743.48	0.154
743.66	0.154
743.85	0.154
744.03	0.154
744.21	0.154
744.39	0.154
744.57	0.154
744.75	0.154
744.93	0.154
745.11	0.154
745.29	0.154
745.47	0.153
745.66	0.153
745.84	0.153
746.02	0.153
746.20	0.153
746.38	0.153
746.56	0.152
746.74	0.152
746.92	0.152
747.10	0.152
747.28	0.152
747.46	0.152
747.64	0.152
747.83	0.152
748.01	0.152
748.19	0.151
748.37	0.151
748.55	0.151
748.73	0.152
748.91	0.151
749.09	0.152
749.27	0.152
749.45	0.151
749.63	0.151
749.81	0.151
749.99	0.151
750.17	0.151
750.35	0.150
750.53	0.150
750.72	0.150
750.90	0.150
751.08	0.150
751.26	0.150
751.44	0.150
751.62	0.150
751.80	0.150
751.98	0.150
752.16	0.150
752.34	0.150
752.52	0.149
752.70	0.150
752.88	0.149
753.06	0.149
753.24	0.149
753.42	0.150
753.60	0.150
753.78	0.150
753.96	0.150
754.14	0.150
754.32	0.150
754.50	0.150
754.68	0.150
754.86	0.150
755.04	0.150
755.22	0.150
755.40	0.150
755.58	0.150
755.76	0.150
755.94	0.150
756.12	0.150
756.30	0.150
756.48	0.149
756.66	0.149
756.84	0.149
757.02	0.149
757.20	0.149
757.38	0.149
757.56	0.149
757.74	0.149
757.92	0.148
758.10	0.148
758.28	0.148
758.46	0.147
758.64	0.147
758.82	0.148
759.00	0.147
759.18	0.147
759.36	0.147
759.54	0.147
759.72	0.147
759.90	0.147
760.08	0.147
760.26	0.147
760.44	0.147
760.62	0.147
760.80	0.147
760.98	0.147
761.16	0.147
761.33	0.147
761.51	0.147
761.69	0.147
761.87	0.147
762.05	0.147
762.23	0.147
762.41	0.147
762.59	0.147
762.77	0.147
762.95	0.147
763.13	0.146
763.31	0.146
763.49	0.146
763.67	0.146
763.85	0.146
764.03	0.145
764.21	0.145
764.38	0.145
764.56	0.145
764.74	0.145
764.92	0.145
765.10	0.145
765.28	0.145
765.46	0.144
765.64	0.144
765.82	0.144
766.00	0.144
766.18	0.145
766.35	0.145
766.53	0.145
766.71	0.145
766.89	0.145
767.07	0.145
767.25	0.145
767.43	0.145
767.61	0.145
767.79	0.145
767.97	0.145
768.14	0.145
768.32	0.146
768.50	0.145
768.68	0.145
768.86	0.145
769.04	0.145
769.22	0.145
769.40	0.145
769.58	0.145
769.75	0.145
769.93	0.144
770.11	0.144
770.29	0.144
770.47	0.144
770.65	0.144
770.83	0.143
771.00	0.143
771.18	0.143
771.36	0.143
771.54	0.143
771.72	0.143
771.90	0.142
772.08	0.142
772.25	0.142
772.43	0.142
772.61	0.142
772.79	0.142
772.97	0.142
773.15	0.142
773.33	0.142
773.50	0.142
773.68	0.142
773.86	0.142
774.04	0.142
774.22	0.142
774.40	0.142
774.57	0.142
774.75	0.142
774.93	0.142
775.11	0.142
775.29	0.142
775.46	0.142
775.64	0.142
775.82	0.142
776.00	0.142
776.18	0.142
776.36	0.142
776.53	0.142
776.71	0.142
776.89	0.142
777.07	0.142
777.25	0.142
777.42	0.141
777.60	0.141
777.78	0.141
777.96	0.141
778.14	0.141
778.31	0.141
778.49	0.141
778.67	0.141
778.85	0.140
779.03	0.140
779.20	0.140
779.38	0.140
779.56	0.140
779.74	0.140
779.91	0.139
780.09	0.139
780.27	0.139
780.45	0.139
780.63	0.139
780.80	0.139
780.98	0.139
781.16	0.139
781.34	0.139
781.51	0.139
781.69	0.139
781.87	0.139
782.05	0.138
782.22	0.139
782.40	0.139
782.58	0.140
782.76	0.139
782.93	0.139
783.11	0.140
783.29	0.139
783.47	0.139
783.64	0.139
783.82	0.139
784.00	0.139
784.18	0.139
784.35	0.139
784.53	0.138
784.71	0.139
784.89	0.138
785.06	0.138
785.24	0.138
785.42	0.138
785.60	0.138
785.77	0.138
785.95	0.138
786.13	0.138
786.30	0.138
786.48	0.138
786.66	0.137
786.84	0.137
787.01	0.138
787.19	0.138
787.37	0.137
787.54	0.138
787.72	0.137
787.90	0.137
788.07	0.137
788.25	0.137
788.43	0.137
788.61	0.137
788.78	0.137
788.96	0.137
789.14	0.137
789.31	0.137
789.49	0.137
789.67	0.137
789.84	0.137
790.02	0.137
790.20	0.137
790.37	0.137
790.55	0.137
790.73	0.137
790.90	0.137
791.08	0.137
791.26	0.136
791.43	0.137
791.61	0.137
791.79	0.136
791.96	0.137
792.14	0.136
792.32	0.136
792.49	0.136
792.67	0.136
792.85	0.136
793.02	0.136
793.20	0.136
793.38	0.136
793.55	0.135
793.73	0.135
793.91	0.135
794.08	0.135
794.26	0.135
794.44	0.135
794.61	0.135
794.79	0.135
794.97	0.135
795.14	0.135
795.32	0.135
795.49	0.135
795.67	0.135
795.85	0.134
796.02	0.134
796.20	0.134
796.38	0.134
796.55	0.134
796.73	0.134
796.90	0.134
797.08	0.134
797.26	0.134
797.43	0.134
797.61	0.134
797.78	0.134
797.96	0.134
798.14	0.134
798.31	0.134
798.49	0.134
798.66	0.134
798.84	0.134
799.02	0.133
799.19	0.133
799.37	0.134
799.54	0.134
799.72	0.133
799.90	0.134
800.07	0.134
800.25	0.134
800.42	0.134
800.60	0.133
800.78	0.132
800.95	0.132
801.13	0.132
801.30	0.132
801.48	0.132
801.65	0.132
801.83	0.132
802.01	0.133
802.18	0.133
802.36	0.133
802.53	0.133
802.71	0.133
802.88	0.133
803.06	0.133
803.23	0.133
803.41	0.133
803.59	0.133
803.76	0.133
803.94	0.133
804.11	0.133
804.29	0.133
804.46	0.134
804.64	0.134
804.81	0.134
804.99	0.133
805.16	0.133
805.34	0.134
805.52	0.134
805.69	0.133
805.87	0.133
806.04	0.132
806.22	0.132
806.39	0.133
806.57	0.133
806.74	0.133
806.92	0.133
807.09	0.133
807.27	0.133
807.44	0.133
807.62	0.132
807.79	0.132
807.97	0.132
808.14	0.131
808.32	0.131
808.49	0.131
808.67	0.132
808.84	0.132
809.02	0.131
809.19	0.131
809.37	0.132
809.54	0.132
809.72	0.131
809.89	0.131
810.07	0.130
810.24	0.130
810.42	0.130
810.59	0.130
810.77	0.130
810.94	0.130
811.12	0.130
811.29	0.130
811.47	0.130
811.64	0.130
811.82	0.130
811.99	0.129
812.16	0.129
812.34	0.129
812.51	0.129
812.69	0.129
812.86	0.129
813.04	0.128
813.21	0.128
813.39	0.128
813.56	0.128
813.74	0.128
813.91	0.128
814.08	0.128
814.26	0.128
814.43	0.128
814.61	0.128
814.78	0.128
814.96	0.128
815.13	0.128
815.31	0.128
815.48	0.127
815.65	0.127
815.83	0.128
816.00	0.127
816.18	0.127
816.35	0.127
816.53	0.127
816.70	0.126
816.87	0.126
817.05	0.127
817.22	0.127
817.40	0.127
817.57	0.127
817.74	0.127
817.92	0.127
818.09	0.126
818.27	0.126
818.44	0.126
818.62	0.126
818.79	0.127
818.96	0.127
819.14	0.127
819.31	0.128
819.49	0.128
819.66	0.128
819.83	0.128
820.01	0.128
820.18	0.129
820.35	0.129
820.53	0.129
820.70	0.130
820.88	0.130
821.05	0.129
821.22	0.129
821.40	0.129
821.57	0.129
821.74	0.130
821.92	0.130
822.09	0.130
822.27	0.130
822.44	0.130
822.61	0.130
822.79	0.129
822.96	0.129
823.13	0.129
823.31	0.128
823.48	0.128
823.65	0.128
823.83	0.127
824.00	0.127
824.17	0.127
824.35	0.127
824.52	0.126
824.69	0.127
824.87	0.127
825.04	0.126
825.22	0.127
825.39	0.126
825.56	0.126
825.74	0.126
825.91	0.126
826.08	0.125
826.25	0.126
826.43	0.126
826.60	0.126
826.77	0.126
826.95	0.126
827.12	0.125
827.29	0.125
827.47	0.125
827.64	0.125
827.81	0.124
827.99	0.124
828.16	0.125
828.33	0.124
828.51	0.125
828.68	0.125
828.85	0.125
829.02	0.125
829.20	0.125
829.37	0.125
829.54	0.124
829.72	0.124
829.89	0.124
830.06	0.123
830.23	0.123
830.41	0.124
830.58	0.124
830.75	0.124
830.93	0.123
831.10	0.124
831.27	0.124
831.44	0.125
831.62	0.124
831.79	0.124
831.96	0.124
832.13	0.124
832.31	0.124
832.48	0.124
832.65	0.123
832.83	0.123
833.00	0.123
833.17	0.124
833.34	0.124
833.52	0.124
833.69	0.123
833.86	0.123
834.03	0.124
834.21	0.124
834.38	0.124
834.55	0.124
834.72	0.123
834.89	0.123
835.07	0.123
835.24	0.123
835.41	0.122
835.58	0.122
835.76	0.122
835.93	0.122
836.10	0.122
836.27	0.122
836.45	0.123
836.62	0.122
836.79	0.122
836.96	0.122
837.13	0.122
837.31	0.122
837.48	0.122
837.65	0.121
837.82	0.121
837.99	0.121
838.17	0.121
838.34	0.121
838.51	0.121
838.68	0.121
838.85	0.122
839.03	0.121
839.20	0.121
839.37	0.120
839.54	0.120
839.71	0.120
839.89	0.121
840.06	0.120
840.23	0.120
840.40	0.120
840.57	0.120
840.74	0.120
840.92	0.120
841.09	0.121
841.26	0.121
841.43	0.121
841.60	0.121
841.78	0.121
841.95	0.121
842.12	0.121
842.29	0.121
842.46	0.121
842.63	0.122
842.80	0.123
842.98	0.123
843.15	0.123
843.32	0.122
843.49	0.122
843.66	0.123
843.83	0.122
844.00	0.122
844.18	0.123
844.35	0.123
844.52	0.123
844.69	0.123
844.86	0.123
845.03	0.123
845.20	0.123
845.38	0.123
845.55	0.124
845.72	0.123
845.89	0.123
846.06	0.123
846.23	0.122
846.40	0.121
846.57	0.121
846.75	0.121
846.92	0.121
847.09	0.121
847.26	0.120
847.43	0.121
847.60	0.121
847.77	0.120
847.94	0.119
848.11	0.119
848.28	0.119
848.46	0.119
848.63	0.120
848.80	0.119
848.97	0.120
849.14	0.119
849.31	0.119
849.48	0.120
849.65	0.120
849.82	0.120
849.99	0.120
850.16	0.120
850.33	0.120
850.51	0.120
850.68	0.120
850.85	0.120
851.02	0.119
851.19	0.119
851.36	0.120
851.53	0.120
851.70	0.120
851.87	0.120
852.04	0.120
852.21	0.119
852.38	0.119
852.55	0.119
852.72	0.119
852.89	0.118
853.06	0.118
853.24	0.117
853.41	0.117
853.58	0.117
853.75	0.117
853.92	0.116
854.09	0.117
854.26	0.117
854.43	0.117
854.60	0.117
854.77	0.116
854.94	0.115
855.11	0.116
855.28	0.115
855.45	0.115
855.62	0.115
855.79	0.115
855.96	0.115
856.13	0.115
856.30	0.115
856.47	0.115
856.64	0.115
856.81	0.115
856.98	0.114
857.15	0.114
857.32	0.114
857.49	0.115
857.66	0.114
857.83	0.114
858.00	0.115
858.17	0.115
858.34	0.116
858.51	0.117
858.68	0.116
858.85	0.116
859.02	0.117
859.19	0.118
859.36	0.118
859.53	0.118
859.70	0.117
859.87	0.118
860.04	0.118
860.21	0.118
860.38	0.117
860.55	0.118
860.72	0.118
860.89	0.118
861.06	0.118
861.23	0.118
861.40	0.118
861.56	0.117
861.73	0.117
861.90	0.116
862.07	0.115
862.24	0.115
862.41	0.115
862.58	0.114
862.75	0.114
862.92	0.114
863.09	0.113
863.26	0.113
863.43	0.113
863.60	0.112
863.77	0.112
863.94	0.113
864.11	0.113
864.28	0.113
864.44	0.114
864.61	0.114
864.78	0.114
864.95	0.114
865.12	0.114
865.29	0.114
865.46	0.114
865.63	0.114
865.80	0.114
865.97	0.115
866.14	0.114
866.31	0.113
866.47	0.114
866.64	0.115
866.81	0.115
866.98	0.115
867.15	0.115
867.32	0.114
867.49	0.114
867.66	0.115
867.83	0.114
867.99	0.113
868.16	0.113
868.33	0.114
868.50	0.114
868.67	0.114
868.84	0.114
869.01	0.114
869.18	0.115
869.35	0.115
869.51	0.114
869.68	0.114
869.85	0.113
870.02	0.114
870.19	0.112
870.36	0.112
870.53	0.112
870.69	0.113
870.86	0.113
871.03	0.114
871.20	0.113
871.37	0.113
871.54	0.113
871.71	0.112
871.87	0.111
872.04	0.111
872.21	0.111
872.38	0.112
872.55	0.112
872.72	0.112
872.88	0.112
873.05	0.112
873.22	0.113
873.39	0.114
873.56	0.114
873.73	0.114
873.89	0.114
874.06	0.113
874.23	0.113
874.40	0.114
874.57	0.113
874.73	0.113
874.90	0.112
875.07	0.113
875.24	0.114
875.41	0.114
875.57	0.115
875.74	0.114
875.91	0.114
876.08	0.114
876.25	0.113
876.41	0.113
876.58	0.113
876.75	0.112
876.92	0.113
877.09	0.112
877.25	0.113
877.42	0.112
877.59	0.114
877.76	0.113
877.93	0.112
878.09	0.113
878.26	0.114
878.43	0.115
878.60	0.115
878.76	0.115
878.93	0.115
879.10	0.114
879.27	0.115
879.43	0.114
879.60	0.115
879.77	0.116
879.94	0.116
880.10	0.115
880.27	0.116
880.44	0.115
880.61	0.116
880.77	0.116
880.94	0.116
881.11	0.114
881.28	0.114
881.44	0.115
881.61	0.114
881.78	0.113
881.95	0.112
882.11	0.113
882.28	0.113
882.45	0.113
882.62	0.112
882.78	0.112
882.95	0.112
883.12	0.110
883.28	0.109
883.45	0.109
883.62	0.110
883.79	0.110
883.95	0.111
884.12	0.110
884.29	0.111
884.45	0.110
884.62	0.111
884.79	0.111
884.96	0.111
885.12	0.112
885.29	0.114
885.46	0.106
885.62	0.147
885.79	0.104
885.96	0.121
886.12	0.093
886.29	0.114
886.46	0.106
886.62	0.108
886.79	0.126
