178.99	-337.838
179.20	-337.838
179.42	-337.838
179.63	146.237
179.84	56.701
180.06	254.839
180.27	10.000
180.49	-196.774
180.70	-154.762
180.92	40.260
181.13	-300.000
181.35	-442.411
181.56	-433.862
181.77	-467.089
181.99	-578.125
182.20	-613.492
182.42	-631.618
182.63	-1145.570
182.85	-928.421
183.06	1154.795
183.28	507.558
183.49	357.751
183.70	278.587
183.92	195.855
184.13	231.659
184.35	166.667
184.56	213.924
184.78	149.053
184.99	163.636
185.21	136.446
185.42	105.834
185.63	130.070
185.85	117.131
186.06	115.784
186.28	105.924
186.49	94.799
186.71	100.093
186.92	100.175
187.13	87.394
187.35	75.684
187.56	71.678
187.78	69.817
187.99	62.726
188.21	63.009
188.42	66.343
188.63	60.461
188.85	64.160
189.06	68.472
189.28	68.439
189.49	68.696
189.71	61.797
189.92	62.406
190.13	59.350
190.35	64.147
190.56	63.421
190.78	66.564
190.99	67.462
191.20	64.339
191.42	65.717
191.63	69.563
191.85	70.124
192.06	73.771
192.28	76.356
192.49	84.029
192.70	91.858
192.92	92.940
193.13	106.623
193.35	108.193
193.56	99.623
193.77	100.357
193.99	100.095
194.20	115.164
194.42	114.043
194.63	105.778
194.84	97.533
195.06	90.753
195.27	83.948
195.49	75.434
195.70	79.686
195.91	70.781
196.13	77.993
196.34	79.492
196.56	67.477
196.77	68.014
196.98	64.863
197.20	61.111
197.41	72.694
197.63	67.405
197.84	72.307
198.05	64.981
198.27	71.747
198.48	82.186
198.70	81.884
198.91	83.031
199.12	84.377
199.34	83.377
199.55	89.923
199.76	93.250
199.98	104.404
200.19	100.213
200.41	108.989
200.62	100.071
200.83	99.020
201.05	111.796
201.26	116.916
201.48	113.111
201.69	108.588
201.90	97.097
202.12	89.934
202.33	86.298
202.54	88.577
202.76	75.190
202.97	65.834
203.19	66.591
203.40	71.752
203.61	76.747
203.83	77.912
204.04	76.333
204.25	75.832
204.47	82.807
204.68	84.680
204.89	82.926
205.11	91.054
205.32	90.469
205.54	87.680
205.75	87.862
205.96	92.012
206.18	90.697
206.39	90.034
206.60	93.441
206.82	93.565
207.03	90.865
207.24	99.379
207.46	98.007
207.67	87.794
207.89	81.211
208.10	73.406
208.31	75.809
208.53	70.761
208.74	63.277
208.95	59.162
209.17	54.217
209.38	49.395
209.59	42.410
209.81	48.560
210.02	49.236
210.23	49.180
210.45	44.469
210.66	40.441
210.87	33.769
211.09	36.704
211.30	39.466
211.51	49.938
211.73	45.320
211.94	53.203
212.15	54.600
212.37	55.244
212.58	55.060
212.79	51.110
213.01	49.965
213.22	58.561
213.43	63.223
213.65	67.860
213.86	68.336
214.07	56.447
214.29	51.944
214.50	60.452
214.71	57.525
214.93	63.214
215.14	69.850
215.35	70.735
215.57	76.836
215.78	74.927
215.99	74.808
216.21	91.623
216.42	84.784
216.63	94.043
216.85	92.787
217.06	100.490
217.27	96.064
217.49	99.924
217.70	109.685
217.91	109.854
218.13	103.336
218.34	100.000
218.55	97.094
218.77	89.346
218.98	78.701
219.19	73.122
219.40	74.024
219.62	72.934
219.83	74.224
220.04	64.641
220.26	67.823
220.47	63.587
220.68	58.571
220.90	70.167
221.11	68.707
221.32	65.192
221.54	62.543
221.75	72.070
221.96	72.937
222.17	68.400
222.39	64.245
222.60	64.189
222.81	71.592
223.03	84.852
223.24	87.492
223.45	84.983
223.67	89.471
223.88	79.706
224.09	81.386
224.30	85.844
224.52	86.776
224.73	85.671
224.94	86.720
225.16	85.584
225.37	80.090
225.58	80.281
225.79	82.396
226.01	87.187
226.22	84.024
226.43	89.869
226.65	78.695
226.86	70.705
227.07	78.377
227.28	78.405
227.50	74.555
227.71	78.567
227.92	83.912
228.14	84.008
228.35	91.582
228.56	82.081
228.77	84.379
228.99	73.763
229.20	71.385
229.41	64.518
229.62	62.401
229.84	59.395
230.05	45.961
230.26	47.279
230.48	43.455
230.69	44.930
230.90	39.968
231.11	47.543
231.33	50.171
231.54	46.555
231.75	42.214
231.96	44.032
232.18	51.744
232.39	50.898
232.60	54.213
232.81	60.585
233.03	67.325
233.24	68.571
233.45	71.975
233.66	77.878
233.88	85.830
234.09	90.000
234.30	98.256
234.51	119.438
234.73	122.650
234.94	143.122
235.15	120.902
235.36	116.934
235.58	132.855
235.79	123.185
236.00	127.475
236.21	147.020
236.43	129.271
236.64	136.850
236.85	138.965
237.06	125.341
237.28	117.047
237.49	124.357
237.70	112.719
237.91	122.699
238.13	113.208
238.34	119.636
238.55	119.179
238.76	117.323
238.98	127.774
239.19	129.443
239.40	138.446
239.61	163.852
239.83	167.932
240.04	158.848
240.25	175.576
240.46	173.974
240.67	152.819
240.89	144.219
241.10	122.364
241.31	116.689
241.52	106.837
241.74	107.364
241.95	106.810
242.16	118.088
242.37	108.990
242.58	114.610
242.80	111.853
243.01	118.793
243.22	116.536
243.43	108.264
243.65	100.397
243.86	98.983
244.07	99.293
244.28	95.873
244.49	101.081
244.71	99.281
244.92	106.230
245.13	100.335
245.34	111.836
245.55	127.891
245.77	136.766
245.98	141.643
246.19	153.413
246.40	158.109
246.62	138.143
246.83	141.826
247.04	148.476
247.25	142.507
247.46	132.638
247.68	133.159
247.89	131.494
248.10	139.026
248.31	126.738
248.52	122.863
248.74	120.964
248.95	117.566
249.16	119.814
249.37	107.348
249.58	121.411
249.79	113.156
250.01	104.061
250.22	101.608
250.43	100.767
250.64	84.977
250.85	75.466
251.07	80.935
251.28	79.449
251.49	74.157
251.70	78.626
251.91	84.117
252.13	82.769
252.34	81.429
252.55	77.164
252.76	75.983
252.97	73.511
253.18	78.833
253.40	76.486
253.61	70.086
253.82	74.565
254.03	70.564
254.24	76.755
254.46	87.515
254.67	79.089
254.88	88.594
255.09	100.850
255.30	118.483
255.51	108.592
255.73	119.355
255.94	132.295
256.15	106.746
256.36	119.699
256.57	105.378
256.78	106.635
257.00	111.143
257.21	102.950
257.42	90.148
257.63	62.585
257.84	81.502
258.05	73.326
258.26	67.948
258.48	68.436
258.69	68.383
258.90	57.048
259.11	74.341
259.32	70.553
259.53	66.345
259.75	65.906
259.96	72.456
260.17	66.760
260.38	64.661
260.59	69.227
260.80	60.198
261.01	60.763
261.23	62.326
261.44	58.264
261.65	58.295
261.86	61.661
262.07	75.558
262.28	73.385
262.49	77.190
262.71	87.080
262.92	86.593
263.13	89.351
263.34	97.863
263.55	94.621
263.76	95.959
263.97	101.755
264.19	97.445
264.40	101.335
264.61	110.133
264.82	105.635
265.03	115.074
265.24	122.313
265.45	129.898
265.66	137.170
265.88	138.001
266.09	145.166
266.30	147.761
266.51	129.926
266.72	117.644
266.93	123.903
267.14	108.550
267.35	114.996
267.57	109.481
267.78	92.447
267.99	86.053
268.20	75.825
268.41	74.130
268.62	76.235
268.83	71.583
269.04	66.899
269.25	70.171
269.47	64.336
269.68	62.267
269.89	65.590
270.10	63.555
270.31	60.597
270.52	60.209
270.73	62.371
270.94	59.334
271.15	56.000
271.37	55.966
271.58	56.365
271.79	55.912
272.00	56.911
272.21	57.186
272.42	59.971
272.63	57.618
272.84	57.531
273.05	54.469
273.26	51.568
273.48	57.396
273.69	63.696
273.90	65.601
274.11	65.526
274.32	62.439
274.53	62.870
274.74	68.835
274.95	65.337
275.16	65.582
275.37	69.939
275.58	72.464
275.80	72.426
276.01	75.892
276.22	77.943
276.43	78.386
276.64	82.020
276.85	88.345
277.06	99.244
277.27	103.341
277.48	108.969
277.69	104.405
277.90	94.387
278.11	88.254
278.32	86.845
278.54	86.559
278.75	82.397
278.96	77.007
279.17	74.171
279.38	67.956
279.59	68.100
279.80	65.868
280.01	75.126
280.22	79.817
280.43	76.608
280.64	74.315
280.85	71.885
281.06	68.138
281.27	66.429
281.48	66.477
281.70	67.015
281.91	68.255
282.12	74.436
282.33	79.366
282.54	78.663
282.75	82.365
282.96	77.071
283.17	73.598
283.38	84.269
283.59	88.374
283.80	102.196
284.01	93.582
284.22	86.123
284.43	85.601
284.64	79.347
284.85	75.748
285.06	85.437
285.27	85.714
285.48	88.469
285.70	101.035
285.91	95.464
286.12	93.194
286.33	99.503
286.54	98.728
286.75	103.328
286.96	117.944
287.17	105.147
287.38	116.680
287.59	118.515
287.80	106.491
288.01	101.008
288.22	101.990
288.43	113.421
288.64	146.254
288.85	131.337
289.06	134.855
289.27	152.442
289.48	127.251
289.69	133.028
289.90	132.120
290.11	109.351
290.32	100.886
290.53	96.861
290.74	91.345
290.95	86.816
291.16	72.640
291.37	65.147
291.58	62.702
291.79	55.675
292.00	64.873
292.21	65.449
292.42	76.870
292.63	66.012
292.84	58.024
293.05	55.611
293.26	51.470
293.47	56.641
293.68	60.667
293.89	62.430
294.10	55.377
294.31	59.270
294.52	70.748
294.73	76.026
294.95	84.486
295.16	85.124
295.37	90.628
295.58	91.710
295.79	87.598
295.99	93.936
296.20	98.404
296.41	103.842
296.62	100.931
296.83	95.948
297.04	97.848
297.25	98.146
297.46	98.146
297.67	91.599
297.88	88.759
298.09	88.212
298.30	92.135
298.51	104.554
298.72	109.514
298.93	103.328
299.14	108.243
299.35	101.010
299.56	104.994
299.77	102.904
299.98	109.830
300.19	112.174
300.40	117.012
300.61	118.848
300.82	116.415
301.03	114.759
301.24	116.522
301.45	113.928
301.66	114.035
301.87	113.921
302.08	126.718
302.29	117.096
302.50	106.891
302.71	100.619
302.92	99.400
303.13	87.779
303.34	90.027
303.55	81.759
303.76	82.361
303.97	74.280
304.18	75.907
304.39	76.829
304.60	81.363
304.81	79.776
305.02	77.380
305.22	72.853
305.43	73.218
305.64	65.460
305.85	69.209
306.06	70.449
306.27	69.425
306.48	67.198
306.69	68.993
306.90	75.486
307.11	81.865
307.32	87.411
307.53	95.801
307.74	80.925
307.95	83.621
308.16	88.043
308.37	93.445
308.58	90.611
308.79	88.326
309.00	94.894
309.21	82.182
309.41	82.469
309.62	87.380
309.83	87.534
310.04	89.214
310.25	84.514
310.46	78.615
310.67	75.330
310.88	79.778
311.09	81.638
311.30	77.507
311.51	75.167
311.72	71.263
311.93	71.780
312.14	76.352
312.34	74.274
312.55	72.123
312.76	62.334
312.97	63.428
313.18	70.798
313.39	66.194
313.60	68.196
313.81	67.572
314.02	69.763
314.23	72.597
314.44	68.735
314.65	75.583
314.86	81.296
315.06	84.687
315.27	82.138
315.48	80.406
315.69	78.644
315.90	81.096
316.11	78.609
316.32	78.010
316.53	73.298
316.74	73.316
316.95	73.507
317.16	76.652
317.36	77.405
317.57	72.931
317.78	72.369
317.99	73.985
318.20	82.826
318.41	80.453
318.62	78.697
318.83	89.906
319.04	81.468
319.24	83.790
319.45	86.637
319.66	93.309
319.87	96.215
320.08	94.733
320.29	89.173
320.50	96.767
320.71	98.833
320.92	115.721
321.12	113.065
321.33	112.175
321.54	125.346
321.75	116.167
321.96	111.633
322.17	121.479
322.38	124.219
322.59	110.601
322.80	105.474
323.00	94.455
323.21	93.469
323.42	95.349
323.63	92.274
323.84	88.233
324.05	81.980
324.26	81.170
324.47	90.588
324.67	96.479
324.88	96.271
325.09	93.118
325.30	90.777
325.51	99.351
325.72	92.872
325.93	88.572
326.13	89.270
326.34	86.571
326.55	79.123
326.76	70.348
326.97	70.108
327.18	68.015
327.39	77.885
327.59	73.973
327.80	73.062
328.01	67.364
328.22	69.906
328.43	71.553
328.64	70.790
328.85	63.276
329.05	59.796
329.26	58.652
329.47	58.704
329.68	56.790
329.89	56.334
330.10	57.793
330.30	62.285
330.51	63.220
330.72	63.657
330.93	64.599
331.14	66.562
331.35	67.648
331.56	67.782
331.76	66.014
331.97	66.951
332.18	66.359
332.39	66.981
332.60	65.984
332.81	66.162
333.01	65.775
333.22	67.696
333.43	67.994
333.64	66.339
333.85	67.440
334.05	68.030
334.26	65.949
334.47	64.910
334.68	61.515
334.89	61.580
335.10	63.475
335.30	67.038
335.51	67.979
335.72	69.188
335.93	68.110
336.14	67.134
336.35	68.275
336.55	68.393
336.76	69.257
336.97	68.275
337.18	67.372
337.39	66.901
337.59	65.158
337.80	65.632
338.01	67.355
338.22	66.239
338.43	66.256
338.63	66.524
338.84	66.433
339.05	67.752
339.26	65.847
339.47	63.504
339.67	62.294
339.88	61.459
340.09	60.361
340.30	61.748
340.51	61.870
340.71	60.089
340.92	60.513
341.13	60.967
341.34	62.032
341.55	61.774
341.75	62.071
341.96	63.724
342.17	63.156
342.38	62.079
342.58	60.733
342.79	61.281
343.00	60.758
343.21	61.192
343.42	60.414
343.62	61.470
343.83	62.028
344.04	61.746
344.25	61.250
344.46	61.366
344.66	60.573
344.87	59.704
345.08	61.579
345.29	61.621
345.49	61.374
345.70	60.218
345.91	60.150
346.12	59.905
346.32	59.551
346.53	59.510
346.74	59.084
346.95	59.645
347.16	58.937
347.36	59.126
347.57	58.672
347.78	58.845
347.99	58.041
348.19	57.756
348.40	57.863
348.61	58.394
348.82	58.483
349.02	59.026
349.23	59.429
349.44	58.280
349.65	57.595
349.85	57.331
350.06	57.993
350.27	58.079
350.48	58.386
350.68	57.692
350.89	57.315
351.10	57.422
351.31	57.802
351.51	57.785
351.72	57.671
351.93	57.702
352.14	58.070
352.34	58.545
352.55	58.933
352.76	58.640
352.96	58.292
353.17	57.887
353.38	57.794
353.59	58.310
353.79	58.984
354.00	59.471
354.21	59.448
354.42	58.941
354.62	58.795
354.83	58.447
355.04	58.831
355.24	59.389
355.45	59.640
355.66	59.400
355.87	59.658
356.07	59.469
356.28	59.530
356.49	58.749
356.70	58.472
356.90	57.933
357.11	58.406
357.32	58.553
357.52	58.842
357.73	58.577
357.94	58.174
358.15	57.530
358.35	56.862
358.56	57.008
358.77	57.101
358.97	56.947
359.18	56.952
359.39	56.887
359.59	56.405
359.80	56.518
360.01	56.426
360.22	56.138
360.42	56.427
360.63	56.701
360.84	57.176
361.04	57.276
361.25	57.384
361.46	56.882
361.66	56.511
361.87	56.382
362.08	56.404
362.29	56.434
362.49	56.328
362.70	56.287
362.91	56.119
363.11	55.894
363.32	55.872
363.53	55.677
363.73	55.791
363.94	56.147
364.15	55.962
364.35	56.015
364.56	56.049
364.77	55.940
364.97	55.565
365.18	55.511
365.39	55.400
365.59	55.639
365.80	55.772
366.01	56.160
366.21	56.137
366.42	56.068
366.63	55.741
366.83	55.769
367.04	56.351
367.25	56.359
367.45	56.596
367.66	56.585
367.87	56.680
368.07	56.440
368.28	56.304
368.49	56.308
368.69	56.199
368.90	56.227
369.11	56.098
369.31	56.296
369.52	56.120
369.73	55.997
369.93	55.796
370.14	55.454
370.35	55.084
370.55	54.960
370.76	55.049
370.97	55.239
371.17	55.194
371.38	54.840
371.58	54.760
371.79	54.643
372.00	54.730
372.20	54.939
372.41	55.051
372.62	54.757
372.82	54.646
373.03	54.615
373.24	54.691
373.44	54.843
373.65	54.860
373.85	55.173
374.06	55.059
374.27	54.911
374.47	54.976
374.68	55.250
374.89	55.263
375.09	55.231
375.30	55.092
375.51	55.061
375.71	55.097
375.92	55.119
376.12	55.342
376.33	55.202
376.54	54.997
376.74	54.832
376.95	54.944
377.15	55.094
377.36	55.087
377.57	54.795
377.77	54.639
377.98	54.439
378.19	54.254
378.39	54.465
378.60	54.536
378.80	54.429
379.01	54.330
379.22	54.121
379.42	54.127
379.63	54.106
379.83	54.308
380.04	54.169
380.25	54.024
380.45	53.708
380.66	53.856
380.86	53.737
381.07	53.938
381.28	53.891
381.48	53.793
381.69	53.797
381.89	53.876
382.10	53.832
382.31	53.750
382.51	53.685
382.72	53.582
382.92	53.620
383.13	53.670
383.33	53.618
383.54	53.655
383.75	53.514
383.95	53.546
384.16	53.303
384.36	53.261
384.57	53.316
384.78	53.395
384.98	53.384
385.19	53.338
385.39	53.222
385.60	53.215
385.80	53.053
386.01	53.080
386.22	53.086
386.42	53.113
386.63	53.171
386.83	53.158
387.04	53.334
387.24	53.263
387.45	53.320
387.65	53.387
387.86	53.478
388.07	53.506
388.27	53.369
388.48	53.435
388.68	53.405
388.89	53.429
389.09	53.400
389.30	53.366
389.50	53.397
389.71	53.341
389.92	53.405
390.12	53.405
390.33	53.344
390.53	53.235
390.74	53.147
390.94	53.215
391.15	53.184
391.35	52.961
391.56	52.990
391.77	52.908
391.97	52.831
392.18	52.869
392.38	52.916
392.59	53.009
392.79	52.943
393.00	53.014
393.20	53.028
393.41	53.020
393.61	52.885
393.82	52.763
394.02	52.761
394.23	52.676
394.43	52.705
394.64	52.733
394.84	52.719
395.05	52.731
395.26	52.658
395.46	52.540
395.67	52.520
395.87	52.390
396.08	52.392
396.28	52.359
396.49	52.266
396.69	52.218
396.90	52.215
397.10	52.269
397.31	52.202
397.51	52.104
397.72	52.049
397.92	52.065
398.13	52.147
398.33	52.153
398.54	52.139
398.74	52.131
398.95	52.164
399.15	52.187
399.36	52.124
399.56	52.050
399.77	52.198
399.97	52.199
400.18	52.204
400.38	52.182
400.59	52.190
400.79	52.153
401.00	52.068
401.20	51.977
401.41	51.895
401.61	51.952
401.82	51.964
402.02	52.076
402.23	52.062
402.43	51.951
402.64	51.857
402.84	51.833
403.05	51.783
403.25	51.693
403.46	51.711
403.66	51.733
403.87	51.815
404.07	51.627
404.27	51.624
404.48	51.652
404.68	51.631
404.89	51.584
405.09	51.415
405.30	51.402
405.50	51.492
405.71	51.512
405.91	51.441
406.12	51.281
406.32	51.209
406.53	51.211
406.73	51.320
406.94	51.320
407.14	51.326
407.34	51.369
407.55	51.315
407.75	51.230
407.96	51.246
408.16	51.201
408.37	51.241
408.57	51.257
408.78	51.243
408.98	51.235
409.19	51.209
409.39	51.391
409.59	51.493
409.80	51.403
410.00	51.390
410.21	51.409
410.41	51.515
410.62	51.510
410.82	51.479
411.03	51.402
411.23	51.496
411.43	51.422
411.64	51.374
411.84	51.349
412.05	51.396
412.25	51.362
412.46	51.284
412.66	51.269
412.86	51.256
413.07	51.163
413.27	51.184
413.48	51.161
413.68	51.085
413.89	50.952
414.09	50.927
414.29	50.942
414.50	50.905
414.70	50.887
414.91	50.797
415.11	50.797
415.32	50.778
415.52	50.688
415.72	50.713
415.93	50.726
416.13	50.639
416.34	50.605
416.54	50.606
416.74	50.667
416.95	50.655
417.15	50.615
417.36	50.695
417.56	50.691
417.76	50.672
417.97	50.647
418.17	50.629
418.38	50.645
418.58	50.623
418.78	50.606
418.99	50.627
419.19	50.593
419.40	50.584
419.60	50.592
419.80	50.545
420.01	50.554
420.21	50.523
420.42	50.603
420.62	50.579
420.82	50.565
421.03	50.567
421.23	50.613
421.44	50.583
421.64	50.546
421.84	50.511
422.05	50.562
422.25	50.558
422.45	50.552
422.66	50.519
422.86	50.479
423.07	50.400
423.27	50.385
423.47	50.354
423.68	50.275
423.88	50.235
424.08	50.220
424.29	50.204
424.49	50.203
424.70	50.197
424.90	50.175
425.10	50.145
425.31	50.090
425.51	50.024
425.71	50.061
425.92	50.064
426.12	50.041
426.32	49.955
426.53	49.960
426.73	49.977
426.93	49.978
427.14	50.017
427.34	50.097
427.55	50.074
427.75	50.143
427.95	50.159
428.16	50.231
428.36	50.242
428.56	50.175
428.77	50.131
428.97	50.090
429.17	50.038
429.38	50.000
429.58	49.952
429.78	49.953
429.99	49.919
430.19	49.961
430.39	49.966
430.60	50.004
430.80	50.003
431.00	50.025
431.21	49.968
431.41	49.953
431.61	49.945
431.82	49.891
432.02	49.912
432.22	49.868
432.43	49.829
432.63	49.864
432.83	49.921
433.04	49.957
433.24	49.970
433.44	50.003
433.65	50.043
433.85	50.082
434.05	50.056
434.25	50.081
434.46	49.902
434.66	49.895
434.86	49.885
435.07	49.844
435.27	49.805
435.47	49.834
435.68	49.791
435.88	49.778
436.08	49.765
436.29	49.712
436.49	49.808
436.69	49.816
436.89	49.747
437.10	49.720
437.30	49.658
437.50	49.698
437.71	49.698
437.91	49.638
438.11	49.608
438.32	49.637
438.52	49.600
438.72	49.655
438.92	49.639
439.13	49.615
439.33	49.651
439.53	49.637
439.74	49.669
439.94	49.643
440.14	49.636
440.34	49.677
440.55	49.690
440.75	49.638
440.95	49.619
441.15	49.620
441.36	49.612
441.56	49.608
441.76	49.539
441.97	49.541
442.17	49.591
442.37	49.565
442.57	49.491
442.78	49.488
442.98	49.539
443.18	49.547
443.38	49.498
443.59	49.485
443.79	49.504
443.99	49.434
444.19	49.416
444.40	49.328
444.60	49.291
444.80	49.264
445.00	49.225
445.21	49.176
445.41	49.165
445.61	49.129
445.81	49.134
446.02	49.151
446.22	49.151
446.42	49.115
446.62	49.103
446.83	49.146
447.03	49.100
447.23	49.055
447.43	49.066
447.64	49.134
447.84	49.168
448.04	49.145
448.24	49.167
448.45	49.201
448.65	49.265
448.85	49.221
449.05	49.215
449.26	49.225
449.46	49.254
449.66	49.258
449.86	49.260
450.06	49.208
450.27	49.159
450.47	49.109
450.67	49.126
450.87	49.135
451.08	49.100
451.28	49.124
451.48	49.119
451.68	49.105
451.88	49.079
452.09	49.001
452.29	48.972
452.49	48.916
452.69	48.849
452.89	48.853
453.10	48.855
453.30	48.826
453.50	48.845
453.70	48.888
453.90	48.912
454.11	48.929
454.31	48.975
454.51	48.988
454.71	48.953
454.91	48.936
455.12	48.923
455.32	48.917
455.52	48.903
455.72	48.896
455.92	48.841
456.13	48.786
456.33	48.805
456.53	48.813
456.73	48.838
456.93	48.902
457.14	48.888
457.34	48.915
457.54	48.921
457.74	48.868
457.94	48.762
458.14	48.735
458.35	48.698
458.55	48.703
458.75	48.693
458.95	48.771
459.15	48.765
459.36	48.750
459.56	48.773
459.76	48.766
459.96	48.765
460.16	48.757
460.36	48.761
460.57	48.767
460.77	48.716
460.97	48.726
461.17	48.717
461.37	48.724
461.57	48.712
461.77	48.737
461.98	48.779
462.18	48.791
462.38	48.778
462.58	48.800
462.78	48.756
462.98	48.726
463.19	48.678
463.39	48.682
463.59	48.720
463.79	48.715
463.99	48.723
464.19	48.743
464.39	48.770
464.60	48.770
464.80	48.788
465.00	48.820
465.20	48.797
465.40	48.770
465.60	48.765
465.80	48.767
466.01	48.737
466.21	48.677
466.41	48.716
466.61	48.732
466.81	48.715
467.01	48.724
467.21	48.740
467.41	48.782
467.62	48.763
467.82	48.724
468.02	48.712
468.22	48.658
468.42	48.631
468.62	48.655
468.82	48.680
469.02	48.634
469.22	48.671
469.43	48.694
469.63	48.670
469.83	48.699
470.03	48.707
470.23	48.676
470.43	48.721
470.63	48.644
470.83	48.609
471.03	48.603
471.24	48.591
471.44	48.610
471.64	48.579
471.84	48.549
472.04	48.581
472.24	48.572
472.44	48.587
472.64	48.574
472.84	48.538
473.04	48.522
473.25	48.516
473.45	48.474
473.65	48.469
473.85	48.488
474.05	48.443
474.25	48.441
474.45	48.480
474.65	48.466
474.85	48.524
475.05	48.550
475.25	48.564
475.45	48.603
475.66	48.587
475.86	48.586
476.06	48.603
476.26	48.604
476.46	48.621
476.66	48.667
476.86	48.676
477.06	48.691
477.26	48.696
477.46	48.730
477.66	48.767
477.86	48.755
478.06	48.766
478.26	48.759
478.46	48.789
478.67	48.775
478.87	48.774
479.07	48.748
479.27	48.746
479.47	48.740
479.67	48.697
479.87	48.694
480.07	48.684
480.27	48.697
480.47	48.688
480.67	48.687
480.87	48.693
481.07	48.708
481.27	48.710
481.47	48.721
481.67	48.678
481.87	48.653
482.07	48.678
482.27	48.667
482.47	48.691
482.67	48.650
482.87	48.650
483.07	48.673
483.28	48.708
483.48	48.724
483.68	48.735
483.88	48.745
484.08	48.745
484.28	48.748
484.48	48.739
484.68	48.727
484.88	48.716
485.08	48.682
485.28	48.682
485.48	48.655
485.68	48.649
485.88	48.691
486.08	48.716
486.28	48.687
486.48	48.687
486.68	48.669
486.88	48.705
487.08	48.712
487.28	48.718
487.48	48.731
487.68	48.690
487.88	48.675
488.08	48.694
488.28	48.735
488.48	48.749
488.68	48.775
488.88	48.803
489.08	48.816
489.28	48.787
489.48	48.775
489.68	48.774
489.88	48.788
490.08	48.813
490.28	48.790
490.48	48.810
490.68	48.821
490.88	48.802
491.08	48.788
491.28	48.788
491.48	48.761
491.68	48.762
491.88	48.797
492.08	48.791
492.28	48.784
492.48	48.767
492.68	48.767
492.88	48.747
493.08	48.733
493.28	48.737
493.48	48.743
493.67	48.747
493.87	48.779
494.07	48.772
494.27	48.752
494.47	48.765
494.67	48.780
494.87	48.765
495.07	48.779
495.27	48.754
495.47	48.749
495.67	48.764
495.87	48.749
496.07	48.738
496.27	48.765
496.47	48.762
496.67	48.770
496.87	48.758
497.07	48.734
497.27	48.731
497.47	48.716
497.67	48.731
497.87	48.743
498.06	48.724
498.26	48.729
498.46	48.715
498.66	48.702
498.86	48.682
499.06	48.695
499.26	48.709
499.46	48.737
499.66	48.760
499.86	48.753
500.06	48.756
500.26	48.729
500.46	48.704
500.66	48.717
500.86	48.719
501.05	48.725
501.25	48.738
501.45	48.726
501.65	48.722
501.85	48.726
502.05	48.730
502.25	48.745
502.45	48.734
502.65	48.750
502.85	48.768
503.05	48.789
503.24	48.788
503.44	48.799
503.64	48.815
503.84	48.790
504.04	48.821
504.24	48.844
504.44	48.873
504.64	48.886
504.84	48.866
505.04	48.853
505.24	48.859
505.43	48.901
505.63	48.917
505.83	48.956
506.03	48.957
506.23	48.953
506.43	48.945
506.63	48.981
506.83	48.981
507.03	48.970
507.22	48.962
507.42	48.978
507.62	48.978
507.82	48.976
508.02	48.987
508.22	48.976
508.42	48.957
508.62	48.946
508.81	48.953
509.01	48.968
509.21	48.976
509.41	48.993
509.61	48.985
509.81	49.000
510.01	48.991
510.21	49.015
510.40	49.024
510.60	49.027
510.80	48.993
511.00	48.969
511.20	48.960
511.40	48.957
511.60	48.965
511.79	48.948
511.99	48.951
512.19	48.947
512.39	48.926
512.59	48.921
512.79	48.922
512.99	48.924
513.18	48.946
513.38	48.955
513.58	48.935
513.78	48.937
513.98	48.923
514.18	48.927
514.37	48.913
514.57	48.902
514.77	48.913
514.97	48.910
515.17	48.944
515.37	48.953
515.56	48.981
515.76	48.995
515.96	49.004
516.16	48.987
516.36	49.011
516.56	49.025
516.75	49.029
516.95	49.035
517.15	49.033
517.35	49.031
517.55	49.036
517.75	49.054
517.94	49.030
518.14	49.043
518.34	49.039
518.54	49.031
518.74	49.051
518.93	49.068
519.13	49.075
519.33	49.063
519.53	49.066
519.73	49.062
519.92	49.030
520.12	49.035
520.32	49.062
520.52	49.061
520.72	49.070
520.91	49.083
521.11	49.080
521.31	49.112
521.51	49.096
521.71	49.088
521.90	49.097
522.10	49.105
522.30	49.087
522.50	49.103
522.70	49.124
522.89	49.138
523.09	49.114
523.29	49.131
523.49	49.157
523.69	49.175
523.88	49.159
524.08	49.183
524.28	49.205
524.48	49.197
524.67	49.183
524.87	49.186
525.07	49.176
525.27	49.206
525.46	49.192
525.66	49.197
525.86	49.199
526.06	49.196
526.26	49.206
526.45	49.226
526.65	49.211
526.85	49.211
527.05	49.207
527.24	49.226
527.44	49.228
527.64	49.210
527.84	49.215
528.03	49.216
528.23	49.225
528.43	49.208
528.63	49.197
528.82	49.205
529.02	49.215
529.22	49.235
529.42	49.243
529.61	49.279
529.81	49.306
530.01	49.317
530.21	49.331
530.40	49.349
530.60	49.361
530.80	49.384
531.00	49.420
531.19	49.404
531.39	49.402
531.59	49.401
531.78	49.389
531.98	49.392
532.18	49.405
532.38	49.397
532.57	49.403
532.77	49.418
532.97	49.426
533.16	49.433
533.36	49.416
533.56	49.396
533.76	49.376
533.95	49.354
534.15	49.380
534.35	49.373
534.55	49.385
534.74	49.375
534.94	49.370
535.14	49.356
535.33	49.352
535.53	49.346
535.73	49.342
535.92	49.366
536.12	49.385
536.32	49.379
536.52	49.394
536.71	49.409
536.91	49.428
537.11	49.454
537.30	49.450
537.50	49.476
537.70	49.500
537.89	49.494
538.09	49.516
538.29	49.491
538.48	49.507
538.68	49.494
538.88	49.509
539.08	49.495
539.27	49.513
539.47	49.528
539.67	49.530
539.86	49.553
540.06	49.545
540.26	49.534
540.45	49.550
540.65	49.543
540.85	49.545
541.04	49.522
541.24	49.539
541.44	49.541
541.63	49.555
541.83	49.557
542.03	49.543
542.22	49.524
542.42	49.543
542.62	49.538
542.81	49.556
543.01	49.547
543.21	49.574
543.40	49.578
543.60	49.578
543.79	49.592
543.99	49.567
544.19	49.596
544.38	49.583
544.58	49.603
544.78	49.601
544.97	49.594
545.17	49.592
545.37	49.573
545.56	49.560
545.76	49.563
545.96	49.564
546.15	49.589
546.35	49.615
546.54	49.618
546.74	49.616
546.94	49.603
547.13	49.630
547.33	49.653
547.53	49.610
547.72	49.641
547.92	49.639
548.11	49.662
548.31	49.657
548.51	49.669
548.70	49.658
548.90	49.683
549.10	49.711
549.29	49.743
549.49	49.741
549.68	49.774
549.88	49.756
550.08	49.780
550.27	49.788
550.47	49.803
550.66	49.796
550.86	49.823
551.06	49.846
551.25	49.822
551.45	49.788
551.64	49.824
551.84	49.794
552.04	49.814
552.23	49.834
552.43	49.833
552.62	49.852
552.82	49.870
553.02	49.868
553.21	49.855
553.41	49.856
553.60	49.860
553.80	49.836
554.00	49.839
554.19	49.828
554.39	49.836
554.58	49.827
554.78	49.846
554.97	49.855
555.17	49.853
555.37	49.864
555.56	49.879
555.76	49.869
555.95	49.901
556.15	49.903
556.34	49.890
556.54	49.896
556.74	49.902
556.93	49.887
557.13	49.872
557.32	49.871
557.52	49.882
557.71	49.898
557.91	49.930
558.10	49.939
558.30	49.963
558.50	49.964
558.69	49.975
558.89	49.954
559.08	49.939
559.28	49.942
559.47	49.954
559.67	49.936
559.86	49.947
560.06	49.948
560.25	49.944
560.45	49.943
560.65	49.929
560.84	49.933
561.04	49.951
561.23	49.979
561.43	50.012
561.62	50.035
561.82	50.052
562.01	50.066
562.21	50.099
562.40	50.083
562.60	50.070
562.79	50.070
562.99	50.092
563.18	50.066
563.38	50.068
563.57	50.077
563.77	50.100
563.96	50.104
564.16	50.109
564.36	50.144
564.55	50.148
564.75	50.164
564.94	50.171
565.14	50.168
565.33	50.198
565.53	50.190
565.72	50.182
565.92	50.155
566.11	50.168
566.31	50.151
566.50	50.158
566.70	50.167
566.89	50.178
567.09	50.198
567.28	50.239
567.48	50.252
567.67	50.259
567.87	50.300
568.06	50.320
568.26	50.344
568.45	50.344
568.64	50.383
568.84	50.405
569.03	50.404
569.23	50.414
569.42	50.385
569.62	50.386
569.81	50.382
570.01	50.415
570.20	50.436
570.40	50.455
570.59	50.471
570.79	50.487
570.98	50.504
571.18	50.496
571.37	50.489
571.57	50.523
571.76	50.525
571.95	50.482
572.15	50.486
572.34	50.485
572.54	50.483
572.73	50.467
572.93	50.466
573.12	50.473
573.32	50.490
573.51	50.513
573.71	50.518
573.90	50.533
574.09	50.538
574.29	50.521
574.48	50.519
574.68	50.537
574.87	50.564
575.07	50.581
575.26	50.596
575.46	50.615
575.65	50.585
575.84	50.583
576.04	50.606
576.23	50.605
576.43	50.596
576.62	50.589
576.82	50.595
577.01	50.600
577.20	50.611
577.40	50.600
577.59	50.583
577.79	50.631
577.98	50.635
578.18	50.638
578.37	50.631
578.56	50.651
578.76	50.636
578.95	50.596
579.15	50.591
579.34	50.590
579.53	50.594
579.73	50.582
579.92	50.627
580.12	50.650
580.31	50.651
580.50	50.671
580.70	50.697
580.89	50.752
581.09	50.759
581.28	50.778
581.47	50.808
581.67	50.833
581.86	50.803
582.06	50.821
582.25	50.819
582.44	50.808
582.64	50.812
582.83	50.814
583.03	50.824
583.22	50.830
583.41	50.864
583.61	50.861
583.80	50.897
583.99	50.865
584.19	50.861
584.38	50.869
584.58	50.873
584.77	50.869
584.96	50.868
585.16	50.877
585.35	50.870
585.54	50.869
585.74	50.890
585.93	50.905
586.13	50.901
586.32	50.924
586.51	50.968
586.71	50.956
586.90	50.938
587.09	50.989
587.29	50.997
587.48	50.981
587.67	50.998
587.87	51.022
588.06	51.045
588.25	51.070
588.45	51.083
588.64	51.103
588.83	51.108
589.03	51.097
589.22	51.126
589.41	51.141
589.61	51.146
589.80	51.130
589.99	51.143
590.19	51.144
590.38	51.154
590.57	51.149
590.77	51.186
590.96	51.213
591.15	51.213
591.35	51.237
591.54	51.258
591.73	51.288
591.93	51.299
592.12	51.304
592.31	51.307
592.51	51.312
592.70	51.307
592.89	51.312
593.09	51.281
593.28	51.270
593.47	51.269
593.67	51.252
593.86	51.257
594.05	51.278
594.25	51.291
594.44	51.304
594.63	51.322
594.82	51.317
595.02	51.352
595.21	51.366
595.40	51.340
595.60	51.342
595.79	51.338
595.98	51.326
596.17	51.328
596.37	51.345
596.56	51.392
596.75	51.398
596.95	51.392
597.14	51.435
597.33	51.433
597.52	51.426
597.72	51.460
597.91	51.471
598.10	51.448
598.30	51.448
598.49	51.442
598.68	51.436
598.87	51.427
599.07	51.416
599.26	51.402
599.45	51.415
599.65	51.420
599.84	51.415
600.03	51.447
600.22	51.456
600.42	51.455
600.61	51.430
600.80	51.440
600.99	51.459
601.19	51.458
601.38	51.452
601.57	51.490
601.76	51.496
601.96	51.504
602.15	51.509
602.34	51.486
602.53	51.499
602.73	51.510
602.92	51.520
603.11	51.499
603.30	51.510
603.50	51.519
603.69	51.525
603.88	51.520
604.07	51.503
604.26	51.504
604.46	51.505
604.65	51.494
604.84	51.501
605.03	51.532
605.23	51.542
605.42	51.575
605.61	51.586
605.80	51.599
606.00	51.613
606.19	51.651
606.38	51.695
606.57	51.698
606.76	51.677
606.96	51.689
607.15	51.710
607.34	51.703
607.53	51.732
607.72	51.739
607.92	51.771
608.11	51.773
608.30	51.798
608.49	51.817
608.68	51.827
608.88	51.821
609.07	51.819
609.26	51.837
609.45	51.831
609.64	51.827
609.84	51.820
610.03	51.834
610.22	51.814
610.41	51.808
610.60	51.809
610.80	51.853
610.99	51.871
611.18	51.886
611.37	51.897
611.56	51.890
611.76	51.901
611.95	51.914
612.14	51.927
612.33	51.940
612.52	51.936
612.71	51.964
612.91	51.985
613.10	51.990
613.29	51.996
613.48	52.016
613.67	52.039
613.86	52.063
614.06	52.055
614.25	52.073
614.44	52.102
614.63	52.109
614.82	52.122
615.01	52.121
615.20	52.132
615.40	52.154
615.59	52.179
615.78	52.192
615.97	52.178
616.16	52.187
616.35	52.184
616.55	52.201
616.74	52.191
616.93	52.187
617.12	52.207
617.31	52.223
617.50	52.223
617.69	52.201
617.88	52.198
618.08	52.212
618.27	52.215
618.46	52.216
618.65	52.239
618.84	52.217
619.03	52.236
619.22	52.239
619.42	52.257
619.61	52.247
619.80	52.223
619.99	52.243
620.18	52.242
620.37	52.258
620.56	52.239
620.75	52.271
620.94	52.303
621.14	52.300
621.33	52.277
621.52	52.283
621.71	52.312
621.90	52.324
622.09	52.328
622.28	52.345
622.47	52.359
622.66	52.373
622.85	52.399
623.05	52.385
623.24	52.415
623.43	52.417
623.62	52.415
623.81	52.449
624.00	52.460
624.19	52.506
624.38	52.521
624.57	52.547
624.76	52.543
624.95	52.559
625.15	52.585
625.34	52.608
625.53	52.650
625.72	52.632
625.91	52.654
626.10	52.650
626.29	52.677
626.48	52.690
626.67	52.692
626.86	52.708
627.05	52.731
627.24	52.732
627.43	52.755
627.62	52.772
627.82	52.775
628.01	52.773
628.20	52.762
628.39	52.752
628.58	52.766
628.77	52.776
628.96	52.766
629.15	52.754
629.34	52.750
629.53	52.737
629.72	52.773
629.91	52.784
630.10	52.814
630.29	52.799
630.48	52.798
630.67	52.813
630.86	52.837
631.05	52.837
631.24	52.857
631.43	52.849
631.62	52.841
631.81	52.851
632.00	52.870
632.20	52.862
632.39	52.883
632.58	52.888
632.77	52.908
632.96	52.936
633.15	52.940
633.34	52.962
633.53	52.993
633.72	53.002
633.91	52.988
634.10	53.000
634.29	53.015
634.48	53.028
634.67	53.027
634.86	53.033
635.05	53.063
635.24	53.054
635.43	53.047
635.62	53.094
635.81	53.112
636.00	53.088
636.19	53.118
636.38	53.111
636.57	53.155
636.76	53.178
636.95	53.154
637.14	53.167
637.33	53.179
637.52	53.168
637.71	53.188
637.90	53.225
638.09	53.254
638.28	53.251
638.47	53.272
638.66	53.288
638.85	53.274
639.04	53.268
639.23	53.275
639.41	53.312
639.60	53.301
639.79	53.312
639.98	53.349
640.17	53.343
640.36	53.370
640.55	53.363
640.74	53.340
640.93	53.355
641.12	53.387
641.31	53.394
641.50	53.407
641.69	53.407
641.88	53.402
642.07	53.394
642.26	53.385
642.45	53.380
642.64	53.387
642.83	53.424
643.02	53.436
643.21	53.465
643.40	53.459
643.59	53.466
643.77	53.489
643.96	53.500
644.15	53.528
644.34	53.537
644.53	53.530
644.72	53.541
644.91	53.538
645.10	53.518
645.29	53.528
645.48	53.543
645.67	53.529
645.86	53.545
646.05	53.548
646.24	53.598
646.42	53.599
646.61	53.612
646.80	53.608
646.99	53.628
647.18	53.613
647.37	53.646
647.56	53.669
647.75	53.636
647.94	53.644
648.13	53.647
648.32	53.635
648.50	53.648
648.69	53.672
648.88	53.697
649.07	53.726
649.26	53.739
649.45	53.736
649.64	53.764
649.83	53.767
650.02	53.784
650.21	53.768
650.39	53.754
650.58	53.747
650.77	53.750
650.96	53.745
651.15	53.764
651.34	53.764
651.53	53.759
651.72	53.789
651.90	53.809
652.09	53.802
652.28	53.842
652.47	53.847
652.66	53.842
652.85	53.863
653.04	53.857
653.23	53.888
653.41	53.862
653.60	53.850
653.79	53.865
653.98	53.863
654.17	53.904
654.36	53.950
654.55	53.974
654.73	53.983
654.92	53.990
655.11	54.021
655.30	54.020
655.49	54.049
655.68	54.072
655.87	54.078
656.05	54.108
656.24	54.098
656.43	54.114
656.62	54.131
656.81	54.129
657.00	54.148
657.18	54.122
657.37	54.157
657.56	54.185
657.75	54.182
657.94	54.193
658.13	54.174
658.31	54.199
658.50	54.206
658.69	54.228
658.88	54.265
659.07	54.256
659.26	54.254
659.44	54.272
659.63	54.268
659.82	54.261
660.01	54.268
660.20	54.297
660.38	54.301
660.57	54.314
660.76	54.323
660.95	54.326
661.14	54.353
661.32	54.387
661.51	54.393
661.70	54.396
661.89	54.411
662.08	54.436
662.26	54.432
662.45	54.444
662.64	54.426
662.83	54.429
663.02	54.458
663.20	54.488
663.39	54.468
663.58	54.476
663.77	54.479
663.96	54.496
664.14	54.472
664.33	54.504
664.52	54.508
664.71	54.534
664.89	54.537
665.08	54.544
665.27	54.528
665.46	54.538
665.64	54.548
665.83	54.559
666.02	54.555
666.21	54.557
666.40	54.578
666.58	54.590
666.77	54.576
666.96	54.589
667.15	54.600
667.33	54.614
667.52	54.619
667.71	54.646
667.90	54.631
668.08	54.649
668.27	54.650
668.46	54.651
668.65	54.645
668.83	54.674
669.02	54.692
669.21	54.734
669.40	54.745
669.58	54.759
669.77	54.755
669.96	54.771
670.14	54.770
670.33	54.761
670.52	54.790
670.71	54.804
670.89	54.779
671.08	54.791
671.27	54.817
671.46	54.825
671.64	54.844
671.83	54.880
672.02	54.896
672.20	54.890
672.39	54.911
672.58	54.936
672.77	54.951
672.95	54.945
673.14	54.939
673.33	54.955
673.51	54.957
673.70	54.987
673.89	55.003
674.08	55.023
674.26	55.032
674.45	55.058
674.64	55.056
674.82	55.101
675.01	55.107
675.20	55.108
675.38	55.125
675.57	55.127
675.76	55.122
675.94	55.138
676.13	55.145
676.32	55.171
676.51	55.182
676.69	55.161
676.88	55.177
677.07	55.175
677.25	55.179
677.44	55.203
677.63	55.190
677.81	55.194
678.00	55.197
678.19	55.220
678.37	55.197
678.56	55.224
678.75	55.218
678.93	55.234
679.12	55.265
679.31	55.239
679.49	55.255
679.68	55.279
679.87	55.301
680.05	55.334
680.24	55.352
680.42	55.354
680.61	55.387
680.80	55.385
680.98	55.396
681.17	55.420
681.36	55.409
681.54	55.433
681.73	55.448
681.92	55.462
682.10	55.481
682.29	55.533
682.48	55.529
682.66	55.551
682.85	55.535
683.03	55.521
683.22	55.547
683.41	55.556
683.59	55.562
683.78	55.549
683.97	55.528
684.15	55.508
684.34	55.526
684.52	55.520
684.71	55.545
684.90	55.552
685.08	55.548
685.27	55.579
685.45	55.571
685.64	55.598
685.83	55.619
686.01	55.597
686.20	55.563
686.39	55.607
686.57	55.593
686.76	55.628
686.94	55.643
687.13	55.698
687.31	55.698
687.50	55.686
687.69	55.699
687.87	55.716
688.06	55.714
688.24	55.716
688.43	55.752
688.62	55.737
688.80	55.759
688.99	55.779
689.17	55.766
689.36	55.785
689.55	55.770
689.73	55.770
689.92	55.809
690.10	55.824
690.29	55.784
690.47	55.802
690.66	55.801
690.84	55.803
691.03	55.761
691.22	55.782
691.40	55.803
691.59	55.826
691.77	55.851
691.96	55.852
692.14	55.856
692.33	55.841
692.52	55.887
692.70	55.904
692.89	55.936
693.07	55.948
693.26	55.944
693.44	55.950
693.63	55.948
693.81	55.968
694.00	55.967
694.18	56.012
694.37	56.023
694.55	56.032
694.74	56.053
694.93	56.112
695.11	56.120
695.30	56.149
695.48	56.146
695.67	56.145
695.85	56.200
696.04	56.202
696.22	56.234
696.41	56.194
696.59	56.192
696.78	56.171
696.96	56.193
697.15	56.227
697.33	56.227
697.52	56.244
697.70	56.229
697.89	56.234
698.07	56.239
698.26	56.215
698.44	56.237
698.63	56.217
698.81	56.214
699.00	56.211
699.18	56.210
699.37	56.237
699.55	56.265
699.74	56.239
699.92	56.240
700.11	56.251
700.29	56.290
700.48	56.306
700.66	56.295
700.85	56.321
701.03	56.325
701.22	56.330
701.40	56.353
701.59	56.359
701.77	56.391
701.96	56.394
702.14	56.449
702.33	56.435
702.51	56.447
702.69	56.445
702.88	56.489
703.06	56.503
703.25	56.494
703.43	56.487
703.62	56.497
703.80	56.516
703.99	56.482
704.17	56.487
704.36	56.497
704.54	56.536
704.73	56.538
704.91	56.543
705.09	56.559
705.28	56.576
705.46	56.605
705.65	56.589
705.83	56.582
706.02	56.576
706.20	56.570
706.38	56.587
706.57	56.606
706.75	56.592
706.94	56.568
707.12	56.573
707.31	56.565
707.49	56.606
707.67	56.602
707.86	56.636
708.04	56.640
708.23	56.646
708.41	56.661
708.60	56.661
708.78	56.679
708.96	56.678
709.15	56.653
709.33	56.643
709.52	56.680
709.70	56.725
709.88	56.729
710.07	56.764
710.25	56.772
710.44	56.765
710.62	56.754
710.80	56.768
710.99	56.780
711.17	56.817
711.36	56.804
711.54	56.833
711.72	56.854
711.91	56.875
712.09	56.885
712.28	56.898
712.46	56.909
712.64	56.902
712.83	56.979
713.01	56.998
713.20	57.008
713.38	57.005
713.56	56.996
713.75	57.002
713.93	56.988
714.11	57.009
714.30	57.012
714.48	57.025
714.66	57.048
714.85	57.054
715.03	57.061
715.22	57.076
715.40	57.097
715.58	57.103
715.77	57.109
715.95	57.113
716.13	57.091
716.32	57.115
716.50	57.147
716.68	57.111
716.87	57.122
717.05	57.133
717.23	57.150
717.42	57.157
717.60	57.170
717.78	57.210
717.97	57.225
718.15	57.237
718.33	57.259
718.52	57.279
718.70	57.322
718.88	57.356
719.07	57.348
719.25	57.335
719.43	57.331
719.62	57.342
719.80	57.365
719.98	57.386
720.17	57.383
720.35	57.368
720.53	57.354
720.72	57.340
720.90	57.340
721.08	57.343
721.27	57.355
721.45	57.360
721.63	57.349
721.81	57.347
722.00	57.363
722.18	57.379
722.36	57.384
722.55	57.360
722.73	57.332
722.91	57.356
723.10	57.398
723.28	57.421
723.46	57.406
723.64	57.399
723.83	57.358
724.01	57.371
724.19	57.407
724.38	57.445
724.56	57.472
724.74	57.486
724.92	57.496
725.11	57.508
725.29	57.517
725.47	57.527
725.66	57.528
725.84	57.512
726.02	57.518
726.20	57.492
726.39	57.499
726.57	57.515
726.75	57.530
726.93	57.510
727.12	57.501
727.30	57.536
727.48	57.584
727.66	57.662
727.85	57.659
728.03	57.656
728.21	57.645
728.39	57.658
728.58	57.677
728.76	57.710
728.94	57.670
729.12	57.689
729.31	57.695
729.49	57.694
729.67	57.715
729.85	57.704
730.04	57.738
730.22	57.734
730.40	57.749
730.58	57.775
730.76	57.823
730.95	57.826
731.13	57.827
731.31	57.786
731.49	57.771
731.68	57.745
731.86	57.779
732.04	57.789
732.22	57.817
732.40	57.805
732.59	57.796
732.77	57.827
732.95	57.831
733.13	57.834
733.31	57.862
733.50	57.880
733.68	57.901
733.86	57.909
734.04	57.924
734.22	57.887
734.41	57.911
734.59	57.863
734.77	57.869
734.95	57.890
735.13	57.912
735.32	57.902
735.50	57.949
735.68	57.904
735.86	57.915
736.04	57.902
736.22	57.915
736.41	57.875
736.59	57.898
736.77	57.935
736.95	57.940
737.13	57.918
737.32	57.932
737.50	57.963
737.68	57.958
737.86	57.982
738.04	58.021
738.22	58.002
738.41	58.032
738.59	58.060
738.77	58.051
738.95	58.051
739.13	58.067
739.31	58.087
739.49	58.110
739.68	58.105
739.86	58.139
740.04	58.146
740.22	58.182
740.40	58.182
740.58	58.181
740.76	58.214
740.95	58.229
741.13	58.254
741.31	58.242
741.49	58.287
741.67	58.325
741.85	58.279
742.03	58.277
742.21	58.272
742.40	58.279
742.58	58.281
742.76	58.298
742.94	58.315
743.12	58.340
743.30	58.363
743.48	58.360
743.66	58.352
743.85	58.345
744.03	58.329
744.21	58.351
744.39	58.347
744.57	58.376
744.75	58.418
744.93	58.411
745.11	58.446
745.29	58.441
745.47	58.425
745.66	58.485
745.84	58.462
746.02	58.461
746.20	58.469
746.38	58.490
746.56	58.511
746.74	58.511
746.92	58.468
747.10	58.449
747.28	58.482
747.46	58.501
747.64	58.528
747.83	58.532
748.01	58.531
748.19	58.569
748.37	58.539
748.55	58.509
748.73	58.526
748.91	58.524
749.09	58.533
749.27	58.534
749.45	58.540
749.63	58.547
749.81	58.571
749.99	58.564
750.17	58.574
750.35	58.570
750.53	58.610
750.72	58.643
750.90	58.699
751.08	58.711
751.26	58.719
751.44	58.725
751.62	58.763
751.80	58.790
751.98	58.752
752.16	58.780
752.34	58.845
752.52	58.839
752.70	58.812
752.88	58.789
753.06	58.778
753.24	58.789
753.42	58.829
753.60	58.833
753.78	58.830
753.96	58.845
754.14	58.828
754.32	58.827
754.50	58.809
754.68	58.827
754.86	58.853
755.04	58.826
755.22	58.826
755.40	58.858
755.58	58.841
755.76	58.833
755.94	58.801
756.12	58.773
756.30	58.759
756.48	58.750
756.66	58.772
756.84	58.801
757.02	58.767
757.20	58.755
757.38	58.741
757.56	58.752
757.74	58.766
757.92	58.788
758.10	58.774
758.28	58.827
758.46	58.801
758.64	58.787
758.82	58.796
759.00	58.841
759.18	58.819
759.36	58.851
759.54	58.873
759.72	58.906
759.90	58.899
760.08	58.894
760.26	58.917
760.44	58.905
760.62	58.891
760.80	58.916
760.98	58.922
761.16	58.984
761.33	59.028
761.51	59.015
761.69	59.005
761.87	59.009
762.05	59.008
762.23	58.985
762.41	58.981
762.59	58.980
762.77	58.980
762.95	58.983
763.13	58.990
763.31	59.016
763.49	59.023
763.67	59.067
763.85	59.091
764.03	59.114
764.21	59.115
764.38	59.114
764.56	59.156
764.74	59.183
764.92	59.161
765.10	59.140
765.28	59.158
765.46	59.205
765.64	59.229
765.82	59.225
766.00	59.244
766.18	59.239
766.35	59.266
766.53	59.233
766.71	59.245
766.89	59.217
767.07	59.216
767.25	59.205
767.43	59.210
767.61	59.257
767.79	59.260
767.97	59.273
768.14	59.308
768.32	59.328
768.50	59.327
768.68	59.346
768.86	59.319
769.04	59.315
769.22	59.260
769.40	59.270
769.58	59.282
769.75	59.290
769.93	59.336
770.11	59.371
770.29	59.378
770.47	59.362
770.65	59.349
770.83	59.368
771.00	59.384
771.18	59.379
771.36	59.365
771.54	59.385
771.72	59.408
771.90	59.403
772.08	59.433
772.25	59.447
772.43	59.425
772.61	59.443
772.79	59.432
772.97	59.443
773.15	59.418
773.33	59.426
773.50	59.452
773.68	59.471
773.86	59.449
774.04	59.468
774.22	59.514
774.40	59.551
774.57	59.541
774.75	59.564
774.93	59.537
775.11	59.541
775.29	59.544
775.46	59.521
775.64	59.511
775.82	59.409
776.00	59.428
776.18	59.483
776.36	59.481
776.53	59.499
776.71	59.523
776.89	59.526
777.07	59.507
777.25	59.527
777.42	59.477
777.60	59.486
777.78	59.460
777.96	59.468
778.14	59.474
778.31	59.493
778.49	59.486
778.67	59.532
778.85	59.559
779.03	59.529
779.20	59.599
779.38	59.622
779.56	59.681
779.74	59.645
779.91	59.635
780.09	59.715
780.27	59.738
780.45	59.771
780.63	59.779
780.80	59.806
780.98	59.762
781.16	59.838
781.34	59.838
781.51	59.861
781.69	59.873
781.87	59.880
782.05	59.865
782.22	59.879
782.40	59.901
782.58	59.845
782.76	59.864
782.93	59.874
783.11	59.888
783.29	59.918
783.47	59.936
783.64	59.935
783.82	59.888
784.00	59.892
784.18	59.898
784.35	59.966
784.53	59.964
784.71	59.994
784.89	59.986
785.06	59.968
785.24	59.991
785.42	59.965
785.60	60.010
785.77	60.042
785.95	60.083
786.13	60.026
786.30	60.092
786.48	60.101
786.66	60.103
786.84	60.152
787.01	60.156
787.19	60.180
787.37	60.114
787.54	60.154
787.72	60.134
787.90	60.085
788.07	60.079
788.25	60.102
788.43	60.139
788.61	60.143
788.78	60.161
788.96	60.165
789.14	60.199
789.31	60.178
789.49	60.196
789.67	60.160
789.84	60.200
790.02	60.173
790.20	60.191
790.37	60.179
790.55	60.117
790.73	60.076
790.90	60.084
791.08	60.178
791.26	60.171
791.43	60.264
791.61	60.346
791.79	60.312
791.96	60.264
792.14	60.285
792.32	60.272
792.49	60.295
792.67	60.311
792.85	60.341
793.02	60.330
793.20	60.282
793.38	60.267
793.55	60.315
793.73	60.323
793.91	60.338
794.08	60.384
794.26	60.349
794.44	60.365
794.61	60.379
794.79	60.295
794.97	60.322
795.14	60.247
795.32	60.185
795.49	60.139
795.67	60.152
795.85	60.049
796.02	60.061
796.20	60.055
796.38	60.003
796.55	59.972
796.73	59.928
796.90	59.961
797.08	60.005
797.26	59.950
797.43	59.945
797.61	59.902
797.78	59.857
797.96	59.916
798.14	59.943
798.31	59.933
798.49	60.008
798.66	60.030
798.84	60.074
799.02	60.087
799.19	60.185
799.37	60.215
799.54	60.259
799.72	60.229
799.90	60.165
800.07	60.255
800.25	60.270
800.42	60.352
800.60	60.359
800.78	60.374
800.95	60.369
801.13	60.437
801.30	60.507
801.48	60.574
801.65	60.529
801.83	60.509
802.01	60.573
802.18	60.564
802.36	60.516
802.53	60.517
802.71	60.520
802.88	60.516
803.06	60.603
803.23	60.627
803.41	60.649
803.59	60.716
803.76	60.669
803.94	60.618
804.11	60.642
804.29	60.684
804.46	60.682
804.64	60.688
804.81	60.592
804.99	60.544
805.16	60.438
805.34	60.489
805.52	60.512
805.69	60.419
805.87	60.472
806.04	60.503
806.22	60.452
806.39	60.505
806.57	60.453
806.74	60.347
806.92	60.330
807.09	60.312
807.27	60.317
807.44	60.326
807.62	60.403
807.79	60.373
807.97	60.369
808.14	60.398
808.32	60.478
808.49	60.544
808.67	60.548
808.84	60.575
809.02	60.604
809.19	60.598
809.37	60.647
809.54	60.585
809.72	60.639
809.89	60.683
810.07	60.680
810.24	60.767
810.42	60.773
810.59	60.757
810.77	60.764
810.94	60.741
811.12	60.741
811.29	60.758
811.47	60.760
811.64	60.696
811.82	60.660
811.99	60.660
812.16	60.640
812.34	60.658
812.51	60.690
812.69	60.665
812.86	60.736
813.04	60.709
813.21	60.764
813.39	60.748
813.56	60.757
813.74	60.723
813.91	60.648
814.08	60.654
814.26	60.716
814.43	60.779
814.61	60.836
814.78	60.856
814.96	60.826
815.13	60.797
815.31	60.793
815.48	60.784
815.65	60.745
815.83	60.736
816.00	60.724
816.18	60.777
816.35	60.817
816.53	60.781
816.70	60.831
816.87	60.784
817.05	60.744
817.22	60.757
817.40	60.795
817.57	60.797
817.74	60.858
817.92	60.810
818.09	60.763
818.27	60.779
818.44	60.863
818.62	60.920
818.79	60.931
818.96	60.964
819.14	61.009
819.31	61.054
819.49	61.104
819.66	61.169
819.83	61.084
820.01	61.085
820.18	61.027
820.35	60.985
820.53	61.030
820.70	61.010
820.88	61.017
821.05	60.984
821.22	60.990
821.40	60.930
821.57	61.000
821.74	60.982
821.92	60.952
822.09	60.923
822.27	60.837
822.44	60.862
822.61	60.789
822.79	60.786
822.96	60.746
823.13	60.750
823.31	60.736
823.48	60.807
823.65	60.811
823.83	60.877
824.00	60.883
824.17	60.887
824.35	60.904
824.52	60.847
824.69	60.862
824.87	60.871
825.04	60.887
825.22	60.860
825.39	60.917
825.56	60.876
825.74	60.822
825.91	60.856
826.08	60.906
826.25	60.979
826.43	61.042
826.60	61.010
826.77	60.928
826.95	60.887
827.12	60.775
827.29	60.715
827.47	60.641
827.64	60.714
827.81	60.730
827.99	60.781
828.16	60.846
828.33	60.913
828.51	60.978
828.68	61.027
828.85	61.022
829.02	61.048
829.20	61.090
829.37	61.074
829.54	61.146
829.72	61.104
829.89	61.089
830.06	60.977
830.23	61.062
830.41	61.131
830.58	61.149
830.75	61.257
830.93	61.323
831.10	61.374
831.27	61.347
831.44	61.327
831.62	61.327
831.79	61.334
831.96	61.318
832.13	61.205
832.31	61.275
832.48	61.329
832.65	61.245
832.83	61.365
833.00	61.365
833.17	61.316
833.34	61.362
833.52	61.397
833.69	61.354
833.86	61.292
834.03	61.384
834.21	61.463
834.38	61.399
834.55	61.357
834.72	61.441
834.89	61.430
835.07	61.459
835.24	61.381
835.41	61.311
835.58	61.312
835.76	61.424
835.93	61.261
836.10	61.257
836.27	61.278
836.45	61.148
836.62	61.204
836.79	61.201
836.96	61.237
837.13	61.253
837.31	61.331
837.48	61.465
837.65	61.347
837.82	61.344
837.99	61.464
838.17	61.555
838.34	61.450
838.51	61.483
838.68	61.532
838.85	61.545
839.03	61.547
839.20	61.499
839.37	61.555
839.54	61.617
839.71	61.492
839.89	61.565
840.06	61.611
840.23	61.574
840.40	61.564
840.57	61.618
840.74	61.594
840.92	61.694
841.09	61.625
841.26	61.711
841.43	61.671
841.60	61.591
841.78	61.477
841.95	61.569
842.12	61.617
842.29	61.535
842.46	61.591
842.63	61.632
842.80	61.757
842.98	61.698
843.15	61.724
843.32	61.844
843.49	61.798
843.66	61.837
843.83	61.887
844.00	61.830
844.18	61.694
844.35	61.682
844.52	61.533
844.69	61.473
844.86	61.441
845.03	61.438
845.20	61.429
845.38	61.535
845.55	61.516
845.72	61.465
845.89	61.443
846.06	61.393
846.23	61.448
846.40	61.450
846.57	61.479
846.75	61.521
846.92	61.590
847.09	61.669
847.26	61.678
847.43	61.592
847.60	61.693
847.77	61.738
847.94	61.846
848.11	61.900
848.28	61.940
848.46	61.945
848.63	61.909
848.80	62.022
848.97	61.924
849.14	61.858
849.31	61.886
849.48	62.034
849.65	62.018
849.82	61.985
849.99	61.883
850.16	61.890
850.33	61.775
850.51	61.685
850.68	61.638
850.85	61.677
851.02	61.788
851.19	61.800
851.36	61.739
851.53	61.706
851.70	61.735
851.87	61.798
852.04	61.860
852.21	61.960
852.38	61.908
852.55	62.018
852.72	62.085
852.89	61.975
853.06	61.861
853.24	61.856
853.41	61.948
853.58	62.069
853.75	62.062
853.92	62.105
854.09	62.192
854.26	62.019
854.43	62.045
854.60	61.893
854.77	61.870
854.94	61.963
855.11	62.050
855.28	62.136
855.45	62.038
855.62	61.974
855.79	61.869
855.96	61.883
856.13	61.895
856.30	61.820
856.47	61.921
856.64	62.044
856.81	62.111
856.98	62.012
857.15	61.987
857.32	61.931
857.49	62.013
857.66	62.030
857.83	62.197
858.00	62.064
858.17	62.243
858.34	62.117
858.51	62.066
858.68	61.979
858.85	61.918
859.02	62.016
859.19	62.036
859.36	62.128
859.53	62.074
859.70	62.057
859.87	62.059
860.04	61.975
860.21	61.768
860.38	61.897
860.55	61.911
860.72	61.806
860.89	61.871
861.06	61.734
861.23	61.587
861.40	61.578
861.56	61.692
861.73	61.612
861.90	61.843
862.07	61.982
862.24	61.895
862.41	61.835
862.58	61.841
862.75	61.832
862.92	61.822
863.09	61.847
863.26	61.768
863.43	61.833
863.60	61.846
863.77	61.897
863.94	61.810
864.11	61.756
864.28	61.843
864.44	61.901
864.61	62.090
864.78	62.112
864.95	62.177
865.12	62.124
865.29	62.132
865.46	62.071
865.63	61.964
865.80	62.079
865.97	62.123
866.14	62.136
866.31	62.109
866.47	62.167
866.64	62.228
866.81	62.223
866.98	62.228
867.15	62.268
867.32	62.311
867.49	62.307
867.66	62.340
867.83	62.308
867.99	62.383
868.16	62.355
868.33	62.549
868.50	62.564
868.67	62.412
868.84	62.393
869.01	62.379
869.18	62.309
869.35	62.481
869.51	62.471
869.68	62.327
869.85	62.489
870.02	62.378
870.19	62.296
870.36	62.351
870.53	62.300
870.69	62.231
870.86	62.372
871.03	62.345
871.20	62.430
871.37	62.417
871.54	61.964
871.71	61.973
871.87	61.843
872.04	61.838
872.21	61.969
872.38	62.124
872.55	62.070
872.72	62.272
872.88	62.010
873.05	62.088
873.22	62.100
873.39	62.000
873.56	61.934
873.73	61.923
873.89	61.951
874.06	62.125
874.23	62.311
874.40	62.184
874.57	62.189
874.73	62.025
874.90	62.184
875.07	62.475
875.24	62.483
875.41	62.529
875.57	62.534
875.74	62.540
875.91	62.585
876.08	62.598
876.25	62.524
876.41	62.683
876.58	62.686
876.75	62.769
876.92	62.770
877.09	62.890
877.25	62.868
877.42	62.845
877.59	62.663
877.76	62.609
877.93	62.590
878.09	62.579
878.26	62.771
878.43	62.692
878.60	62.716
878.76	62.663
878.93	62.732
879.10	62.646
879.27	62.492
879.43	62.239
879.60	62.258
879.77	62.258
879.94	62.081
880.10	62.045
880.27	62.138
880.44	62.210
880.61	62.176
880.77	62.293
880.94	62.347
881.11	62.470
881.28	62.466
881.44	62.481
881.61	62.396
881.78	62.385
881.95	62.381
882.11	62.451
882.28	62.400
882.45	62.291
882.62	62.301
882.78	62.435
882.95	62.647
883.12	62.679
883.28	62.686
883.45	62.708
883.62	62.611
883.79	62.423
883.95	62.263
884.12	62.142
884.29	62.141
884.45	62.257
884.62	62.209
884.79	62.039
884.96	62.130
885.12	62.252
885.29	60.560
885.46	60.656
885.62	61.408
885.79	59.084
885.96	62.288
886.12	64.664
886.29	62.104
886.46	58.980
886.62	64.085
886.79	62.349
