178.99	-0.017
179.20	-0.017
179.42	-0.017
179.63	-0.000
179.84	-0.000
180.06	-0.045
180.27	0.156
180.49	-0.702
180.70	0.267
180.92	-0.000
181.13	-0.661
181.35	-0.577
181.56	-0.328
181.77	-0.298
181.99	-0.186
182.20	-0.152
182.42	-0.123
182.63	-0.077
182.85	-0.047
183.06	-0.004
183.28	-0.021
183.49	-0.037
183.70	0.008
183.92	0.009
184.13	0.028
184.35	0.057
184.56	0.129
184.78	0.193
184.99	0.203
185.21	0.204
185.42	0.284
185.63	0.259
185.85	0.239
186.06	0.257
186.28	0.304
186.49	0.246
186.71	0.220
186.92	0.208
187.13	0.167
187.35	0.161
187.56	0.156
187.78	0.159
187.99	0.178
188.21	0.172
188.42	0.240
188.63	0.244
188.85	0.241
189.06	0.189
189.28	0.158
189.49	0.188
189.71	0.191
189.92	0.159
190.13	0.186
190.35	0.195
190.56	0.238
190.78	0.211
190.99	0.222
191.20	0.263
191.42	0.255
191.63	0.305
191.85	0.277
192.06	0.319
192.28	0.294
192.49	0.275
192.70	0.245
192.92	0.281
193.13	0.261
193.35	0.275
193.56	0.329
193.77	0.354
193.99	0.327
194.20	0.334
194.42	0.327
194.63	0.368
194.84	0.380
195.06	0.262
195.27	0.274
195.49	0.308
195.70	0.226
195.91	0.229
196.13	0.204
196.34	0.193
196.56	0.127
196.77	0.130
196.98	0.080
197.20	0.101
197.41	0.026
197.63	0.048
197.84	0.039
198.05	0.026
198.27	-0.004
198.48	-0.034
198.70	-0.000
198.91	0.063
199.12	0.011
199.34	0.102
199.55	0.118
199.76	0.139
199.98	0.155
200.19	0.187
200.41	0.123
200.62	0.052
200.83	0.157
201.05	0.209
201.26	0.233
201.48	0.296
201.69	0.346
201.90	0.410
202.12	0.439
202.33	0.429
202.54	0.451
202.76	0.610
202.97	0.585
203.19	0.571
203.40	0.472
203.61	0.519
203.83	0.432
204.04	0.541
204.25	0.560
204.47	0.436
204.68	0.379
204.89	0.407
205.11	0.489
205.32	0.403
205.54	0.364
205.75	0.336
205.96	0.317
206.18	0.238
206.39	0.229
206.60	0.212
206.82	0.201
207.03	0.220
207.24	0.200
207.46	0.213
207.67	0.194
207.89	0.200
208.10	0.187
208.31	0.189
208.53	0.168
208.74	0.158
208.95	0.177
209.17	0.203
209.38	0.209
209.59	0.203
209.81	0.201
210.02	0.209
210.23	0.229
210.45	0.231
210.66	0.257
210.87	0.276
211.09	0.256
211.30	0.237
211.51	0.217
211.73	0.241
211.94	0.216
212.15	0.206
212.37	0.204
212.58	0.203
212.79	0.231
213.01	0.250
213.22	0.286
213.43	0.282
213.65	0.269
213.86	0.247
214.07	0.256
214.29	0.268
214.50	0.269
214.71	0.267
214.93	0.305
215.14	0.340
215.35	0.306
215.57	0.269
215.78	0.335
215.99	0.206
216.21	0.164
216.42	0.213
216.63	0.265
216.85	0.268
217.06	0.210
217.27	0.211
217.49	0.151
217.70	0.100
217.91	0.097
218.13	0.120
218.34	0.126
218.55	0.105
218.77	0.068
218.98	0.070
219.19	0.032
219.40	0.020
219.62	-0.006
219.83	0.051
220.04	0.098
220.26	0.083
220.47	0.146
220.68	0.121
220.90	0.066
221.11	0.027
221.32	0.068
221.54	0.093
221.75	0.100
221.96	0.099
222.17	0.128
222.39	0.165
222.60	0.183
222.81	0.205
223.03	0.215
223.24	0.267
223.45	0.255
223.67	0.217
223.88	0.241
224.09	0.247
224.30	0.177
224.52	0.134
224.73	0.166
224.94	0.186
225.16	0.152
225.37	0.163
225.58	0.146
225.79	0.143
226.01	0.137
226.22	0.085
226.43	0.101
226.65	0.083
226.86	0.065
227.07	0.070
227.28	0.062
227.50	0.070
227.71	0.050
227.92	0.066
228.14	0.104
228.35	0.075
228.56	0.090
228.77	0.108
228.99	0.119
229.20	0.093
229.41	0.052
229.62	0.085
229.84	0.093
230.05	0.072
230.26	0.056
230.48	0.067
230.69	0.042
230.90	0.017
231.11	0.049
231.33	0.061
231.54	0.049
231.75	0.076
231.96	0.080
232.18	0.075
232.39	0.069
232.60	0.092
232.81	0.123
233.03	0.121
233.24	0.129
233.45	0.170
233.66	0.151
233.88	0.149
234.09	0.167
234.30	0.197
234.51	0.279
234.73	0.306
234.94	0.358
235.15	0.411
235.36	0.447
235.58	0.377
235.79	0.359
236.00	0.352
236.21	0.314
236.43	0.314
236.64	0.288
236.85	0.290
237.06	0.272
237.28	0.252
237.49	0.203
237.70	0.228
237.91	0.187
238.13	0.177
238.34	0.166
238.55	0.182
238.76	0.169
238.98	0.120
239.19	0.097
239.40	0.079
239.61	0.082
239.83	0.105
240.04	0.125
240.25	0.108
240.46	0.140
240.67	0.128
240.89	0.088
241.10	0.136
241.31	0.206
241.52	0.210
241.74	0.205
241.95	0.276
242.16	0.285
242.37	0.272
242.58	0.251
242.80	0.296
243.01	0.228
243.22	0.201
243.43	0.200
243.65	0.173
243.86	0.135
244.07	0.106
244.28	0.107
244.49	0.112
244.71	0.107
244.92	0.073
245.13	0.098
245.34	0.112
245.55	0.103
245.77	0.076
245.98	0.085
246.19	0.116
246.40	0.132
246.62	0.119
246.83	0.164
247.04	0.197
247.25	0.150
247.46	0.146
247.68	0.172
247.89	0.130
248.10	0.169
248.31	0.178
248.52	0.164
248.74	0.169
248.95	0.181
249.16	0.237
249.37	0.264
249.58	0.287
249.79	0.294
250.01	0.406
250.22	0.441
250.43	0.389
250.64	0.304
250.85	0.291
251.07	0.273
251.28	0.297
251.49	0.375
251.70	0.406
251.91	0.496
252.13	0.439
252.34	0.753
252.55	0.684
252.76	0.662
252.97	0.771
253.18	0.621
253.40	0.529
253.61	0.337
253.82	0.293
254.03	0.305
254.24	0.384
254.46	0.285
254.67	0.281
254.88	0.263
255.09	0.279
255.30	0.332
255.51	0.373
255.73	0.379
255.94	0.371
256.15	0.489
256.36	0.489
256.57	0.505
256.78	0.351
257.00	0.340
257.21	0.424
257.42	0.380
257.63	0.431
257.84	0.485
258.05	0.594
258.26	0.700
258.48	0.622
258.69	0.480
258.90	0.553
259.11	0.592
259.32	0.617
259.53	0.863
259.75	0.616
259.96	0.502
260.17	0.431
260.38	0.334
260.59	0.296
260.80	0.354
261.01	0.334
261.23	0.354
261.44	0.377
261.65	0.270
261.86	0.330
262.07	0.367
262.28	0.361
262.49	0.312
262.71	0.314
262.92	0.236
263.13	0.236
263.34	0.196
263.55	0.148
263.76	0.118
263.97	0.107
264.19	0.089
264.40	0.095
264.61	0.105
264.82	0.124
265.03	0.103
265.24	0.070
265.45	0.078
265.66	0.117
265.88	0.132
266.09	0.149
266.30	0.113
266.51	0.021
266.72	0.015
266.93	0.053
267.14	0.077
267.35	0.098
267.57	0.126
267.78	0.128
267.99	0.146
268.20	0.145
268.41	0.127
268.62	0.134
268.83	0.159
269.04	0.168
269.25	0.188
269.47	0.187
269.68	0.161
269.89	0.147
270.10	0.165
270.31	0.140
270.52	0.129
270.73	0.095
270.94	0.127
271.15	0.143
271.37	0.127
271.58	0.098
271.79	0.114
272.00	0.092
272.21	0.085
272.42	0.079
272.63	0.084
272.84	0.071
273.05	0.104
273.26	0.094
273.48	0.109
273.69	0.093
273.90	0.133
274.11	0.138
274.32	0.162
274.53	0.115
274.74	0.072
274.95	0.117
275.16	0.151
275.37	0.169
275.58	0.165
275.80	0.192
276.01	0.191
276.22	0.197
276.43	0.194
276.64	0.219
276.85	0.233
277.06	0.196
277.27	0.175
277.48	0.144
277.69	0.116
277.90	0.095
278.11	0.138
278.32	0.077
278.54	0.077
278.75	0.068
278.96	0.093
279.17	0.146
279.38	0.165
279.59	0.206
279.80	0.174
280.01	0.185
280.22	0.181
280.43	0.153
280.64	0.160
280.85	0.199
281.06	0.210
281.27	0.215
281.48	0.276
281.70	0.264
281.91	0.314
282.12	0.314
282.33	0.299
282.54	0.249
282.75	0.293
282.96	0.304
283.17	0.328
283.38	0.324
283.59	0.257
283.80	0.192
284.01	0.185
284.22	0.233
284.43	0.189
284.64	0.218
284.85	0.262
285.06	0.257
285.27	0.215
285.48	0.166
285.70	0.164
285.91	0.170
286.12	0.187
286.33	0.208
286.54	0.187
286.75	0.239
286.96	0.249
287.17	0.223
287.38	0.224
287.59	0.203
287.80	0.210
288.01	0.241
288.22	0.266
288.43	0.276
288.64	0.239
288.85	0.328
289.06	0.232
289.27	0.277
289.48	0.247
289.69	0.285
289.90	0.318
290.11	0.339
290.32	0.310
290.53	0.279
290.74	0.247
290.95	0.260
291.16	0.242
291.37	0.232
291.58	0.268
291.79	0.288
292.00	0.326
292.21	0.305
292.42	0.323
292.63	0.361
292.84	0.330
293.05	0.336
293.26	0.277
293.47	0.339
293.68	0.321
293.89	0.332
294.10	0.311
294.31	0.304
294.52	0.241
294.73	0.243
294.95	0.295
295.16	0.298
295.37	0.358
295.58	0.391
295.79	0.390
295.99	0.313
296.20	0.338
296.41	0.288
296.62	0.316
296.83	0.332
297.04	0.273
297.25	0.250
297.46	0.273
297.67	0.280
297.88	0.306
298.09	0.295
298.30	0.308
298.51	0.315
298.72	0.354
298.93	0.420
299.14	0.398
299.35	0.362
299.56	0.367
299.77	0.381
299.98	0.344
300.19	0.379
300.40	0.378
300.61	0.363
300.82	0.394
301.03	0.407
301.24	0.399
301.45	0.406
301.66	0.425
301.87	0.444
302.08	0.543
302.29	0.477
302.50	0.470
302.71	0.480
302.92	0.519
303.13	0.470
303.34	0.414
303.55	0.434
303.76	0.453
303.97	0.468
304.18	0.394
304.39	0.368
304.60	0.354
304.81	0.477
305.02	0.431
305.22	0.353
305.43	0.351
305.64	0.317
305.85	0.357
306.06	0.401
306.27	0.466
306.48	0.345
306.69	0.389
306.90	0.386
307.11	0.344
307.32	0.307
307.53	0.298
307.74	0.272
307.95	0.265
308.16	0.292
308.37	0.275
308.58	0.366
308.79	0.435
309.00	0.464
309.21	0.374
309.41	0.361
309.62	0.424
309.83	0.339
310.04	0.313
310.25	0.289
310.46	0.243
310.67	0.142
310.88	0.174
311.09	0.207
311.30	0.161
311.51	0.182
311.72	0.164
311.93	0.183
312.14	0.182
312.34	0.186
312.55	0.156
312.76	0.151
312.97	0.122
313.18	0.098
313.39	0.094
313.60	0.112
313.81	0.118
314.02	0.118
314.23	0.131
314.44	0.147
314.65	0.153
314.86	0.184
315.06	0.236
315.27	0.224
315.48	0.201
315.69	0.251
315.90	0.321
316.11	0.370
316.32	0.422
316.53	0.515
316.74	0.525
316.95	0.531
317.16	0.547
317.36	0.543
317.57	0.579
317.78	0.607
317.99	0.514
318.20	0.539
318.41	0.537
318.62	0.552
318.83	0.630
319.04	0.599
319.24	0.539
319.45	0.538
319.66	0.576
319.87	0.565
320.08	0.621
320.29	0.504
320.50	0.471
320.71	0.412
320.92	0.399
321.12	0.394
321.33	0.406
321.54	0.452
321.75	0.493
321.96	0.468
322.17	0.433
322.38	0.465
322.59	0.518
322.80	0.535
323.00	0.591
323.21	0.498
323.42	0.497
323.63	0.540
323.84	0.513
324.05	0.506
324.26	0.528
324.47	0.498
324.67	0.480
324.88	0.464
325.09	0.446
325.30	0.455
325.51	0.482
325.72	0.486
325.93	0.510
326.13	0.449
326.34	0.440
326.55	0.457
326.76	0.453
326.97	0.440
327.18	0.406
327.39	0.374
327.59	0.355
327.80	0.367
328.01	0.351
328.22	0.344
328.43	0.377
328.64	0.372
328.85	0.379
329.05	0.397
329.26	0.395
329.47	0.411
329.68	0.395
329.89	0.390
330.10	0.373
330.30	0.344
330.51	0.358
330.72	0.381
330.93	0.367
331.14	0.380
331.35	0.391
331.56	0.399
331.76	0.414
331.97	0.429
332.18	0.439
332.39	0.460
332.60	0.480
332.81	0.472
333.01	0.469
333.22	0.450
333.43	0.451
333.64	0.457
333.85	0.458
334.05	0.464
334.26	0.453
334.47	0.475
334.68	0.465
334.89	0.468
335.10	0.462
335.30	0.494
335.51	0.493
335.72	0.494
335.93	0.510
336.14	0.518
336.35	0.526
336.55	0.523
336.76	0.507
336.97	0.512
337.18	0.523
337.39	0.512
337.59	0.533
337.80	0.499
338.01	0.510
338.22	0.487
338.43	0.490
338.63	0.499
338.84	0.501
339.05	0.511
339.26	0.541
339.47	0.537
339.67	0.515
339.88	0.531
340.09	0.514
340.30	0.516
340.51	0.493
340.71	0.494
340.92	0.503
341.13	0.498
341.34	0.492
341.55	0.476
341.75	0.491
341.96	0.471
342.17	0.481
342.38	0.472
342.58	0.492
342.79	0.487
343.00	0.496
343.21	0.502
343.42	0.500
343.62	0.499
343.83	0.483
344.04	0.489
344.25	0.481
344.46	0.491
344.66	0.486
344.87	0.493
345.08	0.490
345.29	0.481
345.49	0.488
345.70	0.481
345.91	0.480
346.12	0.478
346.32	0.492
346.53	0.495
346.74	0.506
346.95	0.500
347.16	0.504
347.36	0.489
347.57	0.486
347.78	0.481
347.99	0.478
348.19	0.493
348.40	0.497
348.61	0.501
348.82	0.504
349.02	0.506
349.23	0.510
349.44	0.509
349.65	0.511
349.85	0.506
350.06	0.508
350.27	0.516
350.48	0.516
350.68	0.513
350.89	0.523
351.10	0.518
351.31	0.522
351.51	0.523
351.72	0.523
351.93	0.521
352.14	0.524
352.34	0.522
352.55	0.525
352.76	0.518
352.96	0.515
353.17	0.513
353.38	0.510
353.59	0.515
353.79	0.520
354.00	0.522
354.21	0.523
354.42	0.522
354.62	0.518
354.83	0.515
355.04	0.523
355.24	0.524
355.45	0.520
355.66	0.513
355.87	0.515
356.07	0.523
356.28	0.525
356.49	0.529
356.70	0.524
356.90	0.523
357.11	0.529
357.32	0.537
357.52	0.540
357.73	0.536
357.94	0.537
358.15	0.539
358.35	0.539
358.56	0.541
358.77	0.545
358.97	0.547
359.18	0.545
359.39	0.539
359.59	0.535
359.80	0.533
360.01	0.538
360.22	0.532
360.42	0.531
360.63	0.529
360.84	0.530
361.04	0.534
361.25	0.536
361.46	0.534
361.66	0.528
361.87	0.525
362.08	0.534
362.29	0.529
362.49	0.527
362.70	0.523
362.91	0.523
363.11	0.523
363.32	0.521
363.53	0.524
363.73	0.529
363.94	0.535
364.15	0.537
364.35	0.538
364.56	0.539
364.77	0.542
364.97	0.541
365.18	0.540
365.39	0.543
365.59	0.541
365.80	0.545
366.01	0.548
366.21	0.547
366.42	0.543
366.63	0.543
366.83	0.541
367.04	0.540
367.25	0.542
367.45	0.540
367.66	0.538
367.87	0.539
368.07	0.535
368.28	0.529
368.49	0.532
368.69	0.537
368.90	0.540
369.11	0.538
369.31	0.537
369.52	0.541
369.73	0.540
369.93	0.538
370.14	0.534
370.35	0.534
370.55	0.534
370.76	0.537
370.97	0.539
371.17	0.543
371.38	0.545
371.58	0.545
371.79	0.545
372.00	0.547
372.20	0.548
372.41	0.549
372.62	0.553
372.82	0.552
373.03	0.550
373.24	0.547
373.44	0.545
373.65	0.547
373.85	0.546
374.06	0.543
374.27	0.543
374.47	0.543
374.68	0.543
374.89	0.544
375.09	0.543
375.30	0.540
375.51	0.540
375.71	0.541
375.92	0.541
376.12	0.544
376.33	0.543
376.54	0.542
376.74	0.541
376.95	0.539
377.15	0.538
377.36	0.539
377.57	0.542
377.77	0.545
377.98	0.544
378.19	0.543
378.39	0.547
378.60	0.548
378.80	0.549
379.01	0.548
379.22	0.545
379.42	0.545
379.63	0.548
379.83	0.548
380.04	0.550
380.25	0.550
380.45	0.550
380.66	0.550
380.86	0.551
381.07	0.552
381.28	0.551
381.48	0.551
381.69	0.548
381.89	0.547
382.10	0.545
382.31	0.547
382.51	0.550
382.72	0.548
382.92	0.548
383.13	0.549
383.33	0.547
383.54	0.548
383.75	0.547
383.95	0.546
384.16	0.546
384.36	0.545
384.57	0.544
384.78	0.545
384.98	0.542
385.19	0.541
385.39	0.541
385.60	0.542
385.80	0.541
386.01	0.543
386.22	0.543
386.42	0.544
386.63	0.546
386.83	0.544
387.04	0.544
387.24	0.544
387.45	0.543
387.65	0.544
387.86	0.543
388.07	0.544
388.27	0.544
388.48	0.542
388.68	0.540
388.89	0.541
389.09	0.540
389.30	0.543
389.50	0.543
389.71	0.545
389.92	0.544
390.12	0.545
390.33	0.545
390.53	0.544
390.74	0.543
390.94	0.541
391.15	0.541
391.35	0.540
391.56	0.541
391.77	0.542
391.97	0.543
392.18	0.544
392.38	0.543
392.59	0.545
392.79	0.545
393.00	0.546
393.20	0.546
393.41	0.547
393.61	0.545
393.82	0.544
394.02	0.543
394.23	0.543
394.43	0.542
394.64	0.541
394.84	0.541
395.05	0.542
395.26	0.541
395.46	0.540
395.67	0.540
395.87	0.541
396.08	0.541
396.28	0.542
396.49	0.543
396.69	0.544
396.90	0.543
397.10	0.545
397.31	0.544
397.51	0.544
397.72	0.543
397.92	0.544
398.13	0.544
398.33	0.544
398.54	0.544
398.74	0.544
398.95	0.545
399.15	0.546
399.36	0.545
399.56	0.546
399.77	0.545
399.97	0.545
400.18	0.543
400.38	0.542
400.59	0.541
400.79	0.541
401.00	0.540
401.20	0.540
401.41	0.539
401.61	0.540
401.82	0.540
402.02	0.540
402.23	0.541
402.43	0.541
402.64	0.542
402.84	0.543
403.05	0.543
403.25	0.543
403.46	0.543
403.66	0.542
403.87	0.542
404.07	0.543
404.27	0.543
404.48	0.544
404.68	0.544
404.89	0.543
405.09	0.543
405.30	0.543
405.50	0.543
405.71	0.543
405.91	0.543
406.12	0.542
406.32	0.541
406.53	0.541
406.73	0.542
406.94	0.542
407.14	0.543
407.34	0.545
407.55	0.545
407.75	0.545
407.96	0.547
408.16	0.547
408.37	0.546
408.57	0.546
408.78	0.546
408.98	0.547
409.19	0.547
409.39	0.546
409.59	0.546
409.80	0.545
410.00	0.544
410.21	0.543
410.41	0.544
410.62	0.543
410.82	0.543
411.03	0.543
411.23	0.543
411.43	0.542
411.64	0.541
411.84	0.539
412.05	0.539
412.25	0.539
412.46	0.539
412.66	0.539
412.86	0.540
413.07	0.539
413.27	0.538
413.48	0.538
413.68	0.538
413.89	0.538
414.09	0.539
414.29	0.541
414.50	0.541
414.70	0.541
414.91	0.541
415.11	0.541
415.32	0.541
415.52	0.541
415.72	0.541
415.93	0.541
416.13	0.541
416.34	0.542
416.54	0.542
416.74	0.542
416.95	0.541
417.15	0.542
417.36	0.544
417.56	0.544
417.76	0.545
417.97	0.545
418.17	0.545
418.38	0.544
418.58	0.544
418.78	0.545
418.99	0.544
419.19	0.545
419.40	0.545
419.60	0.545
419.80	0.545
420.01	0.544
420.21	0.545
420.42	0.545
420.62	0.544
420.82	0.543
421.03	0.543
421.23	0.544
421.44	0.543
421.64	0.543
421.84	0.543
422.05	0.544
422.25	0.544
422.45	0.545
422.66	0.546
422.86	0.546
423.07	0.546
423.27	0.546
423.47	0.546
423.68	0.546
423.88	0.546
424.08	0.546
424.29	0.546
424.49	0.547
424.70	0.547
424.90	0.547
425.10	0.548
425.31	0.547
425.51	0.548
425.71	0.548
425.92	0.548
426.12	0.547
426.32	0.546
426.53	0.547
426.73	0.546
426.93	0.546
427.14	0.546
427.34	0.545
427.55	0.545
427.75	0.546
427.95	0.545
428.16	0.545
428.36	0.545
428.56	0.544
428.77	0.544
428.97	0.544
429.17	0.544
429.38	0.544
429.58	0.544
429.78	0.543
429.99	0.544
430.19	0.544
430.39	0.545
430.60	0.544
430.80	0.544
431.00	0.544
431.21	0.544
431.41	0.544
431.61	0.544
431.82	0.545
432.02	0.544
432.22	0.544
432.43	0.545
432.63	0.546
432.83	0.546
433.04	0.545
433.24	0.546
433.44	0.547
433.65	0.547
433.85	0.548
434.05	0.547
434.25	0.547
434.46	0.547
434.66	0.546
434.86	0.547
435.07	0.546
435.27	0.546
435.47	0.546
435.68	0.546
435.88	0.546
436.08	0.546
436.29	0.547
436.49	0.547
436.69	0.547
436.89	0.547
437.10	0.547
437.30	0.548
437.50	0.548
437.71	0.548
437.91	0.547
438.11	0.546
438.32	0.546
438.52	0.546
438.72	0.546
438.92	0.547
439.13	0.547
439.33	0.547
439.53	0.547
439.74	0.548
439.94	0.548
440.14	0.548
440.34	0.548
440.55	0.549
440.75	0.548
440.95	0.549
441.15	0.548
441.36	0.549
441.56	0.550
441.76	0.549
441.97	0.549
442.17	0.550
442.37	0.550
442.57	0.551
442.78	0.551
442.98	0.552
443.18	0.552
443.38	0.552
443.59	0.552
443.79	0.552
443.99	0.552
444.19	0.552
444.40	0.553
444.60	0.553
444.80	0.553
445.00	0.553
445.21	0.553
445.41	0.554
445.61	0.554
445.81	0.554
446.02	0.554
446.22	0.554
446.42	0.554
446.62	0.553
446.83	0.553
447.03	0.554
447.23	0.554
447.43	0.554
447.64	0.554
447.84	0.555
448.04	0.556
448.24	0.555
448.45	0.555
448.65	0.555
448.85	0.555
449.05	0.555
449.26	0.554
449.46	0.554
449.66	0.553
449.86	0.553
450.06	0.553
450.27	0.554
450.47	0.554
450.67	0.554
450.87	0.555
451.08	0.555
451.28	0.555
451.48	0.556
451.68	0.556
451.88	0.557
452.09	0.557
452.29	0.558
452.49	0.558
452.69	0.559
452.89	0.559
453.10	0.559
453.30	0.559
453.50	0.560
453.70	0.561
453.90	0.562
454.11	0.561
454.31	0.561
454.51	0.562
454.71	0.562
454.91	0.563
455.12	0.564
455.32	0.564
455.52	0.564
455.72	0.564
455.92	0.563
456.13	0.562
456.33	0.562
456.53	0.562
456.73	0.563
456.93	0.563
457.14	0.563
457.34	0.563
457.54	0.563
457.74	0.564
457.94	0.563
458.14	0.563
458.35	0.564
458.55	0.564
458.75	0.564
458.95	0.564
459.15	0.564
459.36	0.564
459.56	0.565
459.76	0.565
459.96	0.564
460.16	0.564
460.36	0.565
460.57	0.565
460.77	0.565
460.97	0.565
461.17	0.565
461.37	0.566
461.57	0.566
461.77	0.566
461.98	0.567
462.18	0.568
462.38	0.569
462.58	0.569
462.78	0.569
462.98	0.569
463.19	0.570
463.39	0.569
463.59	0.569
463.79	0.569
463.99	0.570
464.19	0.571
464.39	0.571
464.60	0.572
464.80	0.573
465.00	0.573
465.20	0.573
465.40	0.573
465.60	0.573
465.80	0.574
466.01	0.574
466.21	0.574
466.41	0.574
466.61	0.573
466.81	0.572
467.01	0.572
467.21	0.573
467.41	0.574
467.62	0.574
467.82	0.575
468.02	0.575
468.22	0.575
468.42	0.575
468.62	0.575
468.82	0.575
469.02	0.575
469.22	0.576
469.43	0.577
469.63	0.577
469.83	0.578
470.03	0.578
470.23	0.578
470.43	0.578
470.63	0.579
470.83	0.580
471.03	0.581
471.24	0.582
471.44	0.582
471.64	0.582
471.84	0.582
472.04	0.582
472.24	0.583
472.44	0.584
472.64	0.584
472.84	0.585
473.04	0.586
473.25	0.586
473.45	0.587
473.65	0.587
473.85	0.588
474.05	0.589
474.25	0.590
474.45	0.590
474.65	0.591
474.85	0.591
475.05	0.592
475.25	0.592
475.45	0.593
475.66	0.593
475.86	0.594
476.06	0.594
476.26	0.595
476.46	0.595
476.66	0.596
476.86	0.596
477.06	0.597
477.26	0.597
477.46	0.598
477.66	0.598
477.86	0.598
478.06	0.599
478.26	0.599
478.46	0.600
478.67	0.601
478.87	0.602
479.07	0.602
479.27	0.603
479.47	0.604
479.67	0.604
479.87	0.605
480.07	0.605
480.27	0.606
480.47	0.607
480.67	0.607
480.87	0.608
481.07	0.609
481.27	0.610
481.47	0.610
481.67	0.611
481.87	0.611
482.07	0.613
482.27	0.613
482.47	0.613
482.67	0.614
482.87	0.615
483.07	0.615
483.28	0.615
483.48	0.616
483.68	0.616
483.88	0.617
484.08	0.617
484.28	0.618
484.48	0.618
484.68	0.619
484.88	0.620
485.08	0.620
485.28	0.621
485.48	0.622
485.68	0.623
485.88	0.623
486.08	0.624
486.28	0.624
486.48	0.625
486.68	0.626
486.88	0.626
487.08	0.627
487.28	0.628
487.48	0.629
487.68	0.629
487.88	0.631
488.08	0.631
488.28	0.633
488.48	0.634
488.68	0.635
488.88	0.635
489.08	0.635
489.28	0.636
489.48	0.636
489.68	0.637
489.88	0.638
490.08	0.639
490.28	0.640
490.48	0.641
490.68	0.641
490.88	0.642
491.08	0.643
491.28	0.644
491.48	0.644
491.68	0.645
491.88	0.646
492.08	0.647
492.28	0.648
492.48	0.649
492.68	0.649
492.88	0.650
493.08	0.651
493.28	0.652
493.48	0.654
493.67	0.654
493.87	0.655
494.07	0.656
494.27	0.656
494.47	0.657
494.67	0.658
494.87	0.659
495.07	0.660
495.27	0.661
495.47	0.662
495.67	0.663
495.87	0.664
496.07	0.665
496.27	0.667
496.47	0.667
496.67	0.668
496.87	0.669
497.07	0.670
497.27	0.670
497.47	0.671
497.67	0.672
497.87	0.673
498.06	0.674
498.26	0.676
498.46	0.677
498.66	0.678
498.86	0.679
499.06	0.680
499.26	0.681
499.46	0.682
499.66	0.683
499.86	0.684
500.06	0.685
500.26	0.686
500.46	0.686
500.66	0.687
500.86	0.688
501.05	0.689
501.25	0.690
501.45	0.691
501.65	0.693
501.85	0.694
502.05	0.695
502.25	0.695
502.45	0.696
502.65	0.697
502.85	0.698
503.05	0.698
503.24	0.699
503.44	0.700
503.64	0.701
503.84	0.702
504.04	0.703
504.24	0.704
504.44	0.705
504.64	0.706
504.84	0.706
505.04	0.707
505.24	0.708
505.43	0.709
505.63	0.710
505.83	0.711
506.03	0.712
506.23	0.713
506.43	0.714
506.63	0.715
506.83	0.716
507.03	0.716
507.22	0.717
507.42	0.718
507.62	0.719
507.82	0.720
508.02	0.720
508.22	0.720
508.42	0.721
508.62	0.722
508.81	0.723
509.01	0.723
509.21	0.724
509.41	0.724
509.61	0.725
509.81	0.725
510.01	0.726
510.21	0.726
510.40	0.727
510.60	0.728
510.80	0.728
511.00	0.729
511.20	0.730
511.40	0.730
511.60	0.730
511.79	0.731
511.99	0.732
512.19	0.732
512.39	0.733
512.59	0.733
512.79	0.734
512.99	0.735
513.18	0.735
513.38	0.735
513.58	0.736
513.78	0.736
513.98	0.737
514.18	0.737
514.37	0.738
514.57	0.738
514.77	0.738
514.97	0.739
515.17	0.738
515.37	0.739
515.56	0.739
515.76	0.739
515.96	0.739
516.16	0.740
516.36	0.739
516.56	0.739
516.75	0.740
516.95	0.740
517.15	0.740
517.35	0.740
517.55	0.741
517.75	0.740
517.94	0.741
518.14	0.740
518.34	0.740
518.54	0.740
518.74	0.740
518.93	0.740
519.13	0.740
519.33	0.740
519.53	0.739
519.73	0.740
519.92	0.740
520.12	0.740
520.32	0.739
520.52	0.739
520.72	0.739
520.91	0.738
521.11	0.738
521.31	0.737
521.51	0.737
521.71	0.737
521.90	0.737
522.10	0.737
522.30	0.737
522.50	0.736
522.70	0.737
522.89	0.736
523.09	0.736
523.29	0.735
523.49	0.735
523.69	0.734
523.88	0.733
524.08	0.733
524.28	0.732
524.48	0.731
524.67	0.731
524.87	0.730
525.07	0.730
525.27	0.729
525.46	0.729
525.66	0.727
525.86	0.727
526.06	0.726
526.26	0.725
526.45	0.724
526.65	0.724
526.85	0.722
527.05	0.721
527.24	0.720
527.44	0.720
527.64	0.719
527.84	0.718
528.03	0.718
528.23	0.717
528.43	0.716
528.63	0.716
528.82	0.715
529.02	0.714
529.22	0.713
529.42	0.712
529.61	0.711
529.81	0.710
530.01	0.709
530.21	0.708
530.40	0.707
530.60	0.706
530.80	0.704
531.00	0.703
531.19	0.702
531.39	0.701
531.59	0.700
531.78	0.698
531.98	0.697
532.18	0.695
532.38	0.694
532.57	0.693
532.77	0.691
532.97	0.689
533.16	0.688
533.36	0.687
533.56	0.685
533.76	0.684
533.95	0.682
534.15	0.681
534.35	0.679
534.55	0.677
534.74	0.676
534.94	0.674
535.14	0.673
535.33	0.672
535.53	0.670
535.73	0.668
535.92	0.667
536.12	0.665
536.32	0.664
536.52	0.662
536.71	0.661
536.91	0.659
537.11	0.658
537.30	0.657
537.50	0.655
537.70	0.654
537.89	0.652
538.09	0.650
538.29	0.649
538.48	0.648
538.68	0.647
538.88	0.645
539.08	0.644
539.27	0.642
539.47	0.640
539.67	0.639
539.86	0.638
540.06	0.636
540.26	0.634
540.45	0.632
540.65	0.631
540.85	0.629
541.04	0.628
541.24	0.626
541.44	0.624
541.63	0.623
541.83	0.621
542.03	0.620
542.22	0.618
542.42	0.617
542.62	0.615
542.81	0.613
543.01	0.611
543.21	0.610
543.40	0.608
543.60	0.606
543.79	0.604
543.99	0.603
544.19	0.601
544.38	0.600
544.58	0.599
544.78	0.597
544.97	0.595
545.17	0.594
545.37	0.592
545.56	0.590
545.76	0.589
545.96	0.587
546.15	0.586
546.35	0.584
546.54	0.582
546.74	0.580
546.94	0.579
547.13	0.578
547.33	0.576
547.53	0.575
547.72	0.573
547.92	0.572
548.11	0.570
548.31	0.568
548.51	0.567
548.70	0.565
548.90	0.563
549.10	0.561
549.29	0.560
549.49	0.558
549.68	0.557
549.88	0.555
550.08	0.554
550.27	0.552
550.47	0.551
550.66	0.549
550.86	0.548
551.06	0.546
551.25	0.545
551.45	0.543
551.64	0.541
551.84	0.540
552.04	0.539
552.23	0.537
552.43	0.536
552.62	0.534
552.82	0.533
553.02	0.532
553.21	0.530
553.41	0.529
553.60	0.528
553.80	0.526
554.00	0.524
554.19	0.523
554.39	0.521
554.58	0.519
554.78	0.518
554.97	0.516
555.17	0.515
555.37	0.513
555.56	0.512
555.76	0.511
555.95	0.509
556.15	0.508
556.34	0.506
556.54	0.505
556.74	0.503
556.93	0.502
557.13	0.501
557.32	0.499
557.52	0.498
557.71	0.496
557.91	0.495
558.10	0.494
558.30	0.493
558.50	0.492
558.69	0.490
558.89	0.489
559.08	0.488
559.28	0.487
559.47	0.485
559.67	0.484
559.86	0.483
560.06	0.481
560.25	0.480
560.45	0.479
560.65	0.478
560.84	0.476
561.04	0.475
561.23	0.474
561.43	0.473
561.62	0.472
561.82	0.471
562.01	0.470
562.21	0.468
562.40	0.467
562.60	0.466
562.79	0.464
562.99	0.463
563.18	0.462
563.38	0.460
563.57	0.459
563.77	0.458
563.96	0.457
564.16	0.456
564.36	0.455
564.55	0.454
564.75	0.453
564.94	0.452
565.14	0.450
565.33	0.449
565.53	0.448
565.72	0.447
565.92	0.446
566.11	0.445
566.31	0.444
566.50	0.443
566.70	0.442
566.89	0.441
567.09	0.440
567.28	0.439
567.48	0.438
567.67	0.437
567.87	0.436
568.06	0.435
568.26	0.434
568.45	0.433
568.64	0.432
568.84	0.431
569.03	0.430
569.23	0.429
569.42	0.428
569.62	0.427
569.81	0.426
570.01	0.425
570.20	0.424
570.40	0.423
570.59	0.422
570.79	0.422
570.98	0.421
571.18	0.419
571.37	0.418
571.57	0.417
571.76	0.416
571.95	0.415
572.15	0.415
572.34	0.414
572.54	0.413
572.73	0.412
572.93	0.411
573.12	0.410
573.32	0.409
573.51	0.408
573.71	0.407
573.90	0.406
574.09	0.405
574.29	0.404
574.48	0.403
574.68	0.402
574.87	0.401
575.07	0.401
575.26	0.400
575.46	0.399
575.65	0.398
575.84	0.397
576.04	0.396
576.23	0.395
576.43	0.394
576.62	0.394
576.82	0.393
577.01	0.392
577.20	0.392
577.40	0.391
577.59	0.390
577.79	0.389
577.98	0.388
578.18	0.387
578.37	0.386
578.56	0.386
578.76	0.385
578.95	0.384
579.15	0.384
579.34	0.383
579.53	0.382
579.73	0.381
579.92	0.381
580.12	0.380
580.31	0.380
580.50	0.379
580.70	0.378
580.89	0.377
581.09	0.376
581.28	0.376
581.47	0.375
581.67	0.374
581.86	0.374
582.06	0.373
582.25	0.373
582.44	0.372
582.64	0.372
582.83	0.371
583.03	0.371
583.22	0.370
583.41	0.369
583.61	0.369
583.80	0.368
583.99	0.367
584.19	0.367
584.38	0.366
584.58	0.366
584.77	0.365
584.96	0.364
585.16	0.364
585.35	0.363
585.54	0.363
585.74	0.362
585.93	0.361
586.13	0.360
586.32	0.360
586.51	0.359
586.71	0.358
586.90	0.357
587.09	0.357
587.29	0.356
587.48	0.355
587.67	0.355
587.87	0.354
588.06	0.354
588.25	0.353
588.45	0.353
588.64	0.352
588.83	0.351
589.03	0.351
589.22	0.350
589.41	0.350
589.61	0.349
589.80	0.349
589.99	0.348
590.19	0.348
590.38	0.347
590.57	0.347
590.77	0.346
590.96	0.345
591.15	0.345
591.35	0.345
591.54	0.344
591.73	0.344
591.93	0.343
592.12	0.343
592.31	0.342
592.51	0.341
592.70	0.341
592.89	0.340
593.09	0.340
593.28	0.339
593.47	0.339
593.67	0.339
593.86	0.338
594.05	0.338
594.25	0.338
594.44	0.337
594.63	0.337
594.82	0.336
595.02	0.336
595.21	0.335
595.40	0.335
595.60	0.335
595.79	0.334
595.98	0.333
596.17	0.333
596.37	0.332
596.56	0.332
596.75	0.331
596.95	0.331
597.14	0.330
597.33	0.330
597.52	0.329
597.72	0.329
597.91	0.328
598.10	0.328
598.30	0.327
598.49	0.327
598.68	0.326
598.87	0.326
599.07	0.326
599.26	0.325
599.45	0.325
599.65	0.324
599.84	0.324
600.03	0.324
600.22	0.323
600.42	0.323
600.61	0.323
600.80	0.322
600.99	0.322
601.19	0.322
601.38	0.321
601.57	0.321
601.76	0.320
601.96	0.320
602.15	0.320
602.34	0.319
602.53	0.319
602.73	0.318
602.92	0.318
603.11	0.317
603.30	0.317
603.50	0.317
603.69	0.316
603.88	0.316
604.07	0.315
604.26	0.315
604.46	0.315
604.65	0.314
604.84	0.314
605.03	0.314
605.23	0.313
605.42	0.313
605.61	0.312
605.80	0.312
606.00	0.312
606.19	0.311
606.38	0.311
606.57	0.311
606.76	0.310
606.96	0.310
607.15	0.309
607.34	0.309
607.53	0.308
607.72	0.308
607.92	0.308
608.11	0.308
608.30	0.307
608.49	0.307
608.68	0.307
608.88	0.306
609.07	0.306
609.26	0.306
609.45	0.306
609.64	0.305
609.84	0.305
610.03	0.304
610.22	0.304
610.41	0.304
610.60	0.303
610.80	0.303
610.99	0.303
611.18	0.302
611.37	0.302
611.56	0.302
611.76	0.302
611.95	0.301
612.14	0.301
612.33	0.300
612.52	0.300
612.71	0.300
612.91	0.300
613.10	0.299
613.29	0.299
613.48	0.299
613.67	0.298
613.86	0.298
614.06	0.298
614.25	0.298
614.44	0.297
614.63	0.297
614.82	0.297
615.01	0.297
615.20	0.296
615.40	0.296
615.59	0.296
615.78	0.295
615.97	0.295
616.16	0.295
616.35	0.294
616.55	0.294
616.74	0.294
616.93	0.293
617.12	0.293
617.31	0.292
617.50	0.292
617.69	0.292
617.88	0.292
618.08	0.291
618.27	0.291
618.46	0.291
618.65	0.290
618.84	0.290
619.03	0.290
619.22	0.290
619.42	0.289
619.61	0.289
619.80	0.289
619.99	0.289
620.18	0.288
620.37	0.288
620.56	0.288
620.75	0.288
620.94	0.287
621.14	0.287
621.33	0.287
621.52	0.287
621.71	0.287
621.90	0.286
622.09	0.286
622.28	0.286
622.47	0.286
622.66	0.285
622.85	0.285
623.05	0.285
623.24	0.285
623.43	0.285
623.62	0.284
623.81	0.284
624.00	0.284
624.19	0.284
624.38	0.283
624.57	0.284
624.76	0.283
624.95	0.283
625.15	0.283
625.34	0.282
625.53	0.282
625.72	0.282
625.91	0.282
626.10	0.282
626.29	0.281
626.48	0.281
626.67	0.281
626.86	0.281
627.05	0.280
627.24	0.280
627.43	0.280
627.62	0.279
627.82	0.279
628.01	0.279
628.20	0.278
628.39	0.278
628.58	0.278
628.77	0.278
628.96	0.277
629.15	0.277
629.34	0.277
629.53	0.277
629.72	0.276
629.91	0.276
630.10	0.276
630.29	0.275
630.48	0.275
630.67	0.275
630.86	0.274
631.05	0.274
631.24	0.274
631.43	0.274
631.62	0.273
631.81	0.273
632.00	0.273
632.20	0.273
632.39	0.273
632.58	0.272
632.77	0.272
632.96	0.272
633.15	0.272
633.34	0.271
633.53	0.271
633.72	0.271
633.91	0.271
634.10	0.271
634.29	0.271
634.48	0.271
634.67	0.271
634.86	0.270
635.05	0.270
635.24	0.270
635.43	0.270
635.62	0.270
635.81	0.269
636.00	0.269
636.19	0.269
636.38	0.269
636.57	0.269
636.76	0.269
636.95	0.268
637.14	0.268
637.33	0.268
637.52	0.268
637.71	0.268
637.90	0.267
638.09	0.267
638.28	0.267
638.47	0.267
638.66	0.267
638.85	0.266
639.04	0.266
639.23	0.266
639.41	0.266
639.60	0.265
639.79	0.265
639.98	0.265
640.17	0.265
640.36	0.265
640.55	0.264
640.74	0.264
640.93	0.264
641.12	0.264
641.31	0.264
641.50	0.263
641.69	0.263
641.88	0.263
642.07	0.262
642.26	0.262
642.45	0.262
642.64	0.262
642.83	0.262
643.02	0.262
643.21	0.261
643.40	0.261
643.59	0.261
643.77	0.261
643.96	0.261
644.15	0.261
644.34	0.260
644.53	0.260
644.72	0.260
644.91	0.260
645.10	0.260
645.29	0.260
645.48	0.260
645.67	0.260
645.86	0.260
646.05	0.260
646.24	0.260
646.42	0.260
646.61	0.259
646.80	0.259
646.99	0.259
647.18	0.259
647.37	0.259
647.56	0.259
647.75	0.259
647.94	0.258
648.13	0.258
648.32	0.258
648.50	0.258
648.69	0.258
648.88	0.257
649.07	0.257
649.26	0.257
649.45	0.256
649.64	0.256
649.83	0.256
650.02	0.256
650.21	0.256
650.39	0.255
650.58	0.255
650.77	0.255
650.96	0.255
651.15	0.255
651.34	0.255
651.53	0.255
651.72	0.255
651.90	0.254
652.09	0.254
652.28	0.254
652.47	0.254
652.66	0.254
652.85	0.253
653.04	0.253
653.23	0.253
653.41	0.253
653.60	0.253
653.79	0.253
653.98	0.253
654.17	0.252
654.36	0.252
654.55	0.252
654.73	0.252
654.92	0.251
655.11	0.251
655.30	0.251
655.49	0.251
655.68	0.251
655.87	0.251
656.05	0.250
656.24	0.250
656.43	0.250
656.62	0.250
656.81	0.250
657.00	0.250
657.18	0.250
657.37	0.250
657.56	0.250
657.75	0.250
657.94	0.250
658.13	0.249
658.31	0.249
658.50	0.249
658.69	0.249
658.88	0.249
659.07	0.249
659.26	0.249
659.44	0.248
659.63	0.248
659.82	0.248
660.01	0.248
660.20	0.248
660.38	0.248
660.57	0.248
660.76	0.248
660.95	0.248
661.14	0.247
661.32	0.247
661.51	0.247
661.70	0.247
661.89	0.247
662.08	0.246
662.26	0.246
662.45	0.246
662.64	0.246
662.83	0.246
663.02	0.246
663.20	0.246
663.39	0.246
663.58	0.245
663.77	0.245
663.96	0.245
664.14	0.245
664.33	0.244
664.52	0.244
664.71	0.244
664.89	0.244
665.08	0.244
665.27	0.244
665.46	0.244
665.64	0.243
665.83	0.243
666.02	0.243
666.21	0.243
666.40	0.243
666.58	0.243
666.77	0.243
666.96	0.242
667.15	0.242
667.33	0.242
667.52	0.242
667.71	0.242
667.90	0.242
668.08	0.242
668.27	0.242
668.46	0.242
668.65	0.242
668.83	0.241
669.02	0.241
669.21	0.241
669.40	0.241
669.58	0.241
669.77	0.242
669.96	0.241
670.14	0.241
670.33	0.241
670.52	0.241
670.71	0.240
670.89	0.240
671.08	0.240
671.27	0.240
671.46	0.240
671.64	0.240
671.83	0.239
672.02	0.239
672.20	0.239
672.39	0.239
672.58	0.238
672.77	0.238
672.95	0.238
673.14	0.238
673.33	0.238
673.51	0.238
673.70	0.237
673.89	0.237
674.08	0.237
674.26	0.237
674.45	0.237
674.64	0.237
674.82	0.237
675.01	0.237
675.20	0.237
675.38	0.236
675.57	0.236
675.76	0.236
675.94	0.236
676.13	0.236
676.32	0.236
676.51	0.236
676.69	0.236
676.88	0.236
677.07	0.236
677.25	0.236
677.44	0.236
677.63	0.236
677.81	0.235
678.00	0.235
678.19	0.235
678.37	0.235
678.56	0.234
678.75	0.235
678.93	0.235
679.12	0.234
679.31	0.234
679.49	0.234
679.68	0.234
679.87	0.234
680.05	0.234
680.24	0.234
680.42	0.234
680.61	0.233
680.80	0.233
680.98	0.233
681.17	0.233
681.36	0.233
681.54	0.233
681.73	0.232
681.92	0.233
682.10	0.232
682.29	0.232
682.48	0.232
682.66	0.232
682.85	0.232
683.03	0.232
683.22	0.232
683.41	0.232
683.59	0.232
683.78	0.232
683.97	0.231
684.15	0.231
684.34	0.231
684.52	0.231
684.71	0.231
684.90	0.231
685.08	0.231
685.27	0.230
685.45	0.230
685.64	0.230
685.83	0.230
686.01	0.230
686.20	0.230
686.39	0.230
686.57	0.230
686.76	0.229
686.94	0.229
687.13	0.229
687.31	0.229
687.50	0.229
687.69	0.229
687.87	0.229
688.06	0.228
688.24	0.228
688.43	0.228
688.62	0.228
688.80	0.228
688.99	0.228
689.17	0.228
689.36	0.228
689.55	0.227
689.73	0.228
689.92	0.228
690.10	0.227
690.29	0.227
690.47	0.228
690.66	0.228
690.84	0.227
691.03	0.227
691.22	0.227
691.40	0.227
691.59	0.227
691.77	0.227
691.96	0.227
692.14	0.227
692.33	0.227
692.52	0.227
692.70	0.227
692.89	0.227
693.07	0.227
693.26	0.227
693.44	0.227
693.63	0.227
693.81	0.226
694.00	0.227
694.18	0.226
694.37	0.226
694.55	0.226
694.74	0.226
694.93	0.226
695.11	0.226
695.30	0.226
695.48	0.226
695.67	0.226
695.85	0.225
696.04	0.225
696.22	0.225
696.41	0.225
696.59	0.225
696.78	0.225
696.96	0.225
697.15	0.225
697.33	0.225
697.52	0.225
697.70	0.224
697.89	0.224
698.07	0.224
698.26	0.224
698.44	0.224
698.63	0.225
698.81	0.224
699.00	0.224
699.18	0.224
699.37	0.224
699.55	0.224
699.74	0.224
699.92	0.224
700.11	0.224
700.29	0.224
700.48	0.224
700.66	0.224
700.85	0.223
701.03	0.223
701.22	0.223
701.40	0.223
701.59	0.223
701.77	0.223
701.96	0.223
702.14	0.223
702.33	0.223
702.51	0.222
702.69	0.222
702.88	0.222
703.06	0.222
703.25	0.222
703.43	0.221
703.62	0.221
703.80	0.221
703.99	0.221
704.17	0.221
704.36	0.220
704.54	0.220
704.73	0.220
704.91	0.220
705.09	0.220
705.28	0.220
705.46	0.220
705.65	0.220
705.83	0.220
706.02	0.220
706.20	0.220
706.38	0.219
706.57	0.219
706.75	0.220
706.94	0.220
707.12	0.220
707.31	0.220
707.49	0.220
707.67	0.220
707.86	0.220
708.04	0.219
708.23	0.219
708.41	0.219
708.60	0.219
708.78	0.220
708.96	0.219
709.15	0.219
709.33	0.219
709.52	0.219
709.70	0.219
709.88	0.219
710.07	0.218
710.25	0.218
710.44	0.218
710.62	0.218
710.80	0.218
710.99	0.218
711.17	0.218
711.36	0.218
711.54	0.218
711.72	0.218
711.91	0.217
712.09	0.217
712.28	0.217
712.46	0.217
712.64	0.217
712.83	0.217
713.01	0.217
713.20	0.217
713.38	0.217
713.56	0.217
713.75	0.217
713.93	0.217
714.11	0.216
714.30	0.216
714.48	0.216
714.66	0.216
714.85	0.216
715.03	0.216
715.22	0.216
715.40	0.216
715.58	0.216
715.77	0.216
715.95	0.216
716.13	0.216
716.32	0.216
716.50	0.216
716.68	0.215
716.87	0.215
717.05	0.215
717.23	0.215
717.42	0.215
717.60	0.215
717.78	0.215
717.97	0.215
718.15	0.215
718.33	0.215
718.52	0.215
718.70	0.215
718.88	0.215
719.07	0.215
719.25	0.215
719.43	0.215
719.62	0.215
719.80	0.215
719.98	0.215
720.17	0.214
720.35	0.214
720.53	0.214
720.72	0.214
720.90	0.214
721.08	0.214
721.27	0.214
721.45	0.214
721.63	0.214
721.81	0.214
722.00	0.214
722.18	0.214
722.36	0.214
722.55	0.214
722.73	0.214
722.91	0.214
723.10	0.214
723.28	0.214
723.46	0.214
723.64	0.213
723.83	0.213
724.01	0.213
724.19	0.213
724.38	0.212
724.56	0.212
724.74	0.212
724.92	0.212
725.11	0.212
725.29	0.212
725.47	0.212
725.66	0.212
725.84	0.212
726.02	0.211
726.20	0.211
726.39	0.211
726.57	0.211
726.75	0.211
726.93	0.211
727.12	0.211
727.30	0.211
727.48	0.211
727.66	0.210
727.85	0.211
728.03	0.211
728.21	0.211
728.39	0.211
728.58	0.211
728.76	0.211
728.94	0.210
729.12	0.211
729.31	0.210
729.49	0.211
729.67	0.211
729.85	0.211
730.04	0.210
730.22	0.210
730.40	0.210
730.58	0.210
730.76	0.210
730.95	0.210
731.13	0.210
731.31	0.210
731.49	0.210
731.68	0.210
731.86	0.210
732.04	0.210
732.22	0.210
732.40	0.209
732.59	0.209
732.77	0.209
732.95	0.210
733.13	0.209
733.31	0.209
733.50	0.209
733.68	0.209
733.86	0.209
734.04	0.209
734.22	0.208
734.41	0.208
734.59	0.208
734.77	0.208
734.95	0.208
735.13	0.208
735.32	0.208
735.50	0.208
735.68	0.208
735.86	0.208
736.04	0.208
736.22	0.208
736.41	0.207
736.59	0.208
736.77	0.207
736.95	0.207
737.13	0.207
737.32	0.207
737.50	0.207
737.68	0.207
737.86	0.207
738.04	0.207
738.22	0.207
738.41	0.207
738.59	0.207
738.77	0.207
738.95	0.207
739.13	0.207
739.31	0.207
739.49	0.206
739.68	0.206
739.86	0.206
740.04	0.206
740.22	0.206
740.40	0.206
740.58	0.206
740.76	0.206
740.95	0.206
741.13	0.206
741.31	0.206
741.49	0.206
741.67	0.206
741.85	0.206
742.03	0.206
742.21	0.206
742.40	0.205
742.58	0.205
742.76	0.205
742.94	0.205
743.12	0.205
743.30	0.205
743.48	0.205
743.66	0.205
743.85	0.205
744.03	0.205
744.21	0.205
744.39	0.205
744.57	0.205
744.75	0.206
744.93	0.206
745.11	0.206
745.29	0.206
745.47	0.206
745.66	0.205
745.84	0.205
746.02	0.205
746.20	0.205
746.38	0.206
746.56	0.206
746.74	0.205
746.92	0.206
747.10	0.206
747.28	0.206
747.46	0.206
747.64	0.205
747.83	0.205
748.01	0.205
748.19	0.205
748.37	0.205
748.55	0.205
748.73	0.204
748.91	0.204
749.09	0.204
749.27	0.204
749.45	0.205
749.63	0.205
749.81	0.204
749.99	0.205
750.17	0.205
750.35	0.204
750.53	0.204
750.72	0.204
750.90	0.204
751.08	0.204
751.26	0.204
751.44	0.204
751.62	0.203
751.80	0.203
751.98	0.203
752.16	0.203
752.34	0.202
752.52	0.202
752.70	0.202
752.88	0.202
753.06	0.202
753.24	0.202
753.42	0.201
753.60	0.201
753.78	0.201
753.96	0.201
754.14	0.201
754.32	0.201
754.50	0.201
754.68	0.201
754.86	0.201
755.04	0.201
755.22	0.201
755.40	0.202
755.58	0.202
755.76	0.201
755.94	0.201
756.12	0.201
756.30	0.201
756.48	0.201
756.66	0.201
756.84	0.201
757.02	0.201
757.20	0.201
757.38	0.201
757.56	0.201
757.74	0.201
757.92	0.201
758.10	0.201
758.28	0.201
758.46	0.201
758.64	0.201
758.82	0.201
759.00	0.200
759.18	0.200
759.36	0.201
759.54	0.201
759.72	0.201
759.90	0.200
760.08	0.201
760.26	0.200
760.44	0.200
760.62	0.200
760.80	0.200
760.98	0.200
761.16	0.200
761.33	0.200
761.51	0.200
761.69	0.199
761.87	0.199
762.05	0.199
762.23	0.199
762.41	0.199
762.59	0.199
762.77	0.199
762.95	0.198
763.13	0.198
763.31	0.198
763.49	0.199
763.67	0.199
763.85	0.199
764.03	0.199
764.21	0.199
764.38	0.199
764.56	0.199
764.74	0.198
764.92	0.198
765.10	0.198
765.28	0.198
765.46	0.198
765.64	0.198
765.82	0.198
766.00	0.198
766.18	0.198
766.35	0.198
766.53	0.198
766.71	0.198
766.89	0.198
767.07	0.198
767.25	0.198
767.43	0.198
767.61	0.198
767.79	0.198
767.97	0.197
768.14	0.197
768.32	0.197
768.50	0.197
768.68	0.197
768.86	0.197
769.04	0.198
769.22	0.197
769.40	0.197
769.58	0.197
769.75	0.197
769.93	0.198
770.11	0.198
770.29	0.197
770.47	0.197
770.65	0.197
770.83	0.197
771.00	0.197
771.18	0.197
771.36	0.196
771.54	0.196
771.72	0.196
771.90	0.196
772.08	0.196
772.25	0.196
772.43	0.196
772.61	0.196
772.79	0.195
772.97	0.195
773.15	0.195
773.33	0.195
773.50	0.195
773.68	0.195
773.86	0.195
774.04	0.195
774.22	0.195
774.40	0.195
774.57	0.195
774.75	0.195
774.93	0.195
775.11	0.195
775.29	0.195
775.46	0.195
775.64	0.195
775.82	0.195
776.00	0.195
776.18	0.195
776.36	0.195
776.53	0.195
776.71	0.195
776.89	0.195
777.07	0.195
777.25	0.195
777.42	0.195
777.60	0.195
777.78	0.195
777.96	0.195
778.14	0.195
778.31	0.195
778.49	0.194
778.67	0.194
778.85	0.194
779.03	0.194
779.20	0.194
779.38	0.194
779.56	0.194
779.74	0.194
779.91	0.194
780.09	0.194
780.27	0.194
780.45	0.194
780.63	0.194
780.80	0.194
780.98	0.193
781.16	0.193
781.34	0.193
781.51	0.193
781.69	0.193
781.87	0.193
782.05	0.193
782.22	0.193
782.40	0.193
782.58	0.193
782.76	0.193
782.93	0.193
783.11	0.193
783.29	0.193
783.47	0.193
783.64	0.193
783.82	0.193
784.00	0.192
784.18	0.192
784.35	0.193
784.53	0.192
784.71	0.192
784.89	0.192
785.06	0.192
785.24	0.192
785.42	0.192
785.60	0.192
785.77	0.192
785.95	0.192
786.13	0.192
786.30	0.192
786.48	0.192
786.66	0.192
786.84	0.192
787.01	0.192
787.19	0.192
787.37	0.192
787.54	0.192
787.72	0.192
787.90	0.192
788.07	0.192
788.25	0.192
788.43	0.192
788.61	0.192
788.78	0.192
788.96	0.192
789.14	0.192
789.31	0.192
789.49	0.191
789.67	0.191
789.84	0.192
790.02	0.191
790.20	0.191
790.37	0.191
790.55	0.191
790.73	0.191
790.90	0.191
791.08	0.191
791.26	0.191
791.43	0.192
791.61	0.192
791.79	0.191
791.96	0.191
792.14	0.191
792.32	0.191
792.49	0.191
792.67	0.191
792.85	0.191
793.02	0.190
793.20	0.191
793.38	0.191
793.55	0.191
793.73	0.191
793.91	0.191
794.08	0.191
794.26	0.191
794.44	0.191
794.61	0.190
794.79	0.190
794.97	0.190
795.14	0.190
795.32	0.190
795.49	0.190
795.67	0.190
795.85	0.190
796.02	0.190
796.20	0.190
796.38	0.190
796.55	0.190
796.73	0.190
796.90	0.190
797.08	0.190
797.26	0.190
797.43	0.190
797.61	0.190
797.78	0.190
797.96	0.190
798.14	0.190
798.31	0.190
798.49	0.190
798.66	0.191
798.84	0.191
799.02	0.191
799.19	0.191
799.37	0.191
799.54	0.191
799.72	0.191
799.90	0.191
800.07	0.191
800.25	0.190
800.42	0.190
800.60	0.190
800.78	0.190
800.95	0.190
801.13	0.190
801.30	0.190
801.48	0.191
801.65	0.190
801.83	0.190
802.01	0.189
802.18	0.189
802.36	0.189
802.53	0.189
802.71	0.189
802.88	0.188
803.06	0.188
803.23	0.188
803.41	0.188
803.59	0.188
803.76	0.188
803.94	0.189
804.11	0.190
804.29	0.189
804.46	0.189
804.64	0.190
804.81	0.189
804.99	0.189
805.16	0.188
805.34	0.189
805.52	0.189
805.69	0.189
805.87	0.189
806.04	0.188
806.22	0.188
806.39	0.188
806.57	0.188
806.74	0.189
806.92	0.189
807.09	0.189
807.27	0.189
807.44	0.189
807.62	0.188
807.79	0.187
807.97	0.188
808.14	0.188
808.32	0.187
808.49	0.188
808.67	0.188
808.84	0.188
809.02	0.188
809.19	0.188
809.37	0.187
809.54	0.188
809.72	0.188
809.89	0.188
810.07	0.188
810.24	0.187
810.42	0.187
810.59	0.187
810.77	0.186
810.94	0.186
811.12	0.187
811.29	0.187
811.47	0.187
811.64	0.186
811.82	0.187
811.99	0.186
812.16	0.186
812.34	0.186
812.51	0.186
812.69	0.186
812.86	0.186
813.04	0.186
813.21	0.186
813.39	0.186
813.56	0.186
813.74	0.186
813.91	0.186
814.08	0.186
814.26	0.186
814.43	0.186
814.61	0.186
814.78	0.186
814.96	0.185
815.13	0.186
815.31	0.186
815.48	0.185
815.65	0.186
815.83	0.186
816.00	0.186
816.18	0.186
816.35	0.185
816.53	0.185
816.70	0.185
816.87	0.185
817.05	0.184
817.22	0.184
817.40	0.185
817.57	0.185
817.74	0.185
817.92	0.185
818.09	0.185
818.27	0.186
818.44	0.186
818.62	0.185
818.79	0.185
818.96	0.186
819.14	0.186
819.31	0.185
819.49	0.185
819.66	0.185
819.83	0.185
820.01	0.186
820.18	0.186
820.35	0.187
820.53	0.187
820.70	0.187
820.88	0.187
821.05	0.187
821.22	0.187
821.40	0.187
821.57	0.187
821.74	0.187
821.92	0.186
822.09	0.186
822.27	0.186
822.44	0.185
822.61	0.184
822.79	0.184
822.96	0.184
823.13	0.184
823.31	0.184
823.48	0.185
823.65	0.184
823.83	0.185
824.00	0.184
824.17	0.184
824.35	0.184
824.52	0.184
824.69	0.184
824.87	0.184
825.04	0.184
825.22	0.184
825.39	0.183
825.56	0.184
825.74	0.184
825.91	0.184
826.08	0.185
826.25	0.186
826.43	0.186
826.60	0.186
826.77	0.185
826.95	0.185
827.12	0.185
827.29	0.185
827.47	0.184
827.64	0.184
827.81	0.183
827.99	0.183
828.16	0.183
828.33	0.184
828.51	0.184
828.68	0.184
828.85	0.184
829.02	0.184
829.20	0.184
829.37	0.184
829.54	0.184
829.72	0.183
829.89	0.183
830.06	0.184
830.23	0.184
830.41	0.184
830.58	0.184
830.75	0.185
830.93	0.185
831.10	0.185
831.27	0.185
831.44	0.186
831.62	0.186
831.79	0.185
831.96	0.185
832.13	0.184
832.31	0.184
832.48	0.184
832.65	0.184
832.83	0.183
833.00	0.183
833.17	0.183
833.34	0.184
833.52	0.184
833.69	0.184
833.86	0.183
834.03	0.184
834.21	0.184
834.38	0.185
834.55	0.184
834.72	0.184
834.89	0.184
835.07	0.184
835.24	0.184
835.41	0.184
835.58	0.184
835.76	0.185
835.93	0.185
836.10	0.184
836.27	0.184
836.45	0.185
836.62	0.185
836.79	0.186
836.96	0.186
837.13	0.185
837.31	0.186
837.48	0.185
837.65	0.185
837.82	0.184
837.99	0.183
838.17	0.183
838.34	0.183
838.51	0.183
838.68	0.183
838.85	0.183
839.03	0.183
839.20	0.183
839.37	0.182
839.54	0.183
839.71	0.183
839.89	0.184
840.06	0.183
840.23	0.183
840.40	0.182
840.57	0.183
840.74	0.183
840.92	0.182
841.09	0.183
841.26	0.182
841.43	0.183
841.60	0.183
841.78	0.183
841.95	0.183
842.12	0.183
842.29	0.183
842.46	0.183
842.63	0.183
842.80	0.183
842.98	0.183
843.15	0.183
843.32	0.183
843.49	0.182
843.66	0.183
843.83	0.183
844.00	0.183
844.18	0.182
844.35	0.182
844.52	0.182
844.69	0.181
844.86	0.181
845.03	0.181
845.20	0.180
845.38	0.180
845.55	0.180
845.72	0.181
845.89	0.181
846.06	0.182
846.23	0.182
846.40	0.182
846.57	0.181
846.75	0.181
846.92	0.180
847.09	0.180
847.26	0.180
847.43	0.180
847.60	0.180
847.77	0.180
847.94	0.181
848.11	0.181
848.28	0.181
848.46	0.181
848.63	0.182
848.80	0.182
848.97	0.182
849.14	0.182
849.31	0.181
849.48	0.181
849.65	0.180
849.82	0.181
849.99	0.181
850.16	0.181
850.33	0.181
850.51	0.181
850.68	0.182
850.85	0.182
851.02	0.182
851.19	0.181
851.36	0.181
851.53	0.181
851.70	0.181
851.87	0.181
852.04	0.181
852.21	0.181
852.38	0.181
852.55	0.182
852.72	0.181
852.89	0.182
853.06	0.181
853.24	0.181
853.41	0.181
853.58	0.181
853.75	0.180
853.92	0.180
854.09	0.180
854.26	0.179
854.43	0.180
854.60	0.179
854.77	0.179
854.94	0.180
855.11	0.181
855.28	0.181
855.45	0.182
855.62	0.182
855.79	0.182
855.96	0.182
856.13	0.182
856.30	0.182
856.47	0.182
856.64	0.183
856.81	0.184
856.98	0.183
857.15	0.184
857.32	0.185
857.49	0.185
857.66	0.185
857.83	0.185
858.00	0.185
858.17	0.186
858.34	0.185
858.51	0.184
858.68	0.184
858.85	0.184
859.02	0.183
859.19	0.183
859.36	0.182
859.53	0.183
859.70	0.182
859.87	0.182
860.04	0.181
860.21	0.180
860.38	0.179
860.55	0.180
860.72	0.180
860.89	0.180
861.06	0.180
861.23	0.180
861.40	0.180
861.56	0.179
861.73	0.178
861.90	0.179
862.07	0.179
862.24	0.179
862.41	0.178
862.58	0.179
862.75	0.179
862.92	0.180
863.09	0.179
863.26	0.179
863.43	0.180
863.60	0.181
863.77	0.181
863.94	0.182
864.11	0.181
864.28	0.181
864.44	0.181
864.61	0.180
864.78	0.180
864.95	0.181
865.12	0.182
865.29	0.182
865.46	0.182
865.63	0.182
865.80	0.181
865.97	0.182
866.14	0.181
866.31	0.182
866.47	0.181
866.64	0.181
866.81	0.182
866.98	0.181
867.15	0.180
867.32	0.180
867.49	0.180
867.66	0.179
867.83	0.179
867.99	0.178
868.16	0.178
868.33	0.177
868.50	0.176
868.67	0.176
868.84	0.175
869.01	0.176
869.18	0.176
869.35	0.177
869.51	0.177
869.68	0.176
869.85	0.176
870.02	0.175
870.19	0.175
870.36	0.176
870.53	0.176
870.69	0.176
870.86	0.176
871.03	0.176
871.20	0.176
871.37	0.177
871.54	0.178
871.71	0.178
871.87	0.180
872.04	0.179
872.21	0.178
872.38	0.178
872.55	0.177
872.72	0.177
872.88	0.177
873.05	0.176
873.22	0.176
873.39	0.178
873.56	0.178
873.73	0.179
873.89	0.178
874.06	0.178
874.23	0.178
874.40	0.178
874.57	0.177
874.73	0.177
874.90	0.175
875.07	0.175
875.24	0.175
875.41	0.175
875.57	0.176
875.74	0.177
875.91	0.177
876.08	0.177
876.25	0.176
876.41	0.176
876.58	0.177
876.75	0.178
876.92	0.177
877.09	0.177
877.25	0.175
877.42	0.175
877.59	0.175
877.76	0.174
877.93	0.175
878.09	0.176
878.26	0.175
878.43	0.177
878.60	0.176
878.76	0.177
878.93	0.176
879.10	0.176
879.27	0.176
879.43	0.176
879.60	0.177
879.77	0.178
879.94	0.178
880.10	0.177
880.27	0.176
880.44	0.176
880.61	0.174
880.77	0.175
880.94	0.176
881.11	0.175
881.28	0.177
881.44	0.177
881.61	0.177
881.78	0.178
881.95	0.177
882.11	0.178
882.28	0.178
882.45	0.180
882.62	0.179
882.78	0.179
882.95	0.178
883.12	0.178
883.28	0.178
883.45	0.176
883.62	0.177
883.79	0.177
883.95	0.177
884.12	0.178
884.29	0.178
884.45	0.176
884.62	0.176
884.79	0.175
884.96	0.176
885.12	0.175
885.29	0.179
885.46	0.171
885.62	0.189
885.79	0.184
885.96	0.159
886.12	0.160
886.29	0.159
886.46	0.187
886.62	0.190
886.79	0.168
