178.99	95.833
179.20	95.833
179.42	95.833
179.63	-111.392
179.84	-129.348
180.06	-181.538
180.27	204.348
180.49	236.735
180.70	-76.786
180.92	20.000
181.13	-179.792
181.35	-232.918
181.56	-244.241
181.77	-509.417
181.99	-1788.136
182.20	613.939
182.42	304.464
182.63	284.921
182.85	227.854
183.06	167.151
183.28	194.763
183.49	123.519
183.70	130.428
183.92	119.190
184.13	109.309
184.35	101.831
184.56	104.474
184.78	100.351
184.99	104.439
185.21	110.937
185.42	112.684
185.63	99.455
185.85	100.715
186.06	109.994
186.28	116.900
186.49	123.091
186.71	132.636
186.92	130.868
187.13	122.657
187.35	130.666
187.56	139.141
187.78	142.412
187.99	145.339
188.21	153.700
188.42	139.580
188.63	138.295
188.85	133.915
189.06	138.740
189.28	152.260
189.49	158.477
189.71	163.267
189.92	143.862
190.13	156.898
190.35	153.750
190.56	151.671
190.78	138.837
190.99	140.373
191.20	125.171
191.42	140.686
191.63	144.186
191.85	145.901
192.06	137.805
192.28	133.333
192.49	132.636
192.70	142.487
192.92	145.086
193.13	161.609
193.35	164.393
193.56	165.583
193.77	152.476
193.99	154.620
194.20	142.053
194.42	144.368
194.63	138.706
194.84	142.190
195.06	135.936
195.27	141.657
195.49	138.548
195.70	145.816
195.91	125.937
196.13	136.129
196.34	130.797
196.56	130.549
196.77	122.673
196.98	121.818
197.20	102.972
197.41	109.511
197.63	98.343
197.84	96.194
198.05	96.086
198.27	98.426
198.48	91.678
198.70	96.470
198.91	97.997
199.12	95.090
199.34	95.816
199.55	94.703
199.76	98.579
199.98	95.556
200.19	95.048
200.41	104.706
200.62	98.667
200.83	100.755
201.05	100.283
201.26	105.564
201.48	102.639
201.69	104.848
201.90	101.777
202.12	104.871
202.33	108.872
202.54	106.352
202.76	109.178
202.97	110.522
203.19	116.674
203.40	116.188
203.61	124.320
203.83	126.399
204.04	140.220
204.25	132.035
204.47	140.683
204.68	146.499
204.89	141.546
205.11	138.906
205.32	147.623
205.54	152.778
205.75	153.902
205.96	147.259
206.18	160.398
206.39	157.469
206.60	160.396
206.82	156.206
207.03	154.225
207.24	146.705
207.46	146.946
207.67	137.662
207.89	146.030
208.10	140.226
208.31	145.405
208.53	138.222
208.74	123.511
208.95	124.202
209.17	132.359
209.38	135.482
209.59	142.294
209.81	132.319
210.02	128.003
210.23	132.462
210.45	143.598
210.66	123.596
210.87	122.717
211.09	124.804
211.30	139.943
211.51	138.822
211.73	134.526
211.94	125.435
212.15	111.199
212.37	103.348
212.58	106.379
212.79	98.043
213.01	93.779
213.22	108.220
213.43	113.942
213.65	110.591
213.86	105.225
214.07	109.721
214.29	119.663
214.50	126.805
214.71	120.655
214.93	125.569
215.14	120.511
215.35	116.558
215.57	105.332
215.78	98.598
215.99	92.750
216.21	105.207
216.42	117.615
216.63	141.312
216.85	140.664
217.06	148.681
217.27	146.845
217.49	150.367
217.70	152.912
217.91	139.782
218.13	140.604
218.34	136.177
218.55	128.212
218.77	108.456
218.98	100.050
219.19	94.223
219.40	89.502
219.62	103.040
219.83	112.415
220.04	109.895
220.26	100.463
220.47	111.834
220.68	105.797
220.90	100.710
221.11	94.203
221.32	94.338
221.54	89.354
221.75	91.087
221.96	95.104
222.17	90.263
222.39	87.815
222.60	83.314
222.81	84.466
223.03	82.171
223.24	87.270
223.45	91.396
223.67	93.941
223.88	89.441
224.09	86.296
224.30	80.337
224.52	87.301
224.73	92.463
224.94	87.117
225.16	85.612
225.37	95.306
225.58	98.666
225.79	100.000
226.01	96.748
226.22	102.223
226.43	102.307
226.65	105.892
226.86	102.236
227.07	102.654
227.28	109.827
227.50	118.892
227.71	129.598
227.92	131.315
228.14	131.906
228.35	139.179
228.56	151.221
228.77	151.854
228.99	148.113
229.20	136.852
229.41	135.544
229.62	146.611
229.84	123.457
230.05	113.383
230.26	109.351
230.48	113.754
230.69	109.357
230.90	102.424
231.11	101.307
231.33	107.918
231.54	119.702
231.75	125.541
231.96	125.292
232.18	114.155
232.39	114.982
232.60	113.511
232.81	111.093
233.03	107.548
233.24	109.014
233.45	107.496
233.66	106.334
233.88	113.038
234.09	103.971
234.30	100.788
234.51	108.980
234.73	109.164
234.94	102.238
235.15	109.753
235.36	101.212
235.58	103.714
235.79	106.599
236.00	104.260
236.21	93.182
236.43	95.716
236.64	95.799
236.85	94.305
237.06	103.056
237.28	107.569
237.49	103.341
237.70	108.744
237.91	112.712
238.13	112.550
238.34	105.807
238.55	113.212
238.76	122.131
238.98	117.493
239.19	123.712
239.40	138.210
239.61	122.737
239.83	127.945
240.04	123.718
240.25	116.321
240.46	102.526
240.67	110.243
240.89	109.381
241.10	115.267
241.31	102.203
241.52	96.897
241.74	100.230
241.95	108.201
242.16	108.212
242.37	102.963
242.58	114.725
242.80	114.358
243.01	113.501
243.22	116.361
243.43	109.152
243.65	105.279
243.86	101.222
244.07	100.633
244.28	113.341
244.49	123.597
244.71	125.437
244.92	129.299
245.13	117.334
245.34	116.736
245.55	111.111
245.77	125.060
245.98	122.085
246.19	97.468
246.40	86.674
246.62	83.681
246.83	84.628
247.04	76.919
247.25	74.063
247.46	74.448
247.68	76.813
247.89	84.615
248.10	86.655
248.31	88.255
248.52	92.336
248.74	88.651
248.95	84.309
249.16	79.702
249.37	88.370
249.58	89.887
249.79	98.933
250.01	104.384
250.22	100.965
250.43	103.511
250.64	111.278
250.85	109.597
251.07	107.735
251.28	108.718
251.49	109.944
251.70	117.427
251.91	127.927
252.13	131.265
252.34	126.248
252.55	131.303
252.76	131.096
252.97	136.842
253.18	129.662
253.40	129.665
253.61	124.050
253.82	115.734
254.03	123.796
254.24	112.877
254.46	109.553
254.67	108.835
254.88	116.108
255.09	124.854
255.30	127.549
255.51	126.866
255.73	125.451
255.94	117.277
256.15	107.728
256.36	94.123
256.57	89.694
256.78	90.493
257.00	89.186
257.21	87.813
257.42	89.533
257.63	89.060
257.84	91.017
258.05	93.944
258.26	99.809
258.48	92.902
258.69	89.721
258.90	82.133
259.11	82.911
259.32	77.352
259.53	76.492
259.75	80.481
259.96	85.856
260.17	87.064
260.38	90.125
260.59	93.093
260.80	92.421
261.01	99.237
261.23	99.430
261.44	93.913
261.65	95.435
261.86	91.298
262.07	97.910
262.28	97.779
262.49	101.120
262.71	99.474
262.92	103.423
263.13	102.116
263.34	108.025
263.55	109.256
263.76	112.507
263.97	109.318
264.19	100.714
264.40	86.906
264.61	82.232
264.82	89.791
265.03	95.776
265.24	103.851
265.45	104.658
265.66	98.960
265.88	108.543
266.09	108.067
266.30	105.839
266.51	106.245
266.72	103.843
266.93	103.180
267.14	97.462
267.35	98.718
267.57	101.657
267.78	101.671
267.99	108.576
268.20	110.722
268.41	110.496
268.62	119.377
268.83	142.755
269.04	141.963
269.25	133.423
269.47	121.891
269.68	119.122
269.89	115.787
270.10	116.230
270.31	103.376
270.52	108.232
270.73	109.732
270.94	107.346
271.15	110.210
271.37	111.654
271.58	127.470
271.79	129.989
272.00	124.908
272.21	129.370
272.42	126.565
272.63	116.693
272.84	125.416
273.05	123.471
273.26	112.386
273.48	119.741
273.69	122.278
273.90	122.394
274.11	116.117
274.32	120.172
274.53	129.156
274.74	126.461
274.95	123.760
275.16	124.918
275.37	118.278
275.58	115.943
275.80	114.081
276.01	99.485
276.22	97.007
276.43	97.261
276.64	94.292
276.85	94.092
277.06	95.766
277.27	83.433
277.48	80.386
277.69	82.941
277.90	90.249
278.11	94.255
278.32	101.149
278.54	100.793
278.75	97.217
278.96	96.817
279.17	110.530
279.38	103.099
279.59	99.543
279.80	112.615
280.01	112.443
280.22	114.994
280.43	118.123
280.64	125.935
280.85	124.858
281.06	127.160
281.27	128.353
281.48	131.612
281.70	147.309
281.91	145.836
282.12	151.663
282.33	135.334
282.54	127.361
282.75	128.601
282.96	140.907
283.17	138.311
283.38	138.140
283.59	135.464
283.80	139.392
284.01	144.666
284.22	147.797
284.43	143.934
284.64	140.466
284.85	144.850
285.06	144.131
285.27	147.309
285.48	142.874
285.70	145.472
285.91	159.772
286.12	169.908
286.33	165.468
286.54	158.403
286.75	155.076
286.96	157.203
287.17	157.523
287.38	146.851
287.59	143.733
287.80	131.315
288.01	133.016
288.22	133.649
288.43	136.433
288.64	121.724
288.85	121.831
289.06	130.865
289.27	125.138
289.48	112.555
289.69	107.924
289.90	118.047
290.11	107.437
290.32	97.529
290.53	89.046
290.74	80.548
290.95	90.116
291.16	96.885
291.37	89.974
291.58	85.118
291.79	82.254
292.00	91.349
292.21	96.921
292.42	94.260
292.63	89.828
292.84	90.836
293.05	96.102
293.26	96.150
293.47	89.938
293.68	92.527
293.89	100.631
294.10	100.174
294.31	97.199
294.52	93.504
294.73	96.609
294.95	100.331
295.16	101.704
295.37	96.899
295.58	94.665
295.79	99.308
295.99	103.071
296.20	107.633
296.41	110.270
296.62	110.804
296.83	108.463
297.04	117.346
297.25	116.504
297.46	108.358
297.67	120.745
297.88	114.096
298.09	110.526
298.30	109.198
298.51	115.345
298.72	120.169
298.93	121.631
299.14	127.288
299.35	127.504
299.56	133.854
299.77	131.624
299.98	135.194
300.19	136.230
300.40	137.780
300.61	139.572
300.82	124.249
301.03	129.652
301.24	137.448
301.45	127.596
301.66	121.356
301.87	128.046
302.08	118.045
302.29	122.961
302.50	123.742
302.71	131.759
302.92	132.814
303.13	128.804
303.34	134.431
303.55	126.457
303.76	116.848
303.97	103.755
304.18	100.346
304.39	99.123
304.60	101.021
304.81	92.651
305.02	95.759
305.22	97.810
305.43	87.958
305.64	87.543
305.85	85.826
306.06	92.404
306.27	90.776
306.48	92.654
306.69	90.628
306.90	91.755
307.11	84.067
307.32	81.468
307.53	84.082
307.74	85.941
307.95	87.293
308.16	91.479
308.37	99.599
308.58	103.320
308.79	98.268
309.00	97.421
309.21	100.287
309.41	93.765
309.62	102.673
309.83	108.246
310.04	99.781
310.25	101.115
310.46	91.005
310.67	89.865
310.88	91.127
311.09	90.250
311.30	84.320
311.51	79.547
311.72	85.898
311.93	84.486
312.14	84.867
312.34	87.046
312.55	88.683
312.76	81.420
312.97	81.159
313.18	86.592
313.39	86.910
313.60	87.347
313.81	85.820
314.02	86.334
314.23	86.031
314.44	86.245
314.65	84.270
314.86	89.715
315.06	88.770
315.27	83.938
315.48	86.465
315.69	88.682
315.90	90.211
316.11	86.079
316.32	86.692
316.53	88.130
316.74	90.952
316.95	93.227
317.16	95.069
317.36	94.096
317.57	97.442
317.78	102.544
317.99	100.065
318.20	106.222
318.41	100.968
318.62	102.673
318.83	106.899
319.04	109.965
319.24	108.217
319.45	107.056
319.66	113.237
319.87	109.251
320.08	107.438
320.29	116.976
320.50	116.608
320.71	120.084
320.92	119.052
321.12	109.844
321.33	108.858
321.54	116.667
321.75	115.048
321.96	99.298
322.17	95.059
322.38	101.929
322.59	90.725
322.80	94.428
323.00	95.786
323.21	91.381
323.42	84.901
323.63	84.128
323.84	85.672
324.05	81.103
324.26	82.307
324.47	85.264
324.67	79.161
324.88	87.631
325.09	82.737
325.30	83.796
325.51	80.536
325.72	75.322
325.93	73.071
326.13	79.033
326.34	86.195
326.55	79.687
326.76	77.659
326.97	83.132
327.18	83.820
327.39	79.560
327.59	79.833
327.80	83.706
328.01	87.781
328.22	88.756
328.43	85.767
328.64	87.923
328.85	88.908
329.05	86.892
329.26	79.819
329.47	79.717
329.68	78.404
329.89	82.752
330.10	81.772
330.30	82.512
330.51	78.081
330.72	75.317
330.93	76.491
331.14	75.327
331.35	70.158
331.56	68.301
331.76	67.536
331.97	66.893
332.18	64.668
332.39	61.820
332.60	58.958
332.81	62.339
333.01	59.534
333.22	57.936
333.43	60.223
333.64	62.595
333.85	63.861
334.05	61.669
334.26	59.425
334.47	60.303
334.68	58.723
334.89	58.048
335.10	57.821
335.30	58.425
335.51	57.854
335.72	58.595
335.93	57.211
336.14	57.497
336.35	57.304
336.55	58.045
336.76	59.702
336.97	59.818
337.18	58.440
337.39	58.355
337.59	58.973
337.80	56.276
338.01	55.629
338.22	54.144
338.43	55.438
338.63	53.407
338.84	51.678
339.05	52.586
339.26	54.201
339.47	54.044
339.67	52.693
339.88	52.717
340.09	53.005
340.30	54.257
340.51	52.729
340.71	53.522
340.92	52.636
341.13	52.199
341.34	51.936
341.55	52.400
341.75	52.372
341.96	51.824
342.17	51.911
342.38	52.477
342.58	51.490
342.79	49.509
343.00	50.251
343.21	51.151
343.42	49.964
343.62	49.063
343.83	48.683
344.04	48.395
344.25	47.913
344.46	47.910
344.66	47.305
344.87	48.035
345.08	47.405
345.29	47.325
345.49	46.349
345.70	45.825
345.91	45.182
346.12	45.006
346.32	44.297
346.53	44.352
346.74	43.032
346.95	43.729
347.16	44.150
347.36	44.630
347.57	43.547
347.78	44.202
347.99	43.598
348.19	43.691
348.40	43.456
348.61	43.552
348.82	42.301
349.02	42.023
349.23	41.321
349.44	40.723
349.65	40.682
349.85	40.574
350.06	41.088
350.27	40.758
350.48	40.920
350.68	41.492
350.89	41.251
351.10	41.261
351.31	40.518
351.51	40.587
351.72	40.257
351.93	40.404
352.14	39.823
352.34	39.686
352.55	39.803
352.76	39.824
352.96	39.031
353.17	39.529
353.38	39.308
353.59	40.042
353.79	40.206
354.00	40.046
354.21	39.863
354.42	39.558
354.62	39.682
354.83	39.345
355.04	39.571
355.24	39.900
355.45	39.368
355.66	39.558
355.87	39.402
356.07	39.349
356.28	39.464
356.49	39.331
356.70	39.661
356.90	39.698
357.11	39.947
357.32	40.275
357.52	40.319
357.73	40.273
357.94	39.235
358.15	39.264
358.35	39.419
358.56	39.756
358.77	39.788
358.97	39.298
359.18	39.135
359.39	38.474
359.59	37.679
359.80	38.183
360.01	38.146
360.22	38.166
360.42	38.110
360.63	38.135
360.84	38.004
361.04	37.810
361.25	37.312
361.46	37.036
361.66	37.115
361.87	36.973
362.08	37.004
362.29	37.182
362.49	37.178
362.70	36.978
362.91	36.740
363.11	36.912
363.32	36.878
363.53	36.934
363.73	37.054
363.94	37.762
364.15	37.532
364.35	37.288
364.56	37.037
364.77	37.019
364.97	36.586
365.18	36.795
365.39	36.726
365.59	36.931
365.80	36.890
366.01	36.987
366.21	36.935
366.42	36.727
366.63	36.599
366.83	36.324
367.04	36.209
367.25	36.091
367.45	35.774
367.66	35.802
367.87	35.526
368.07	35.636
368.28	35.056
368.49	35.008
368.69	35.058
368.90	35.088
369.11	34.732
369.31	34.811
369.52	34.693
369.73	34.616
369.93	34.612
370.14	34.502
370.35	34.547
370.55	34.328
370.76	34.357
370.97	34.483
371.17	34.428
371.38	34.290
371.58	34.286
371.79	34.283
372.00	34.319
372.20	34.272
372.41	33.998
372.62	34.049
372.82	33.933
373.03	33.799
373.24	33.700
373.44	33.801
373.65	33.814
373.85	33.708
374.06	33.591
374.27	33.470
374.47	33.520
374.68	33.195
374.89	33.183
375.09	33.076
375.30	33.138
375.51	33.149
375.71	33.220
375.92	33.029
376.12	32.780
376.33	32.707
376.54	32.683
376.74	32.767
376.95	32.865
377.15	32.959
377.36	33.106
377.57	33.282
377.77	33.229
377.98	33.230
378.19	33.042
378.39	33.274
378.60	33.226
378.80	33.138
379.01	33.201
379.22	33.201
379.42	33.248
379.63	33.198
379.83	33.332
380.04	33.258
380.25	33.332
380.45	33.606
380.66	33.577
380.86	33.718
381.07	33.593
381.28	33.470
381.48	33.400
381.69	33.178
381.89	33.021
382.10	32.969
382.31	32.857
382.51	32.988
382.72	32.795
382.92	32.692
383.13	32.765
383.33	32.637
383.54	32.554
383.75	32.401
383.95	32.265
384.16	32.043
384.36	32.050
384.57	31.927
384.78	31.711
384.98	31.715
385.19	31.623
385.39	31.593
385.60	31.464
385.80	31.503
386.01	31.568
386.22	31.498
386.42	31.486
386.63	31.426
386.83	31.360
387.04	31.306
387.24	31.263
387.45	31.127
387.65	31.185
387.86	31.181
388.07	31.197
388.27	31.152
388.48	31.187
388.68	31.119
388.89	31.112
389.09	31.176
389.30	31.132
389.50	31.086
389.71	31.072
389.92	31.149
390.12	31.063
390.33	31.034
390.53	31.004
390.74	30.996
390.94	30.937
391.15	30.883
391.35	30.928
391.56	30.911
391.77	30.941
391.97	30.897
392.18	30.900
392.38	30.845
392.59	30.911
392.79	30.853
393.00	30.861
393.20	30.827
393.41	30.746
393.61	30.715
393.82	30.666
394.02	30.655
394.23	30.610
394.43	30.557
394.64	30.516
394.84	30.459
395.05	30.398
395.26	30.543
395.46	30.537
395.67	30.444
395.87	30.325
396.08	30.229
396.28	30.139
396.49	30.154
396.69	30.121
396.90	30.016
397.10	29.999
397.31	29.918
397.51	29.985
397.72	29.996
397.92	30.007
398.13	29.924
398.33	29.877
398.54	29.822
398.74	29.769
398.95	29.677
399.15	29.700
399.36	29.683
399.56	29.550
399.77	29.454
399.97	29.440
400.18	29.491
400.38	29.400
400.59	29.405
400.79	29.397
401.00	29.360
401.20	29.344
401.41	29.284
401.61	29.183
401.82	29.198
402.02	29.154
402.23	29.020
402.43	28.981
402.64	28.991
402.84	28.938
403.05	28.919
403.25	28.844
403.46	28.748
403.66	28.649
403.87	28.567
404.07	28.565
404.27	28.415
404.48	28.333
404.68	28.316
404.89	28.261
405.09	28.055
405.30	28.035
405.50	27.912
405.71	27.962
405.91	28.018
406.12	27.869
406.32	27.800
406.53	27.809
406.73	27.736
406.94	27.648
407.14	27.602
407.34	27.499
407.55	27.530
407.75	27.568
407.96	27.573
408.16	27.542
408.37	27.451
408.57	27.480
408.78	27.423
408.98	27.414
409.19	27.330
409.39	27.327
409.59	27.267
409.80	27.312
410.00	27.273
410.21	27.132
410.41	27.114
410.62	27.055
410.82	27.006
411.03	26.995
411.23	26.951
411.43	26.924
411.64	26.900
411.84	26.728
412.05	26.617
412.25	26.474
412.46	26.385
412.66	26.332
412.86	26.247
413.07	26.195
413.27	26.073
413.48	26.098
413.68	26.112
413.89	26.049
414.09	26.002
414.29	25.859
414.50	25.881
414.70	25.777
414.91	25.748
415.11	25.625
415.32	25.636
415.52	25.545
415.72	25.484
415.93	25.456
416.13	25.521
416.34	25.435
416.54	25.465
416.74	25.432
416.95	25.363
417.15	25.347
417.36	25.334
417.56	25.341
417.76	25.243
417.97	25.111
418.17	25.050
418.38	24.965
418.58	24.909
418.78	24.816
418.99	24.822
419.19	24.743
419.40	24.796
419.60	24.705
419.80	24.739
420.01	24.697
420.21	24.627
420.42	24.560
420.62	24.504
420.82	24.383
421.03	24.358
421.23	24.371
421.44	24.319
421.64	24.253
421.84	24.167
422.05	24.099
422.25	24.114
422.45	24.083
422.66	24.059
422.86	24.075
423.07	24.098
423.27	24.055
423.47	24.006
423.68	23.896
423.88	23.910
424.08	23.795
424.29	23.729
424.49	23.721
424.70	23.727
424.90	23.685
425.10	23.640
425.31	23.629
425.51	23.605
425.71	23.558
425.92	23.526
426.12	23.533
426.32	23.509
426.53	23.506
426.73	23.529
426.93	23.543
427.14	23.455
427.34	23.446
427.55	23.378
427.75	23.338
427.95	23.282
428.16	23.188
428.36	23.248
428.56	23.194
428.77	23.153
428.97	23.098
429.17	23.117
429.38	23.155
429.58	23.058
429.78	23.034
429.99	23.046
430.19	23.033
430.39	23.026
430.60	23.044
430.80	23.013
431.00	23.004
431.21	22.921
431.41	22.916
431.61	22.819
431.82	22.794
432.02	22.760
432.22	22.806
432.43	22.848
432.63	22.751
432.83	22.735
433.04	22.740
433.24	22.678
433.44	22.657
433.65	22.668
433.85	22.689
434.05	22.643
434.25	22.611
434.46	22.631
434.66	22.592
434.86	22.596
435.07	22.587
435.27	22.511
435.47	22.517
435.68	22.496
435.88	22.488
436.08	22.519
436.29	22.515
436.49	22.482
436.69	22.402
436.89	22.388
437.10	22.421
437.30	22.366
437.50	22.429
437.71	22.388
437.91	22.353
438.11	22.339
438.32	22.345
438.52	22.302
438.72	22.316
438.92	22.300
439.13	22.287
439.33	22.237
439.53	22.241
439.74	22.253
439.94	22.252
440.14	22.295
440.34	22.263
440.55	22.275
440.75	22.305
440.95	22.315
441.15	22.328
441.36	22.322
441.56	22.354
441.76	22.303
441.97	22.317
442.17	22.317
442.37	22.320
442.57	22.307
442.78	22.318
442.98	22.276
443.18	22.273
443.38	22.246
443.59	22.268
443.79	22.312
443.99	22.294
444.19	22.299
444.40	22.264
444.60	22.240
444.80	22.186
445.00	22.121
445.21	22.153
445.41	22.190
445.61	22.181
445.81	22.200
446.02	22.211
446.22	22.206
446.42	22.218
446.62	22.284
446.83	22.309
447.03	22.333
447.23	22.319
447.43	22.354
447.64	22.358
447.84	22.393
448.04	22.371
448.24	22.357
448.45	22.362
448.65	22.353
448.85	22.434
449.05	22.514
449.26	22.539
449.46	22.516
449.66	22.467
449.86	22.479
450.06	22.426
450.27	22.455
450.47	22.466
450.67	22.473
450.87	22.406
451.08	22.435
451.28	22.440
451.48	22.449
451.68	22.435
451.88	22.455
452.09	22.439
452.29	22.437
452.49	22.437
452.69	22.464
452.89	22.491
453.10	22.461
453.30	22.480
453.50	22.502
453.70	22.557
453.90	22.628
454.11	22.645
454.31	22.714
454.51	22.711
454.71	22.751
454.91	22.789
455.12	22.804
455.32	22.751
455.52	22.779
455.72	22.786
455.92	22.842
456.13	22.873
456.33	22.884
456.53	22.907
456.73	22.984
456.93	23.033
457.14	23.045
457.34	23.073
457.54	23.121
457.74	23.141
457.94	23.116
458.14	23.178
458.35	23.219
458.55	23.168
458.75	23.211
458.95	23.242
459.15	23.266
459.36	23.334
459.56	23.423
459.76	23.459
459.96	23.512
460.16	23.531
460.36	23.534
460.57	23.562
460.77	23.569
460.97	23.596
461.17	23.564
461.37	23.617
461.57	23.613
461.77	23.638
461.98	23.665
462.18	23.697
462.38	23.616
462.58	23.613
462.78	23.682
462.98	23.648
463.19	23.638
463.39	23.649
463.59	23.627
463.79	23.585
463.99	23.603
464.19	23.599
464.39	23.610
464.60	23.627
464.80	23.648
465.00	23.698
465.20	23.673
465.40	23.714
465.60	23.711
465.80	23.740
466.01	23.712
466.21	23.762
466.41	23.772
466.61	23.856
466.81	23.901
467.01	23.933
467.21	24.020
467.41	24.072
467.62	24.093
467.82	24.133
468.02	24.193
468.22	24.207
468.42	24.230
468.62	24.245
468.82	24.247
469.02	24.274
469.22	24.277
469.43	24.291
469.63	24.329
469.83	24.358
470.03	24.366
470.23	24.377
470.43	24.366
470.63	24.398
470.83	24.394
471.03	24.403
471.24	24.395
471.44	24.401
471.64	24.426
471.84	24.449
472.04	24.473
472.24	24.513
472.44	24.499
472.64	24.508
472.84	24.494
473.04	24.554
473.25	24.563
473.45	24.584
473.65	24.628
473.85	24.628
474.05	24.649
474.25	24.643
474.45	24.657
474.65	24.688
474.85	24.704
475.05	24.716
475.25	24.718
475.45	24.749
475.66	24.758
475.86	24.747
476.06	24.744
476.26	24.750
476.46	24.729
476.66	24.740
476.86	24.773
477.06	24.780
477.26	24.765
477.46	24.767
477.66	24.756
477.86	24.748
478.06	24.754
478.26	24.741
478.46	24.770
478.67	24.818
478.87	24.808
479.07	24.839
479.27	24.829
479.47	24.840
479.67	24.850
479.87	24.858
480.07	24.853
480.27	24.856
480.47	24.854
480.67	24.871
480.87	24.898
481.07	24.892
481.27	24.901
481.47	24.897
481.67	24.907
481.87	24.907
482.07	24.931
482.27	24.946
482.47	24.943
482.67	24.973
482.87	24.973
483.07	24.980
483.28	24.982
483.48	25.002
483.68	25.008
483.88	25.002
484.08	24.990
484.28	25.001
484.48	24.980
484.68	25.014
484.88	24.996
485.08	24.978
485.28	24.973
485.48	24.995
485.68	25.027
485.88	25.019
486.08	25.023
486.28	25.006
486.48	24.979
486.68	24.990
486.88	24.980
487.08	24.984
487.28	24.974
487.48	24.960
487.68	24.982
487.88	24.974
488.08	24.974
488.28	24.986
488.48	24.998
488.68	25.000
488.88	24.985
489.08	24.979
489.28	24.974
489.48	24.967
489.68	24.959
489.88	24.905
490.08	24.898
490.28	24.893
490.48	24.876
490.68	24.854
490.88	24.860
491.08	24.855
491.28	24.845
491.48	24.840
491.68	24.829
491.88	24.797
492.08	24.794
492.28	24.772
492.48	24.749
492.68	24.727
492.88	24.721
493.08	24.708
493.28	24.724
493.48	24.719
493.67	24.707
493.87	24.705
494.07	24.723
494.27	24.718
494.47	24.702
494.67	24.676
494.87	24.688
495.07	24.643
495.27	24.607
495.47	24.569
495.67	24.570
495.87	24.554
496.07	24.524
496.27	24.487
496.47	24.485
496.67	24.481
496.87	24.463
497.07	24.447
497.27	24.407
497.47	24.369
497.67	24.358
497.87	24.356
498.06	24.314
498.26	24.283
498.46	24.248
498.66	24.242
498.86	24.260
499.06	24.233
499.26	24.234
499.46	24.229
499.66	24.220
499.86	24.194
500.06	24.179
500.26	24.174
500.46	24.164
500.66	24.151
500.86	24.111
501.05	24.091
501.25	24.065
501.45	24.060
501.65	24.043
501.85	24.007
502.05	23.973
502.25	23.953
502.45	23.939
502.65	23.923
502.85	23.899
503.05	23.852
503.24	23.829
503.44	23.811
503.64	23.797
503.84	23.779
504.04	23.765
504.24	23.724
504.44	23.712
504.64	23.693
504.84	23.667
505.04	23.658
505.24	23.646
505.43	23.630
505.63	23.608
505.83	23.593
506.03	23.600
506.23	23.603
506.43	23.612
506.63	23.591
506.83	23.585
507.03	23.570
507.22	23.574
507.42	23.558
507.62	23.537
507.82	23.511
508.02	23.479
508.22	23.460
508.42	23.480
508.62	23.462
508.81	23.448
509.01	23.433
509.21	23.407
509.41	23.395
509.61	23.388
509.81	23.371
510.01	23.354
510.21	23.316
510.40	23.304
510.60	23.293
510.80	23.274
511.00	23.275
511.20	23.274
511.40	23.240
511.60	23.235
511.79	23.227
511.99	23.230
512.19	23.247
512.39	23.231
512.59	23.208
512.79	23.193
512.99	23.201
513.18	23.199
513.38	23.216
513.58	23.202
513.78	23.211
513.98	23.225
514.18	23.227
514.37	23.231
514.57	23.217
514.77	23.208
514.97	23.227
515.17	23.232
515.37	23.215
515.56	23.232
515.76	23.231
515.96	23.241
516.16	23.225
516.36	23.226
516.56	23.221
516.75	23.236
516.95	23.243
517.15	23.247
517.35	23.261
517.55	23.259
517.75	23.270
517.94	23.288
518.14	23.298
518.34	23.306
518.54	23.333
518.74	23.342
518.93	23.344
519.13	23.357
519.33	23.352
519.53	23.380
519.73	23.401
519.92	23.432
520.12	23.446
520.32	23.477
520.52	23.496
520.72	23.537
520.91	23.556
521.11	23.577
521.31	23.598
521.51	23.623
521.71	23.663
521.90	23.694
522.10	23.722
522.30	23.740
522.50	23.767
522.70	23.798
522.89	23.833
523.09	23.875
523.29	23.904
523.49	23.952
523.69	23.983
523.88	24.030
524.08	24.060
524.28	24.096
524.48	24.135
524.67	24.160
524.87	24.192
525.07	24.229
525.27	24.302
525.46	24.345
525.66	24.374
525.86	24.415
526.06	24.465
526.26	24.510
526.45	24.570
526.65	24.631
526.85	24.674
527.05	24.725
527.24	24.772
527.44	24.851
527.64	24.904
527.84	24.957
528.03	24.994
528.23	25.059
528.43	25.115
528.63	25.177
528.82	25.253
529.02	25.332
529.22	25.412
529.42	25.459
529.61	25.539
529.81	25.618
530.01	25.694
530.21	25.756
530.40	25.824
530.60	25.897
530.80	25.974
531.00	26.060
531.19	26.136
531.39	26.230
531.59	26.276
531.78	26.348
531.98	26.455
532.18	26.541
532.38	26.609
532.57	26.700
532.77	26.787
532.97	26.877
533.16	26.948
533.36	27.018
533.56	27.113
533.76	27.194
533.95	27.274
534.15	27.340
534.35	27.420
534.55	27.488
534.74	27.545
534.94	27.639
535.14	27.730
535.33	27.820
535.53	27.894
535.73	27.982
535.92	28.092
536.12	28.157
536.32	28.241
536.52	28.342
536.71	28.445
536.91	28.553
537.11	28.634
537.30	28.726
537.50	28.838
537.70	28.928
537.89	29.019
538.09	29.127
538.29	29.243
538.48	29.341
538.68	29.469
538.88	29.602
539.08	29.711
539.27	29.813
539.47	29.927
539.67	30.049
539.86	30.170
540.06	30.260
540.26	30.374
540.45	30.482
540.65	30.587
540.85	30.705
541.04	30.824
541.24	30.964
541.44	31.095
541.63	31.197
541.83	31.337
542.03	31.485
542.22	31.602
542.42	31.702
542.62	31.842
542.81	31.954
543.01	32.070
543.21	32.201
543.40	32.340
543.60	32.464
543.79	32.581
543.99	32.710
544.19	32.851
544.38	32.991
544.58	33.152
544.78	33.304
544.97	33.435
545.17	33.544
545.37	33.661
545.56	33.799
545.76	33.923
545.96	34.026
546.15	34.143
546.35	34.288
546.54	34.443
546.74	34.557
546.94	34.676
547.13	34.794
547.33	34.903
547.53	35.020
547.72	35.134
547.92	35.254
548.11	35.394
548.31	35.531
548.51	35.650
548.70	35.759
548.90	35.895
549.10	36.030
549.29	36.177
549.49	36.299
549.68	36.413
549.88	36.552
550.08	36.700
550.27	36.822
550.47	36.932
550.66	37.088
550.86	37.242
551.06	37.386
551.25	37.540
551.45	37.691
551.64	37.823
551.84	37.962
552.04	38.115
552.23	38.252
552.43	38.375
552.62	38.533
552.82	38.688
553.02	38.819
553.21	38.953
553.41	39.100
553.60	39.253
553.80	39.375
554.00	39.514
554.19	39.631
554.39	39.765
554.58	39.932
554.78	40.030
554.97	40.161
555.17	40.307
555.37	40.432
555.56	40.556
555.76	40.709
555.95	40.853
556.15	40.975
556.34	41.116
556.54	41.266
556.74	41.396
556.93	41.513
557.13	41.635
557.32	41.773
557.52	41.890
557.71	42.018
557.91	42.178
558.10	42.309
558.30	42.449
558.50	42.588
558.69	42.725
558.89	42.878
559.08	43.012
559.28	43.124
559.47	43.260
559.67	43.381
559.86	43.475
560.06	43.607
560.25	43.794
560.45	43.933
560.65	44.047
560.84	44.182
561.04	44.311
561.23	44.430
561.43	44.555
561.62	44.667
561.82	44.813
562.01	44.949
562.21	45.076
562.40	45.219
562.60	45.355
562.79	45.462
562.99	45.580
563.18	45.716
563.38	45.854
563.57	45.990
563.77	46.135
563.96	46.275
564.16	46.421
564.36	46.488
564.55	46.613
564.75	46.736
564.94	46.845
565.14	46.964
565.33	47.095
565.53	47.220
565.72	47.351
565.92	47.469
566.11	47.583
566.31	47.722
566.50	47.834
566.70	47.945
566.89	48.058
567.09	48.210
567.28	48.333
567.48	48.468
567.67	48.603
567.87	48.729
568.06	48.859
568.26	48.953
568.45	49.089
568.64	49.216
568.84	49.348
569.03	49.466
569.23	49.634
569.42	49.745
569.62	49.864
569.81	50.003
570.01	50.114
570.20	50.221
570.40	50.332
570.59	50.477
570.79	50.630
570.98	50.789
571.18	50.886
571.37	51.008
571.57	51.109
571.76	51.198
571.95	51.289
572.15	51.413
572.34	51.533
572.54	51.643
572.73	51.743
572.93	51.845
573.12	51.999
573.32	52.094
573.51	52.222
573.71	52.333
573.90	52.447
574.09	52.554
574.29	52.669
574.48	52.776
574.68	52.877
574.87	52.962
575.07	53.041
575.26	53.145
575.46	53.230
575.65	53.360
575.84	53.480
576.04	53.583
576.23	53.700
576.43	53.826
576.62	53.933
576.82	54.019
577.01	54.157
577.20	54.218
577.40	54.331
577.59	54.441
577.79	54.521
577.98	54.605
578.18	54.724
578.37	54.840
578.56	54.938
578.76	55.008
578.95	55.118
579.15	55.237
579.34	55.364
579.53	55.475
579.73	55.553
579.92	55.648
580.12	55.753
580.31	55.827
580.50	55.950
580.70	56.089
580.89	56.210
581.09	56.294
581.28	56.400
581.47	56.476
581.67	56.581
581.86	56.699
582.06	56.788
582.25	56.888
582.44	56.976
582.64	57.076
582.83	57.196
583.03	57.305
583.22	57.413
583.41	57.484
583.61	57.595
583.80	57.683
583.99	57.776
584.19	57.881
584.38	57.987
584.58	58.068
584.77	58.131
584.96	58.228
585.16	58.312
585.35	58.428
585.54	58.518
585.74	58.610
585.93	58.716
586.13	58.834
586.32	58.895
586.51	58.968
586.71	59.070
586.90	59.136
587.09	59.225
587.29	59.278
587.48	59.364
587.67	59.428
587.87	59.536
588.06	59.624
588.25	59.717
588.45	59.793
588.64	59.855
588.83	59.928
589.03	59.970
589.22	60.046
589.41	60.114
589.61	60.211
589.80	60.267
589.99	60.351
590.19	60.428
590.38	60.523
590.57	60.636
590.77	60.685
590.96	60.799
591.15	60.850
591.35	60.935
591.54	61.024
591.73	61.100
591.93	61.161
592.12	61.229
592.31	61.317
592.51	61.387
592.70	61.482
592.89	61.571
593.09	61.695
593.28	61.784
593.47	61.859
593.67	61.939
593.86	62.030
594.05	62.099
594.25	62.176
594.44	62.246
594.63	62.308
594.82	62.389
595.02	62.446
595.21	62.509
595.40	62.587
595.60	62.655
595.79	62.749
595.98	62.835
596.17	62.918
596.37	62.972
596.56	63.038
596.75	63.084
596.95	63.126
597.14	63.192
597.33	63.279
597.52	63.335
597.72	63.398
597.91	63.460
598.10	63.526
598.30	63.614
598.49	63.687
598.68	63.757
598.87	63.831
599.07	63.900
599.26	63.978
599.45	64.055
599.65	64.121
599.84	64.180
600.03	64.235
600.22	64.295
600.42	64.361
600.61	64.426
600.80	64.487
600.99	64.567
601.19	64.607
601.38	64.634
601.57	64.720
601.76	64.775
601.96	64.862
602.15	64.914
602.34	64.972
602.53	65.038
602.73	65.092
602.92	65.156
603.11	65.214
603.30	65.293
603.50	65.351
603.69	65.420
603.88	65.493
604.07	65.556
604.26	65.621
604.46	65.675
604.65	65.781
604.84	65.865
605.03	65.938
605.23	65.984
605.42	66.054
605.61	66.070
605.80	66.136
606.00	66.218
606.19	66.257
606.38	66.325
606.57	66.371
606.76	66.418
606.96	66.467
607.15	66.515
607.34	66.550
607.53	66.581
607.72	66.645
607.92	66.705
608.11	66.764
608.30	66.821
608.49	66.912
608.68	66.960
608.88	66.978
609.07	67.026
609.26	67.103
609.45	67.159
609.64	67.254
609.84	67.292
610.03	67.320
610.22	67.401
610.41	67.418
610.60	67.463
610.80	67.527
610.99	67.605
611.18	67.663
611.37	67.746
611.56	67.840
611.76	67.856
611.95	67.891
612.14	67.936
612.33	67.991
612.52	67.993
612.71	68.043
612.91	68.134
613.10	68.201
613.29	68.271
613.48	68.331
613.67	68.389
613.86	68.460
614.06	68.478
614.25	68.525
614.44	68.607
614.63	68.664
614.82	68.706
615.01	68.725
615.20	68.778
615.40	68.810
615.59	68.832
615.78	68.901
615.97	68.957
616.16	69.037
616.35	69.073
616.55	69.154
616.74	69.191
616.93	69.210
617.12	69.247
617.31	69.287
617.50	69.318
617.69	69.343
617.88	69.399
618.08	69.480
618.27	69.553
618.46	69.549
618.65	69.606
618.84	69.668
619.03	69.716
619.22	69.750
619.42	69.793
619.61	69.828
619.80	69.882
619.99	69.922
620.18	69.940
620.37	70.010
620.56	70.053
620.75	70.104
620.94	70.143
621.14	70.207
621.33	70.226
621.52	70.290
621.71	70.316
621.90	70.348
622.09	70.386
622.28	70.423
622.47	70.468
622.66	70.513
622.85	70.567
623.05	70.641
623.24	70.686
623.43	70.735
623.62	70.802
623.81	70.812
624.00	70.860
624.19	70.899
624.38	70.929
624.57	70.955
624.76	71.006
624.95	71.062
625.15	71.079
625.34	71.123
625.53	71.142
625.72	71.195
625.91	71.224
626.10	71.282
626.29	71.311
626.48	71.396
626.67	71.457
626.86	71.501
627.05	71.530
627.24	71.582
627.43	71.635
627.62	71.690
627.82	71.759
628.01	71.787
628.20	71.820
628.39	71.841
628.58	71.905
628.77	71.906
628.96	71.959
629.15	71.999
629.34	72.047
629.53	72.070
629.72	72.129
629.91	72.164
630.10	72.159
630.29	72.181
630.48	72.209
630.67	72.191
630.86	72.199
631.05	72.224
631.24	72.260
631.43	72.297
631.62	72.292
631.81	72.298
632.00	72.335
632.20	72.401
632.39	72.432
632.58	72.451
632.77	72.514
632.96	72.537
633.15	72.576
633.34	72.608
633.53	72.663
633.72	72.663
633.91	72.700
634.10	72.768
634.29	72.790
634.48	72.822
634.67	72.893
634.86	72.943
635.05	72.991
635.24	73.039
635.43	73.089
635.62	73.150
635.81	73.215
636.00	73.255
636.19	73.260
636.38	73.324
636.57	73.349
636.76	73.401
636.95	73.447
637.14	73.461
637.33	73.529
637.52	73.561
637.71	73.636
637.90	73.663
638.09	73.689
638.28	73.741
638.47	73.753
638.66	73.799
638.85	73.812
639.04	73.831
639.23	73.852
639.41	73.815
639.60	73.856
639.79	73.866
639.98	73.907
640.17	73.946
640.36	73.957
640.55	74.027
640.74	74.038
640.93	74.058
641.12	74.092
641.31	74.067
641.50	74.115
641.69	74.120
641.88	74.168
642.07	74.184
642.26	74.230
642.45	74.242
642.64	74.266
642.83	74.321
643.02	74.351
643.21	74.378
643.40	74.466
643.59	74.477
643.77	74.544
643.96	74.553
644.15	74.615
644.34	74.679
644.53	74.686
644.72	74.711
644.91	74.784
645.10	74.822
645.29	74.889
645.48	74.920
645.67	74.953
645.86	74.998
646.05	75.045
646.24	75.034
646.42	75.103
646.61	75.108
646.80	75.139
646.99	75.177
647.18	75.188
647.37	75.189
647.56	75.198
647.75	75.206
647.94	75.260
648.13	75.257
648.32	75.253
648.50	75.282
648.69	75.315
648.88	75.313
649.07	75.333
649.26	75.348
649.45	75.389
649.64	75.425
649.83	75.447
650.02	75.454
650.21	75.515
650.39	75.502
650.58	75.521
650.77	75.537
650.96	75.561
651.15	75.604
651.34	75.665
651.53	75.714
651.72	75.719
651.90	75.747
652.09	75.783
652.28	75.816
652.47	75.847
652.66	75.862
652.85	75.871
653.04	75.891
653.23	75.904
653.41	75.901
653.60	75.915
653.79	75.943
653.98	75.979
654.17	75.993
654.36	76.061
654.55	76.097
654.73	76.101
654.92	76.118
655.11	76.150
655.30	76.141
655.49	76.169
655.68	76.227
655.87	76.249
656.05	76.264
656.24	76.287
656.43	76.308
656.62	76.346
656.81	76.378
657.00	76.423
657.18	76.452
657.37	76.519
657.56	76.532
657.75	76.575
657.94	76.593
658.13	76.581
658.31	76.601
658.50	76.619
658.69	76.688
658.88	76.731
659.07	76.750
659.26	76.799
659.44	76.794
659.63	76.826
659.82	76.838
660.01	76.853
660.20	76.923
660.38	76.938
660.57	76.956
660.76	76.968
660.95	76.988
661.14	76.999
661.32	76.976
661.51	77.033
661.70	77.030
661.89	77.041
662.08	77.138
662.26	77.146
662.45	77.191
662.64	77.196
662.83	77.234
663.02	77.271
663.20	77.256
663.39	77.286
663.58	77.305
663.77	77.323
663.96	77.359
664.14	77.354
664.33	77.424
664.52	77.467
664.71	77.469
664.89	77.483
665.08	77.505
665.27	77.528
665.46	77.538
665.64	77.573
665.83	77.602
666.02	77.601
666.21	77.664
666.40	77.707
666.58	77.718
666.77	77.737
666.96	77.756
667.15	77.799
667.33	77.823
667.52	77.812
667.71	77.846
667.90	77.884
668.08	77.877
668.27	77.852
668.46	77.869
668.65	77.940
668.83	77.961
669.02	77.999
669.21	78.024
669.40	78.060
669.58	78.051
669.77	78.090
669.96	78.107
670.14	78.053
670.33	78.073
670.52	78.098
670.71	78.126
670.89	78.143
671.08	78.147
671.27	78.193
671.46	78.230
671.64	78.232
671.83	78.249
672.02	78.304
672.20	78.335
672.39	78.340
672.58	78.320
672.77	78.344
672.95	78.393
673.14	78.391
673.33	78.413
673.51	78.451
673.70	78.464
673.89	78.478
674.08	78.545
674.26	78.531
674.45	78.549
674.64	78.583
674.82	78.610
675.01	78.610
675.20	78.621
675.38	78.648
675.57	78.684
675.76	78.680
675.94	78.673
676.13	78.665
676.32	78.693
676.51	78.731
676.69	78.768
676.88	78.777
677.07	78.837
677.25	78.853
677.44	78.849
677.63	78.876
677.81	78.898
678.00	78.908
678.19	78.947
678.37	78.986
678.56	78.944
678.75	78.983
678.93	79.028
679.12	79.038
679.31	79.090
679.49	79.112
679.68	79.150
679.87	79.201
680.05	79.229
680.24	79.222
680.42	79.274
680.61	79.282
680.80	79.299
680.98	79.324
681.17	79.320
681.36	79.355
681.54	79.358
681.73	79.363
681.92	79.388
682.10	79.409
682.29	79.412
682.48	79.431
682.66	79.397
682.85	79.428
683.03	79.463
683.22	79.438
683.41	79.465
683.59	79.465
683.78	79.484
683.97	79.502
684.15	79.550
684.34	79.589
684.52	79.592
684.71	79.613
684.90	79.582
685.08	79.641
685.27	79.666
685.45	79.712
685.64	79.749
685.83	79.765
686.01	79.772
686.20	79.771
686.39	79.790
686.57	79.847
686.76	79.876
686.94	79.887
687.13	79.928
687.31	79.949
687.50	79.958
687.69	79.956
687.87	79.978
688.06	80.017
688.24	79.992
688.43	80.090
688.62	80.111
688.80	80.171
688.99	80.162
689.17	80.177
689.36	80.179
689.55	80.164
689.73	80.177
689.92	80.214
690.10	80.253
690.29	80.310
690.47	80.329
690.66	80.341
690.84	80.375
691.03	80.380
691.22	80.416
691.40	80.444
691.59	80.453
691.77	80.489
691.96	80.498
692.14	80.493
692.33	80.424
692.52	80.461
692.70	80.460
692.89	80.489
693.07	80.479
693.26	80.462
693.44	80.485
693.63	80.518
693.81	80.504
694.00	80.509
694.18	80.504
694.37	80.490
694.55	80.514
694.74	80.485
694.93	80.482
695.11	80.444
695.30	80.489
695.48	80.516
695.67	80.508
695.85	80.463
696.04	80.537
696.22	80.591
696.41	80.586
696.59	80.580
696.78	80.572
696.96	80.600
697.15	80.669
697.33	80.688
697.52	80.694
697.70	80.694
697.89	80.730
698.07	80.734
698.26	80.753
698.44	80.726
698.63	80.757
698.81	80.743
699.00	80.761
699.18	80.813
699.37	80.808
699.55	80.847
699.74	80.905
699.92	80.874
700.11	80.896
700.29	80.901
700.48	80.953
700.66	80.988
700.85	80.989
701.03	81.001
701.22	81.011
701.40	81.056
701.59	81.082
701.77	81.097
701.96	81.140
702.14	81.180
702.33	81.232
702.51	81.253
702.69	81.322
702.88	81.339
703.06	81.336
703.25	81.369
703.43	81.384
703.62	81.396
703.80	81.418
703.99	81.387
704.17	81.431
704.36	81.428
704.54	81.362
704.73	81.395
704.91	81.404
705.09	81.441
705.28	81.440
705.46	81.458
705.65	81.481
705.83	81.482
706.02	81.468
706.20	81.467
706.38	81.468
706.57	81.465
706.75	81.497
706.94	81.521
707.12	81.539
707.31	81.555
707.49	81.553
707.67	81.561
707.86	81.581
708.04	81.542
708.23	81.546
708.41	81.654
708.60	81.668
708.78	81.677
708.96	81.671
709.15	81.675
709.33	81.718
709.52	81.756
709.70	81.757
709.88	81.811
710.07	81.832
710.25	81.880
710.44	81.934
710.62	81.923
710.80	81.922
710.99	81.935
711.17	81.941
711.36	81.942
711.54	81.939
711.72	81.971
711.91	82.028
712.09	82.081
712.28	82.088
712.46	82.098
712.64	82.096
712.83	82.124
713.01	82.137
713.20	82.123
713.38	82.107
713.56	82.112
713.75	82.072
713.93	82.067
714.11	82.048
714.30	82.041
714.48	82.067
714.66	82.040
714.85	82.020
715.03	82.002
715.22	82.003
715.40	82.026
715.58	82.086
715.77	82.098
715.95	82.090
716.13	82.099
716.32	82.145
716.50	82.151
716.68	82.168
716.87	82.154
717.05	82.150
717.23	82.183
717.42	82.198
717.60	82.236
717.78	82.283
717.97	82.298
718.15	82.327
718.33	82.322
718.52	82.323
718.70	82.392
718.88	82.424
719.07	82.451
719.25	82.452
719.43	82.448
719.62	82.428
719.80	82.416
719.98	82.406
720.17	82.378
720.35	82.404
720.53	82.423
720.72	82.473
720.90	82.528
721.08	82.488
721.27	82.512
721.45	82.550
721.63	82.562
721.81	82.578
722.00	82.496
722.18	82.557
722.36	82.588
722.55	82.553
722.73	82.546
722.91	82.580
723.10	82.648
723.28	82.628
723.46	82.699
723.64	82.787
723.83	82.820
724.01	82.834
724.19	82.845
724.38	82.831
724.56	82.784
724.74	82.806
724.92	82.855
725.11	82.875
725.29	82.850
725.47	82.829
725.66	82.825
725.84	82.887
726.02	82.881
726.20	82.889
726.39	82.913
726.57	82.942
726.75	82.980
726.93	82.934
727.12	82.918
727.30	82.861
727.48	82.805
727.66	82.812
727.85	82.834
728.03	82.852
728.21	82.880
728.39	82.938
728.58	82.937
728.76	82.956
728.94	82.958
729.12	82.977
729.31	82.992
729.49	83.044
729.67	83.055
729.85	83.073
730.04	83.066
730.22	83.069
730.40	83.065
730.58	82.989
730.76	83.030
730.95	83.067
731.13	83.070
731.31	83.087
731.49	83.103
731.68	83.110
731.86	83.128
732.04	83.131
732.22	83.130
732.40	83.124
732.59	83.108
732.77	83.123
732.95	83.124
733.13	83.149
733.31	83.130
733.50	83.104
733.68	83.094
733.86	83.173
734.04	83.187
734.22	83.192
734.41	83.258
734.59	83.258
734.77	83.273
734.95	83.315
735.13	83.338
735.32	83.300
735.50	83.341
735.68	83.311
735.86	83.377
736.04	83.458
736.22	83.501
736.41	83.474
736.59	83.453
736.77	83.501
736.95	83.501
737.13	83.522
737.32	83.567
737.50	83.593
737.68	83.539
737.86	83.575
738.04	83.670
738.22	83.687
738.41	83.703
738.59	83.674
738.77	83.682
738.95	83.668
739.13	83.744
739.31	83.714
739.49	83.773
739.68	83.738
739.86	83.675
740.04	83.658
740.22	83.750
740.40	83.785
740.58	83.741
740.76	83.723
740.95	83.727
741.13	83.716
741.31	83.702
741.49	83.707
741.67	83.656
741.85	83.599
742.03	83.599
742.21	83.606
742.40	83.639
742.58	83.664
742.76	83.730
742.94	83.737
743.12	83.779
743.30	83.813
743.48	83.850
743.66	83.873
743.85	83.888
744.03	83.848
744.21	83.869
744.39	83.911
744.57	83.922
744.75	83.931
744.93	84.001
745.11	83.988
745.29	84.015
745.47	84.070
745.66	84.111
745.84	84.161
746.02	84.203
746.20	84.205
746.38	84.248
746.56	84.167
746.74	84.157
746.92	84.124
747.10	84.036
747.28	84.052
747.46	84.066
747.64	84.052
747.83	84.073
748.01	84.075
748.19	84.063
748.37	84.108
748.55	84.115
748.73	84.113
748.91	84.118
749.09	84.143
749.27	84.205
749.45	84.230
749.63	84.211
749.81	84.184
749.99	84.190
750.17	84.146
750.35	84.195
750.53	84.208
750.72	84.207
750.90	84.263
751.08	84.248
751.26	84.268
751.44	84.286
751.62	84.306
751.80	84.315
751.98	84.390
752.16	84.439
752.34	84.424
752.52	84.394
752.70	84.470
752.88	84.469
753.06	84.425
753.24	84.385
753.42	84.379
753.60	84.397
753.78	84.448
753.96	84.454
754.14	84.467
754.32	84.482
754.50	84.550
754.68	84.590
754.86	84.598
755.04	84.537
755.22	84.545
755.40	84.531
755.58	84.563
755.76	84.549
755.94	84.541
756.12	84.532
756.30	84.593
756.48	84.585
756.66	84.601
756.84	84.591
757.02	84.622
757.20	84.640
757.38	84.625
757.56	84.651
757.74	84.638
757.92	84.678
758.10	84.680
758.28	84.707
758.46	84.684
758.64	84.706
758.82	84.761
759.00	84.792
759.18	84.791
759.36	84.775
759.54	84.746
759.72	84.697
759.90	84.775
760.08	84.760
760.26	84.783
760.44	84.775
760.62	84.808
760.80	84.830
760.98	84.822
761.16	84.888
761.33	84.860
761.51	84.920
761.69	84.882
761.87	84.878
762.05	84.847
762.23	84.864
762.41	84.876
762.59	84.922
762.77	84.900
762.95	84.920
763.13	84.931
763.31	84.961
763.49	84.993
763.67	84.989
763.85	84.999
764.03	84.984
764.21	85.039
764.38	85.053
764.56	85.061
764.74	85.112
764.92	85.081
765.10	85.082
765.28	85.109
765.46	85.216
765.64	85.223
765.82	85.240
766.00	85.208
766.18	85.186
766.35	85.139
766.53	85.117
766.71	85.182
766.89	85.215
767.07	85.239
767.25	85.297
767.43	85.302
767.61	85.287
767.79	85.305
767.97	85.273
768.14	85.276
768.32	85.309
768.50	85.285
768.68	85.301
768.86	85.326
769.04	85.301
769.22	85.213
769.40	85.240
769.58	85.220
769.75	85.266
769.93	85.287
770.11	85.315
770.29	85.359
770.47	85.294
770.65	85.310
770.83	85.293
771.00	85.250
771.18	85.250
771.36	85.264
771.54	85.247
771.72	85.236
771.90	85.250
772.08	85.259
772.25	85.296
772.43	85.320
772.61	85.309
772.79	85.334
772.97	85.359
773.15	85.353
773.33	85.403
773.50	85.417
773.68	85.472
773.86	85.504
774.04	85.509
774.22	85.577
774.40	85.585
774.57	85.590
774.75	85.606
774.93	85.578
775.11	85.631
775.29	85.659
775.46	85.688
775.64	85.700
775.82	85.623
776.00	85.577
776.18	85.565
776.36	85.581
776.53	85.571
776.71	85.639
776.89	85.611
777.07	85.627
777.25	85.658
777.42	85.620
777.60	85.589
777.78	85.579
777.96	85.582
778.14	85.592
778.31	85.589
778.49	85.589
778.67	85.673
778.85	85.652
779.03	85.647
779.20	85.627
779.38	85.682
779.56	85.724
779.74	85.744
779.91	85.792
780.09	85.784
780.27	85.735
780.45	85.658
780.63	85.712
780.80	85.677
780.98	85.659
781.16	85.653
781.34	85.671
781.51	85.719
781.69	85.698
781.87	85.674
782.05	85.714
782.22	85.731
782.40	85.714
782.58	85.740
782.76	85.709
782.93	85.673
783.11	85.650
783.29	85.638
783.47	85.704
783.64	85.734
783.82	85.701
784.00	85.741
784.18	85.802
784.35	85.816
784.53	85.904
784.71	85.886
784.89	85.860
785.06	85.859
785.24	85.914
785.42	85.880
785.60	85.891
785.77	85.870
785.95	85.880
786.13	85.900
786.30	85.879
786.48	85.876
786.66	85.958
786.84	85.992
787.01	86.061
787.19	85.988
787.37	85.916
787.54	85.973
787.72	86.022
787.90	86.000
788.07	86.038
788.25	86.013
788.43	86.043
788.61	86.117
788.78	86.143
788.96	86.160
789.14	86.187
789.31	86.146
789.49	86.250
789.67	86.213
789.84	86.159
790.02	86.211
790.20	86.280
790.37	86.274
790.55	86.301
790.73	86.328
790.90	86.424
791.08	86.396
791.26	86.415
791.43	86.372
791.61	86.347
791.79	86.321
791.96	86.263
792.14	86.322
792.32	86.320
792.49	86.311
792.67	86.266
792.85	86.301
793.02	86.349
793.20	86.203
793.38	86.183
793.55	86.288
793.73	86.291
793.91	86.285
794.08	86.391
794.26	86.310
794.44	86.284
794.61	86.312
794.79	86.346
794.97	86.393
795.14	86.424
795.32	86.497
795.49	86.479
795.67	86.528
795.85	86.487
796.02	86.516
796.20	86.486
796.38	86.487
796.55	86.476
796.73	86.501
796.90	86.580
797.08	86.683
797.26	86.633
797.43	86.622
797.61	86.677
797.78	86.553
797.96	86.511
798.14	86.459
798.31	86.379
798.49	86.379
798.66	86.320
798.84	86.349
799.02	86.345
799.19	86.348
799.37	86.357
799.54	86.351
799.72	86.314
799.90	86.404
800.07	86.391
800.25	86.362
800.42	86.403
800.60	86.451
800.78	86.445
800.95	86.442
801.13	86.461
801.30	86.439
801.48	86.512
801.65	86.523
801.83	86.561
802.01	86.542
802.18	86.588
802.36	86.632
802.53	86.614
802.71	86.539
802.88	86.557
803.06	86.599
803.23	86.657
803.41	86.601
803.59	86.566
803.76	86.546
803.94	86.568
804.11	86.538
804.29	86.436
804.46	86.460
804.64	86.427
804.81	86.440
804.99	86.434
805.16	86.405
805.34	86.431
805.52	86.423
805.69	86.528
805.87	86.589
806.04	86.554
806.22	86.598
806.39	86.658
806.57	86.680
806.74	86.571
806.92	86.535
807.09	86.644
807.27	86.629
807.44	86.678
807.62	86.703
807.79	86.664
807.97	86.684
808.14	86.637
808.32	86.739
808.49	86.730
808.67	86.778
808.84	86.852
809.02	86.894
809.19	86.992
809.37	86.930
809.54	86.864
809.72	86.890
809.89	86.843
810.07	86.931
810.24	86.852
810.42	86.867
810.59	86.851
810.77	86.867
810.94	86.843
811.12	86.851
811.29	86.912
811.47	86.926
811.64	87.071
811.82	87.018
811.99	86.930
812.16	86.968
812.34	86.916
812.51	86.828
812.69	86.778
812.86	86.714
813.04	86.672
813.21	86.655
813.39	86.676
813.56	86.735
813.74	86.698
813.91	86.768
814.08	86.808
814.26	86.871
814.43	86.816
814.61	86.967
814.78	87.042
814.96	87.025
815.13	87.039
815.31	86.971
815.48	87.008
815.65	86.972
815.83	86.919
816.00	86.896
816.18	86.933
816.35	87.055
816.53	87.008
816.70	87.087
816.87	87.146
817.05	87.256
817.22	87.246
817.40	87.142
817.57	87.137
817.74	87.163
817.92	87.106
818.09	87.130
818.27	87.062
818.44	86.985
818.62	86.958
818.79	87.032
818.96	86.997
819.14	87.022
819.31	87.181
819.49	87.208
819.66	87.328
819.83	87.467
820.01	87.397
820.18	87.424
820.35	87.477
820.53	87.562
820.70	87.471
820.88	87.509
821.05	87.581
821.22	87.525
821.40	87.512
821.57	87.543
821.74	87.469
821.92	87.472
822.09	87.454
822.27	87.427
822.44	87.402
822.61	87.394
822.79	87.461
822.96	87.347
823.13	87.317
823.31	87.250
823.48	87.050
823.65	87.093
823.83	87.119
824.00	87.019
824.17	86.896
824.35	86.886
824.52	86.815
824.69	86.826
824.87	86.855
825.04	86.798
825.22	86.788
825.39	86.903
825.56	86.899
825.74	86.906
825.91	86.935
826.08	86.900
826.25	86.952
826.43	86.932
826.60	87.018
826.77	87.032
826.95	86.977
827.12	87.133
827.29	87.099
827.47	87.162
827.64	87.160
827.81	87.255
827.99	87.289
828.16	87.295
828.33	87.343
828.51	87.394
828.68	87.619
828.85	87.615
829.02	87.536
829.20	87.616
829.37	87.768
829.54	87.804
829.72	87.832
829.89	87.805
830.06	87.755
830.23	87.727
830.41	87.670
830.58	87.733
830.75	87.712
830.93	87.697
831.10	87.720
831.27	87.799
831.44	87.751
831.62	87.751
831.79	87.720
831.96	87.698
832.13	87.696
832.31	87.560
832.48	87.626
832.65	87.713
832.83	87.705
833.00	87.567
833.17	87.547
833.34	87.517
833.52	87.605
833.69	87.687
833.86	87.657
834.03	87.707
834.21	87.788
834.38	87.703
834.55	87.689
834.72	87.616
834.89	87.623
835.07	87.582
835.24	87.584
835.41	87.536
835.58	87.533
835.76	87.531
835.93	87.610
836.10	87.529
836.27	87.562
836.45	87.583
836.62	87.649
836.79	87.612
836.96	87.719
837.13	87.568
837.31	87.608
837.48	87.591
837.65	87.595
837.82	87.553
837.99	87.650
838.17	87.705
838.34	87.699
838.51	87.757
838.68	87.788
838.85	87.800
839.03	87.910
839.20	87.897
839.37	88.002
839.54	87.957
839.71	87.934
839.89	87.876
840.06	87.667
840.23	87.605
840.40	87.699
840.57	87.583
840.74	87.679
840.92	87.664
841.09	87.681
841.26	87.623
841.43	87.560
841.60	87.566
841.78	87.586
841.95	87.653
842.12	87.448
842.29	87.495
842.46	87.503
842.63	87.500
842.80	87.520
842.98	87.622
843.15	87.721
843.32	87.830
843.49	87.933
843.66	88.149
843.83	88.168
844.00	88.038
844.18	88.211
844.35	88.214
844.52	88.272
844.69	88.363
844.86	88.463
845.03	88.569
845.20	88.503
845.38	88.566
845.55	88.590
845.72	88.692
845.89	88.640
846.06	88.662
846.23	88.620
846.40	88.601
846.57	88.472
846.75	88.369
846.92	88.473
847.09	88.467
847.26	88.442
847.43	88.488
847.60	88.617
847.77	88.398
847.94	88.439
848.11	88.377
848.28	88.292
848.46	88.176
848.63	88.231
848.80	88.234
848.97	88.188
849.14	88.204
849.31	88.148
849.48	88.202
849.65	88.031
849.82	88.241
849.99	88.284
850.16	88.255
850.33	88.097
850.51	87.967
850.68	87.888
850.85	87.823
851.02	87.825
851.19	87.763
851.36	87.915
851.53	87.819
851.70	87.744
851.87	87.765
852.04	87.969
852.21	87.870
852.38	87.872
852.55	87.839
852.72	87.731
852.89	87.799
853.06	87.738
853.24	87.920
853.41	87.812
853.58	87.866
853.75	87.820
853.92	87.854
854.09	87.859
854.26	87.682
854.43	87.720
854.60	87.759
854.77	87.847
854.94	87.788
855.11	87.879
855.28	87.891
855.45	87.945
855.62	87.940
855.79	88.098
855.96	88.302
856.13	88.478
856.30	88.572
856.47	88.663
856.64	88.731
856.81	88.713
856.98	88.578
857.15	88.627
857.32	88.859
857.49	89.083
857.66	89.145
857.83	89.482
858.00	89.412
858.17	89.318
858.34	89.248
858.51	89.369
858.68	89.213
858.85	89.317
859.02	89.284
859.19	89.232
859.36	89.033
859.53	88.824
859.70	88.662
859.87	88.650
860.04	88.715
860.21	88.813
860.38	88.794
860.55	88.956
860.72	88.878
860.89	88.788
861.06	88.831
861.23	88.753
861.40	88.648
861.56	88.638
861.73	88.533
861.90	88.559
862.07	88.627
862.24	88.720
862.41	88.756
862.58	88.975
862.75	89.128
862.92	89.286
863.09	89.342
863.26	89.318
863.43	89.117
863.60	88.930
863.77	88.807
863.94	88.872
864.11	88.775
864.28	88.724
864.44	88.620
864.61	88.648
864.78	88.519
864.95	88.471
865.12	88.491
865.29	88.779
865.46	88.778
865.63	88.587
865.80	88.645
865.97	88.761
866.14	88.536
866.31	88.511
866.47	88.448
866.64	88.420
866.81	88.508
866.98	88.674
867.15	88.783
867.32	88.796
867.49	88.771
867.66	88.774
867.83	88.999
867.99	88.952
868.16	88.717
868.33	89.081
868.50	89.112
868.67	89.124
868.84	89.059
869.01	89.110
869.18	89.077
869.35	89.016
869.51	88.881
869.68	89.056
869.85	88.779
870.02	88.605
870.19	88.885
870.36	88.854
870.53	88.898
870.69	88.804
870.86	88.685
871.03	88.758
871.20	88.870
871.37	88.721
871.54	88.662
871.71	88.724
871.87	88.717
872.04	88.685
872.21	88.780
872.38	88.645
872.55	88.647
872.72	88.808
872.88	89.098
873.05	88.999
873.22	88.789
873.39	89.051
873.56	89.177
873.73	88.945
873.89	88.888
874.06	88.817
874.23	88.953
874.40	89.140
874.57	89.013
874.73	88.989
874.90	88.811
875.07	88.996
875.24	89.130
875.41	88.926
875.57	88.981
875.74	89.064
875.91	89.094
876.08	89.083
876.25	88.921
876.41	88.698
876.58	88.691
876.75	88.891
876.92	88.738
877.09	88.803
877.25	88.807
877.42	89.172
877.59	89.316
877.76	89.276
877.93	89.212
878.09	89.258
878.26	89.402
878.43	89.616
878.60	89.685
878.76	89.716
878.93	89.826
879.10	89.828
879.27	89.746
879.43	89.899
879.60	89.926
879.77	90.179
879.94	90.328
880.10	90.536
880.27	90.348
880.44	90.566
880.61	90.506
880.77	90.571
880.94	90.312
881.11	90.334
881.28	90.324
881.44	90.434
881.61	90.414
881.78	90.277
881.95	90.190
882.11	90.183
882.28	90.127
882.45	90.194
882.62	90.063
882.78	90.132
882.95	90.102
883.12	90.185
883.28	90.066
883.45	89.690
883.62	89.618
883.79	89.621
883.95	89.454
884.12	89.641
884.29	89.479
884.45	89.704
884.62	89.432
884.79	89.608
884.96	89.457
885.12	89.557
885.29	90.981
885.46	87.252
885.62	88.972
885.79	92.199
885.96	87.510
886.12	95.259
886.29	85.766
886.46	92.258
886.62	87.236
886.79	90.698
