178.99	-54.651
179.20	-54.651
179.42	-54.651
179.63	-40.909
179.84	236.842
180.06	-24.490
180.27	226.882
180.49	-375.000
180.70	-573.684
180.92	800.000
181.13	-116.337
181.35	-179.487
181.56	1089.583
181.77	233.190
181.99	228.226
182.20	268.367
182.42	186.183
182.63	191.323
182.85	181.619
183.06	150.161
183.28	142.219
183.49	150.815
183.70	140.225
183.92	123.330
184.13	117.809
184.35	110.468
184.56	117.057
184.78	116.239
184.99	112.036
185.21	105.624
185.42	107.980
185.63	102.724
185.85	102.854
186.06	96.631
186.28	98.008
186.49	92.238
186.71	91.275
186.92	77.125
187.13	83.247
187.35	84.465
187.56	87.944
187.78	90.222
187.99	94.268
188.21	85.097
188.42	85.115
188.63	88.130
188.85	87.252
189.06	84.906
189.28	86.161
189.49	78.626
189.71	80.057
189.92	79.256
190.13	82.001
190.35	85.252
190.56	89.193
190.78	87.067
190.99	89.042
191.20	79.809
191.42	85.843
191.63	84.900
191.85	82.863
192.06	86.142
192.28	82.364
192.49	81.136
192.70	85.284
192.92	89.372
193.13	82.485
193.35	91.260
193.56	83.756
193.77	83.123
193.99	91.937
194.20	81.062
194.42	86.840
194.63	87.474
194.84	98.483
195.06	99.595
195.27	104.562
195.49	103.511
195.70	114.093
195.91	119.020
196.13	117.465
196.34	101.204
196.56	89.977
196.77	92.512
196.98	82.149
197.20	91.925
197.41	90.325
197.63	94.489
197.84	79.910
198.05	87.233
198.27	81.305
198.48	79.207
198.70	80.705
198.91	78.267
199.12	79.236
199.34	65.785
199.55	74.806
199.76	79.800
199.98	75.976
200.19	71.357
200.41	64.016
200.62	56.390
200.83	60.021
201.05	59.802
201.26	56.138
201.48	55.059
201.69	46.570
201.90	42.654
202.12	36.288
202.33	39.035
202.54	40.025
202.76	40.783
202.97	52.632
203.19	51.714
203.40	51.348
203.61	49.464
203.83	56.706
204.04	50.275
204.25	40.185
204.47	52.310
204.68	52.441
204.89	54.489
205.11	60.949
205.32	66.943
205.54	67.199
205.75	67.086
205.96	82.664
206.18	81.667
206.39	84.105
206.60	95.552
206.82	81.096
207.03	81.154
207.24	80.871
207.46	74.179
207.67	81.060
207.89	86.118
208.10	74.612
208.31	69.831
208.53	64.043
208.74	66.004
208.95	64.429
209.17	71.941
209.38	71.369
209.59	78.140
209.81	70.054
210.02	74.982
210.23	73.153
210.45	59.326
210.66	50.034
210.87	53.346
211.09	45.350
211.30	58.872
211.51	54.101
211.73	59.623
211.94	54.330
212.15	47.997
212.37	42.953
212.58	56.096
212.79	59.539
213.01	63.616
213.22	61.896
213.43	52.252
213.65	63.341
213.86	69.062
214.07	66.024
214.29	76.740
214.50	72.955
214.71	86.538
214.93	91.775
215.14	102.419
215.35	103.405
215.57	101.471
215.78	101.307
215.99	98.081
216.21	92.888
216.42	96.725
216.63	106.540
216.85	97.192
217.06	96.059
217.27	96.221
217.49	97.929
217.70	97.578
217.91	99.611
218.13	84.482
218.34	81.921
218.55	79.849
218.77	70.335
218.98	73.365
219.19	71.129
219.40	72.396
219.62	85.027
219.83	85.181
220.04	93.634
220.26	92.769
220.47	100.000
220.68	102.803
220.90	100.419
221.11	81.408
221.32	90.669
221.54	93.652
221.75	87.441
221.96	95.029
222.17	92.803
222.39	96.898
222.60	98.842
222.81	99.036
223.03	99.948
223.24	98.851
223.45	99.395
223.67	97.477
223.88	106.258
224.09	87.816
224.30	91.268
224.52	90.304
224.73	86.056
224.94	77.723
225.16	73.336
225.37	76.053
225.58	82.767
225.79	77.295
226.01	78.399
226.22	81.451
226.43	66.962
226.65	72.814
226.86	69.989
227.07	75.473
227.28	74.892
227.50	72.222
227.71	83.449
227.92	81.043
228.14	80.858
228.35	68.342
228.56	73.264
228.77	64.994
228.99	61.361
229.20	53.411
229.41	51.061
229.62	56.417
229.84	70.096
230.05	71.939
230.26	79.172
230.48	86.575
230.69	89.560
230.90	93.951
231.11	97.368
231.33	105.730
231.54	104.313
231.75	105.329
231.96	103.869
232.18	96.412
232.39	93.012
232.60	98.879
232.81	99.882
233.03	94.007
233.24	91.020
233.45	99.942
233.66	102.126
233.88	113.100
234.09	116.808
234.30	103.678
234.51	105.591
234.73	105.631
234.94	100.680
235.15	88.435
235.36	89.934
235.58	83.342
235.79	78.335
236.00	74.737
236.21	77.317
236.43	79.796
236.64	81.198
236.85	87.273
237.06	79.456
237.28	78.056
237.49	87.310
237.70	93.152
237.91	81.277
238.13	77.394
238.34	76.524
238.55	80.610
238.76	78.340
238.98	76.684
239.19	66.886
239.40	61.588
239.61	70.797
239.83	67.291
240.04	65.438
240.25	58.098
240.46	54.723
240.67	46.087
240.89	45.641
241.10	47.407
241.31	43.766
241.52	45.485
241.74	49.174
241.95	43.291
242.16	39.378
242.37	38.442
242.58	37.192
242.80	34.445
243.01	25.320
243.22	31.386
243.43	30.683
243.65	37.289
243.86	41.512
244.07	42.493
244.28	47.324
244.49	51.893
244.71	56.034
244.92	58.442
245.13	64.416
245.34	68.949
245.55	70.639
245.77	73.362
245.98	75.299
246.19	76.662
246.40	72.432
246.62	71.095
246.83	77.453
247.04	78.468
247.25	83.140
247.46	95.423
247.68	91.194
247.89	95.679
248.10	92.990
248.31	92.430
248.52	79.563
248.74	78.172
248.95	78.918
249.16	78.778
249.37	84.039
249.58	85.248
249.79	90.335
250.01	90.955
250.22	84.704
250.43	82.644
250.64	76.056
250.85	91.854
251.07	92.567
251.28	87.781
251.49	99.587
251.70	99.013
251.91	90.159
252.13	103.990
252.34	105.132
252.55	108.151
252.76	106.343
252.97	132.360
253.18	122.559
253.40	112.816
253.61	125.481
253.82	123.533
254.03	129.695
254.24	125.241
254.46	116.187
254.67	105.439
254.88	103.994
255.09	105.705
255.30	112.013
255.51	128.879
255.73	144.926
255.94	143.815
256.15	151.658
256.36	137.265
256.57	149.192
256.78	140.906
257.00	138.162
257.21	131.281
257.42	112.873
257.63	127.801
257.84	127.719
258.05	126.033
258.26	118.069
258.48	113.857
258.69	101.520
258.90	99.877
259.11	112.516
259.32	119.359
259.53	129.828
259.75	121.481
259.96	106.575
260.17	96.716
260.38	93.274
260.59	83.811
260.80	91.230
261.01	81.573
261.23	83.392
261.44	87.351
261.65	92.877
261.86	98.854
262.07	88.403
262.28	94.767
262.49	89.246
262.71	94.650
262.92	86.271
263.13	90.824
263.34	95.377
263.55	91.036
263.76	87.410
263.97	89.106
264.19	89.990
264.40	100.954
264.61	110.877
264.82	106.571
265.03	103.503
265.24	109.029
265.45	113.861
265.66	105.381
265.88	105.235
266.09	107.196
266.30	108.197
266.51	107.742
266.72	103.883
266.93	104.839
267.14	105.320
267.35	112.329
267.57	112.441
267.78	109.165
267.99	108.726
268.20	116.429
268.41	101.767
268.62	105.077
268.83	102.277
269.04	95.478
269.25	97.803
269.47	103.759
269.68	101.010
269.89	100.541
270.10	104.230
270.31	94.582
270.52	88.979
270.73	93.665
270.94	93.935
271.15	93.356
271.37	89.491
271.58	85.506
271.79	91.234
272.00	96.268
272.21	97.352
272.42	101.893
272.63	106.297
272.84	110.689
273.05	105.340
273.26	103.436
273.48	109.513
273.69	107.264
273.90	109.380
274.11	101.609
274.32	102.533
274.53	104.789
274.74	113.380
274.95	120.214
275.16	125.156
275.37	125.318
275.58	130.962
275.80	136.907
276.01	149.804
276.22	127.196
276.43	117.206
276.64	115.389
276.85	115.604
277.06	106.041
277.27	107.096
277.48	108.854
277.69	97.268
277.90	93.302
278.11	96.857
278.32	90.744
278.54	91.119
278.75	82.993
278.96	85.475
279.17	85.414
279.38	77.222
279.59	74.019
279.80	74.187
280.01	68.144
280.22	66.667
280.43	61.721
280.64	69.856
280.85	70.611
281.06	72.826
281.27	71.523
281.48	68.806
281.70	68.226
281.91	63.737
282.12	69.724
282.33	65.742
282.54	63.243
282.75	66.906
282.96	65.236
283.17	54.866
283.38	55.029
283.59	54.076
283.80	60.964
284.01	67.037
284.22	62.908
284.43	71.621
284.64	71.380
284.85	71.365
285.06	71.357
285.27	69.717
285.48	72.593
285.70	69.075
285.91	72.179
286.12	78.387
286.33	76.633
286.54	76.872
286.75	83.883
286.96	88.333
287.17	88.601
287.38	86.086
287.59	99.018
287.80	99.266
288.01	97.567
288.22	98.734
288.43	88.707
288.64	93.141
288.85	94.823
289.06	97.055
289.27	100.752
289.48	91.026
289.69	89.267
289.90	83.577
290.11	90.453
290.32	95.005
290.53	94.873
290.74	98.442
290.95	93.758
291.16	78.994
291.37	73.286
291.58	70.130
291.79	83.898
292.00	86.662
292.21	81.382
292.42	83.113
292.63	75.761
292.84	78.558
293.05	71.285
293.26	62.507
293.47	59.541
293.68	59.368
293.89	66.221
294.10	76.347
294.31	79.080
294.52	79.480
294.73	72.266
294.95	70.900
295.16	70.455
295.37	71.024
295.58	72.597
295.79	71.148
295.99	65.774
296.20	65.105
296.41	60.796
296.62	59.726
296.83	52.765
297.04	52.571
297.25	52.246
297.46	60.242
297.67	65.719
297.88	66.726
298.09	61.804
298.30	60.600
298.51	57.352
298.72	57.391
298.93	52.574
299.14	48.816
299.35	46.697
299.56	51.138
299.77	57.076
299.98	56.705
300.19	61.789
300.40	73.868
300.61	68.881
300.82	70.228
301.03	72.400
301.24	75.411
301.45	78.331
301.66	83.333
301.87	75.488
302.08	76.677
302.29	71.102
302.50	72.603
302.71	77.616
302.92	77.685
303.13	78.931
303.34	79.594
303.55	81.465
303.76	87.132
303.97	89.233
304.18	83.374
304.39	86.986
304.60	85.508
304.81	81.872
305.02	87.834
305.22	85.201
305.43	90.278
305.64	94.401
305.85	98.628
306.06	92.475
306.27	104.058
306.48	100.000
306.69	114.318
306.90	105.174
307.11	88.718
307.32	92.688
307.53	87.564
307.74	94.628
307.95	93.084
308.16	86.431
308.37	83.458
308.58	83.325
308.79	84.545
309.00	89.220
309.21	96.536
309.41	92.474
309.62	96.584
309.83	96.480
310.04	98.370
310.25	99.618
310.46	103.398
310.67	99.957
310.88	99.878
311.09	93.750
311.30	102.223
311.51	110.392
311.72	108.042
311.93	115.970
312.14	106.059
312.34	109.056
312.55	105.804
312.76	103.249
312.97	111.537
313.18	107.072
313.39	107.048
313.60	93.696
313.81	87.879
314.02	87.187
314.23	88.243
314.44	86.020
314.65	79.707
314.86	79.596
315.06	77.799
315.27	73.803
315.48	74.432
315.69	72.356
315.90	68.327
316.11	67.103
316.32	62.456
316.53	61.972
316.74	61.224
316.95	62.281
317.16	62.990
317.36	58.693
317.57	60.145
317.78	56.950
317.99	61.361
318.20	63.248
318.41	59.767
318.62	56.979
318.83	53.254
319.04	57.722
319.24	60.173
319.45	57.232
319.66	60.482
319.87	59.054
320.08	61.499
320.29	60.899
320.50	61.343
320.71	57.450
320.92	61.249
321.12	59.857
321.33	66.074
321.54	64.905
321.75	66.881
321.96	59.195
322.17	59.401
322.38	59.249
322.59	59.642
322.80	60.739
323.00	58.791
323.21	60.007
323.42	57.922
323.63	55.824
323.84	55.075
324.05	57.666
324.26	60.881
324.47	60.048
324.67	66.721
324.88	68.187
325.09	69.742
325.30	69.887
325.51	75.938
325.72	67.291
325.93	66.175
326.13	63.636
326.34	70.586
326.55	74.867
326.76	75.247
326.97	71.558
327.18	72.885
327.39	69.176
327.59	74.063
327.80	75.059
328.01	72.395
328.22	75.418
328.43	68.890
328.64	68.264
328.85	63.826
329.05	58.320
329.26	57.539
329.47	56.054
329.68	52.656
329.89	50.578
330.10	50.591
330.30	52.822
330.51	49.949
330.72	50.180
330.93	49.001
331.14	49.463
331.35	51.690
331.56	49.536
331.76	51.128
331.97	48.527
332.18	46.412
332.39	46.092
332.60	45.302
332.81	46.070
333.01	45.109
333.22	46.573
333.43	50.244
333.64	50.092
333.85	51.217
334.05	51.117
334.26	52.330
334.47	54.451
334.68	55.475
334.89	58.278
335.10	57.861
335.30	58.018
335.51	56.425
335.72	56.559
335.93	56.755
336.14	56.864
336.35	55.797
336.55	54.911
336.76	53.991
336.97	53.626
337.18	52.407
337.39	51.243
337.59	50.480
337.80	48.883
338.01	48.690
338.22	48.599
338.43	49.097
338.63	50.048
338.84	49.024
339.05	47.565
339.26	48.387
339.47	47.610
339.67	47.043
339.88	48.191
340.09	46.999
340.30	48.284
340.51	47.944
340.71	48.992
340.92	48.974
341.13	50.000
341.34	50.993
341.55	51.458
341.75	52.971
341.96	53.470
342.17	53.607
342.38	52.912
342.58	53.101
342.79	53.241
343.00	51.466
343.21	52.910
343.42	53.072
343.62	52.475
343.83	52.738
344.04	52.378
344.25	51.461
344.46	51.589
344.66	50.721
344.87	50.418
345.08	49.593
345.29	50.022
345.49	50.533
345.70	49.497
345.91	48.685
346.12	48.530
346.32	47.922
346.53	47.665
346.74	48.111
346.95	47.251
347.16	47.030
347.36	47.911
347.57	47.037
347.78	46.854
347.99	46.252
348.19	45.873
348.40	46.280
348.61	46.317
348.82	46.337
349.02	45.847
349.23	45.891
349.44	45.579
349.65	45.346
349.85	44.517
350.06	44.262
350.27	44.493
350.48	43.854
350.68	44.134
350.89	43.511
351.10	43.717
351.31	43.710
351.51	43.407
351.72	42.720
351.93	42.378
352.14	42.468
352.34	42.577
352.55	42.583
352.76	42.907
352.96	42.699
353.17	43.355
353.38	43.776
353.59	43.790
353.79	44.274
354.00	44.021
354.21	44.141
354.42	44.282
354.62	44.187
354.83	44.015
355.04	43.639
355.24	43.532
355.45	43.143
355.66	43.234
355.87	43.258
356.07	43.468
356.28	43.474
356.49	43.014
356.70	42.915
356.90	42.743
357.11	42.590
357.32	42.415
357.52	41.964
357.73	41.538
357.94	41.410
358.15	41.417
358.35	41.461
358.56	41.572
358.77	41.513
358.97	41.391
359.18	41.159
359.39	41.315
359.59	41.595
359.80	41.745
360.01	41.538
360.22	41.618
360.42	41.432
360.63	41.146
360.84	41.360
361.04	41.087
361.25	40.925
361.46	40.782
361.66	40.572
361.87	40.315
362.08	40.441
362.29	40.497
362.49	40.048
362.70	40.217
362.91	39.599
363.11	39.650
363.32	39.424
363.53	39.913
363.73	39.636
363.94	39.499
364.15	38.895
364.35	38.908
364.56	38.736
364.77	38.544
364.97	38.436
365.18	38.228
365.39	38.263
365.59	38.236
365.80	38.233
366.01	38.330
366.21	38.249
366.42	38.162
366.63	37.851
366.83	37.794
367.04	37.549
367.25	37.875
367.45	37.743
367.66	37.973
367.87	37.483
368.07	37.371
368.28	37.177
368.49	37.417
368.69	37.276
368.90	37.419
369.11	37.401
369.31	37.571
369.52	37.344
369.73	37.097
369.93	37.176
370.14	36.686
370.35	36.619
370.55	36.626
370.76	36.473
370.97	36.282
371.17	36.293
371.38	36.094
371.58	36.092
371.79	36.074
372.00	35.688
372.20	35.878
372.41	35.743
372.62	35.903
372.82	35.779
373.03	35.755
373.24	35.436
373.44	35.478
373.65	35.348
373.85	35.489
374.06	35.460
374.27	35.263
374.47	35.428
374.68	35.484
374.89	35.283
375.09	35.087
375.30	35.139
375.51	35.161
375.71	35.313
375.92	35.043
376.12	34.949
376.33	35.029
376.54	34.831
376.74	34.816
376.95	34.733
377.15	34.706
377.36	34.738
377.57	34.775
377.77	34.579
377.98	34.638
378.19	34.393
378.39	34.411
378.60	34.277
378.80	34.223
379.01	34.224
379.22	34.237
379.42	34.412
379.63	34.457
379.83	34.230
380.04	34.121
380.25	34.074
380.45	34.150
380.66	34.102
380.86	33.916
381.07	34.030
381.28	33.829
381.48	33.778
381.69	33.613
381.89	33.488
382.10	33.518
382.31	33.254
382.51	33.403
382.72	33.390
382.92	33.492
383.13	33.464
383.33	33.278
383.54	33.310
383.75	33.219
383.95	33.156
384.16	33.125
384.36	33.073
384.57	33.138
384.78	32.914
384.98	32.890
385.19	33.019
385.39	32.871
385.60	32.992
385.80	32.884
386.01	32.933
386.22	33.008
386.42	32.905
386.63	32.950
386.83	32.787
387.04	32.744
387.24	32.712
387.45	32.714
387.65	32.763
387.86	32.642
388.07	32.573
388.27	32.499
388.48	32.505
388.68	32.475
388.89	32.488
389.09	32.525
389.30	32.556
389.50	32.429
389.71	32.371
389.92	32.215
390.12	32.205
390.33	32.150
390.53	32.035
390.74	32.080
390.94	32.004
391.15	32.025
391.35	31.926
391.56	31.786
391.77	31.663
391.97	31.566
392.18	31.510
392.38	31.478
392.59	31.476
392.79	31.523
393.00	31.486
393.20	31.242
393.41	31.153
393.61	31.073
393.82	31.034
394.02	31.017
394.23	31.061
394.43	31.031
394.64	30.946
394.84	30.956
395.05	30.894
395.26	30.934
395.46	30.850
395.67	30.863
395.87	30.874
396.08	30.742
396.28	30.595
396.49	30.595
396.69	30.514
396.90	30.495
397.10	30.411
397.31	30.416
397.51	30.543
397.72	30.429
397.92	30.367
398.13	30.370
398.33	30.270
398.54	30.231
398.74	30.116
398.95	30.106
399.15	30.075
399.36	29.997
399.56	30.015
399.77	30.023
399.97	29.963
400.18	29.895
400.38	29.856
400.59	29.902
400.79	29.791
401.00	29.841
401.20	29.757
401.41	29.605
401.61	29.522
401.82	29.300
402.02	29.343
402.23	29.314
402.43	29.188
402.64	29.183
402.84	29.186
403.05	29.209
403.25	29.178
403.46	29.011
403.66	28.970
403.87	28.732
404.07	28.619
404.27	28.575
404.48	28.564
404.68	28.644
404.89	28.627
405.09	28.574
405.30	28.409
405.50	28.364
405.71	28.451
405.91	28.394
406.12	28.349
406.32	28.284
406.53	28.229
406.73	28.152
406.94	28.094
407.14	27.952
407.34	27.903
407.55	27.795
407.75	27.785
407.96	27.735
408.16	27.735
408.37	27.739
408.57	27.676
408.78	27.614
408.98	27.525
409.19	27.478
409.39	27.477
409.59	27.439
409.80	27.383
410.00	27.172
410.21	27.097
410.41	27.105
410.62	27.090
410.82	27.023
411.03	27.028
411.23	26.944
411.43	26.913
411.64	26.793
411.84	26.648
412.05	26.627
412.25	26.610
412.46	26.567
412.66	26.467
412.86	26.411
413.07	26.370
413.27	26.290
413.48	26.120
413.68	26.069
413.89	26.032
414.09	25.957
414.29	26.001
414.50	25.935
414.70	25.874
414.91	25.795
415.11	25.680
415.32	25.594
415.52	25.566
415.72	25.498
415.93	25.519
416.13	25.545
416.34	25.405
416.54	25.358
416.74	25.321
416.95	25.273
417.15	25.219
417.36	25.104
417.56	25.071
417.76	25.103
417.97	24.996
418.17	24.894
418.38	24.805
418.58	24.706
418.78	24.661
418.99	24.586
419.19	24.472
419.40	24.457
419.60	24.438
419.80	24.407
420.01	24.358
420.21	24.241
420.42	24.175
420.62	24.136
420.82	23.985
421.03	23.906
421.23	23.861
421.44	23.843
421.64	23.885
421.84	23.809
422.05	23.715
422.25	23.634
422.45	23.629
422.66	23.619
422.86	23.649
423.07	23.620
423.27	23.572
423.47	23.574
423.68	23.526
423.88	23.502
424.08	23.474
424.29	23.411
424.49	23.328
424.70	23.327
424.90	23.283
425.10	23.259
425.31	23.238
425.51	23.165
425.71	23.004
425.92	22.917
426.12	22.872
426.32	22.826
426.53	22.785
426.73	22.712
426.93	22.648
427.14	22.505
427.34	22.450
427.55	22.375
427.75	22.329
427.95	22.249
428.16	22.171
428.36	22.112
428.56	22.087
428.77	22.138
428.97	22.074
429.17	22.061
429.38	21.957
429.58	21.823
429.78	21.784
429.99	21.860
430.19	21.775
430.39	21.736
430.60	21.699
430.80	21.724
431.00	21.732
431.21	21.705
431.41	21.714
431.61	21.680
431.82	21.699
432.02	21.619
432.22	21.609
432.43	21.579
432.63	21.472
432.83	21.437
433.04	21.368
433.24	21.326
433.44	21.240
433.65	21.306
433.85	21.291
434.05	21.278
434.25	21.179
434.46	21.212
434.66	21.171
434.86	21.114
435.07	21.033
435.27	20.993
435.47	20.940
435.68	20.931
435.88	20.877
436.08	20.853
436.29	20.885
436.49	20.859
436.69	20.812
436.89	20.793
437.10	20.709
437.30	20.649
437.50	20.610
437.71	20.622
437.91	20.588
438.11	20.552
438.32	20.504
438.52	20.495
438.72	20.457
438.92	20.442
439.13	20.427
439.33	20.412
439.53	20.368
439.74	20.357
439.94	20.306
440.14	20.285
440.34	20.196
440.55	20.171
440.75	20.132
440.95	20.124
441.15	20.126
441.36	20.195
441.56	20.208
441.76	20.208
441.97	20.214
442.17	20.169
442.37	20.199
442.57	20.225
442.78	20.205
442.98	20.153
443.18	20.149
443.38	20.135
443.59	20.142
443.79	20.193
443.99	20.215
444.19	20.181
444.40	20.184
444.60	20.234
444.80	20.177
445.00	20.210
445.21	20.186
445.41	20.169
445.61	20.141
445.81	20.127
446.02	20.079
446.22	20.046
446.42	20.050
446.62	20.061
446.83	20.074
447.03	20.116
447.23	20.105
447.43	20.075
447.64	20.055
447.84	20.059
448.04	20.023
448.24	19.999
448.45	19.974
448.65	19.952
448.85	19.972
449.05	20.001
449.26	19.957
449.46	19.970
449.66	19.993
449.86	20.002
450.06	19.991
450.27	20.071
450.47	20.066
450.67	20.070
450.87	20.021
451.08	19.986
451.28	19.970
451.48	20.047
451.68	20.092
451.88	20.118
452.09	20.127
452.29	20.100
452.49	20.106
452.69	20.166
452.89	20.188
453.10	20.119
453.30	20.108
453.50	20.141
453.70	20.124
453.90	20.106
454.11	20.064
454.31	20.095
454.51	20.066
454.71	20.102
454.91	20.141
455.12	20.218
455.32	20.258
455.52	20.255
455.72	20.239
455.92	20.251
456.13	20.290
456.33	20.288
456.53	20.318
456.73	20.361
456.93	20.383
457.14	20.416
457.34	20.497
457.54	20.521
457.74	20.517
457.94	20.570
458.14	20.621
458.35	20.629
458.55	20.667
458.75	20.686
458.95	20.731
459.15	20.744
459.36	20.755
459.56	20.758
459.76	20.814
459.96	20.813
460.16	20.816
460.36	20.819
460.57	20.856
460.77	20.862
460.97	20.888
461.17	20.905
461.37	20.914
461.57	20.928
461.77	20.978
461.98	21.042
462.18	21.064
462.38	21.112
462.58	21.147
462.78	21.128
462.98	21.167
463.19	21.197
463.39	21.201
463.59	21.253
463.79	21.266
463.99	21.256
464.19	21.274
464.39	21.291
464.60	21.319
464.80	21.307
465.00	21.368
465.20	21.360
465.40	21.378
465.60	21.446
465.80	21.475
466.01	21.476
466.21	21.485
466.41	21.523
466.61	21.564
466.81	21.604
467.01	21.652
467.21	21.632
467.41	21.641
467.62	21.658
467.82	21.629
468.02	21.669
468.22	21.699
468.42	21.739
468.62	21.760
468.82	21.769
469.02	21.815
469.22	21.835
469.43	21.864
469.63	21.886
469.83	21.857
470.03	21.881
470.23	21.910
470.43	21.971
470.63	22.000
470.83	22.004
471.03	22.022
471.24	22.043
471.44	22.119
471.64	22.142
471.84	22.205
472.04	22.283
472.24	22.318
472.44	22.371
472.64	22.396
472.84	22.444
473.04	22.500
473.25	22.558
473.45	22.603
473.65	22.622
473.85	22.663
474.05	22.705
474.25	22.750
474.45	22.783
474.65	22.792
474.85	22.808
475.05	22.822
475.25	22.847
475.45	22.912
475.66	22.933
475.86	22.963
476.06	22.991
476.26	22.975
476.46	23.013
476.66	23.018
476.86	23.053
477.06	23.081
477.26	23.115
477.46	23.129
477.66	23.160
477.86	23.189
478.06	23.211
478.26	23.262
478.46	23.262
478.67	23.282
478.87	23.272
479.07	23.313
479.27	23.339
479.47	23.381
479.67	23.368
479.87	23.392
480.07	23.429
480.27	23.435
480.47	23.473
480.67	23.466
480.87	23.493
481.07	23.521
481.27	23.548
481.47	23.578
481.67	23.567
481.87	23.565
482.07	23.599
482.27	23.631
482.47	23.658
482.67	23.700
482.87	23.736
483.07	23.776
483.28	23.796
483.48	23.831
483.68	23.841
483.88	23.858
484.08	23.842
484.28	23.843
484.48	23.859
484.68	23.851
484.88	23.863
485.08	23.888
485.28	23.875
485.48	23.887
485.68	23.902
485.88	23.947
486.08	23.977
486.28	24.041
486.48	24.051
486.68	24.043
486.88	24.051
487.08	24.043
487.28	24.044
487.48	24.053
487.68	24.072
487.88	24.098
488.08	24.133
488.28	24.204
488.48	24.220
488.68	24.240
488.88	24.288
489.08	24.333
489.28	24.355
489.48	24.408
489.68	24.427
489.88	24.431
490.08	24.436
490.28	24.449
490.48	24.414
490.68	24.437
490.88	24.459
491.08	24.468
491.28	24.487
491.48	24.515
491.68	24.517
491.88	24.519
492.08	24.538
492.28	24.551
492.48	24.540
492.68	24.555
492.88	24.558
493.08	24.581
493.28	24.598
493.48	24.622
493.67	24.625
493.87	24.615
494.07	24.641
494.27	24.642
494.47	24.652
494.67	24.662
494.87	24.670
495.07	24.671
495.27	24.666
495.47	24.706
495.67	24.718
495.87	24.733
496.07	24.740
496.27	24.725
496.47	24.731
496.67	24.749
496.87	24.774
497.07	24.810
497.27	24.812
497.47	24.804
497.67	24.776
497.87	24.786
498.06	24.815
498.26	24.821
498.46	24.862
498.66	24.847
498.86	24.865
499.06	24.855
499.26	24.883
499.46	24.927
499.66	24.919
499.86	24.930
500.06	24.953
500.26	24.958
500.46	24.972
500.66	24.994
500.86	24.983
501.05	24.965
501.25	24.962
501.45	24.965
501.65	24.971
501.85	24.980
502.05	24.976
502.25	24.969
502.45	24.960
502.65	24.953
502.85	24.978
503.05	24.983
503.24	25.002
503.44	24.995
503.64	24.982
503.84	24.969
504.04	24.976
504.24	24.976
504.44	24.985
504.64	25.008
504.84	25.009
505.04	25.029
505.24	25.059
505.43	25.032
505.63	25.031
505.83	25.017
506.03	25.039
506.23	25.044
506.43	25.066
506.63	25.071
506.83	25.058
507.03	25.074
507.22	25.081
507.42	25.092
507.62	25.088
507.82	25.081
508.02	25.104
508.22	25.106
508.42	25.116
508.62	25.130
508.81	25.149
509.01	25.144
509.21	25.158
509.41	25.151
509.61	25.188
509.81	25.214
510.01	25.250
510.21	25.251
510.40	25.282
510.60	25.279
510.80	25.290
511.00	25.295
511.20	25.298
511.40	25.298
511.60	25.292
511.79	25.317
511.99	25.372
512.19	25.381
512.39	25.398
512.59	25.385
512.79	25.387
512.99	25.395
513.18	25.415
513.38	25.427
513.58	25.456
513.78	25.485
513.98	25.481
514.18	25.493
514.37	25.504
514.57	25.521
514.77	25.544
514.97	25.592
515.17	25.637
515.37	25.675
515.56	25.710
515.76	25.756
515.96	25.779
516.16	25.775
516.36	25.797
516.56	25.828
516.75	25.876
516.95	25.903
517.15	25.908
517.35	25.934
517.55	25.962
517.75	25.975
517.94	25.988
518.14	26.026
518.34	26.051
518.54	26.097
518.74	26.112
518.93	26.155
519.13	26.167
519.33	26.197
519.53	26.248
519.73	26.267
519.92	26.296
520.12	26.344
520.32	26.395
520.52	26.452
520.72	26.493
520.91	26.521
521.11	26.558
521.31	26.622
521.51	26.641
521.71	26.675
521.90	26.734
522.10	26.764
522.30	26.810
522.50	26.861
522.70	26.921
522.89	26.979
523.09	27.035
523.29	27.077
523.49	27.141
523.69	27.167
523.88	27.216
524.08	27.262
524.28	27.299
524.48	27.343
524.67	27.377
524.87	27.412
525.07	27.476
525.27	27.549
525.46	27.608
525.66	27.665
525.86	27.723
526.06	27.775
526.26	27.885
526.45	27.939
526.65	28.011
526.85	28.045
527.05	28.092
527.24	28.143
527.44	28.229
527.64	28.270
527.84	28.320
528.03	28.410
528.23	28.466
528.43	28.534
528.63	28.608
528.82	28.694
529.02	28.773
529.22	28.848
529.42	28.925
529.61	29.000
529.81	29.109
530.01	29.191
530.21	29.260
530.40	29.301
530.60	29.385
530.80	29.478
531.00	29.584
531.19	29.672
531.39	29.752
531.59	29.819
531.78	29.892
531.98	29.983
532.18	30.051
532.38	30.143
532.57	30.224
532.77	30.308
532.97	30.382
533.16	30.462
533.36	30.527
533.56	30.610
533.76	30.689
533.95	30.785
534.15	30.888
534.35	30.999
534.55	31.086
534.74	31.183
534.94	31.256
535.14	31.330
535.33	31.440
535.53	31.533
535.73	31.616
535.92	31.719
536.12	31.830
536.32	31.909
536.52	32.006
536.71	32.114
536.91	32.206
537.11	32.304
537.30	32.421
537.50	32.534
537.70	32.633
537.89	32.725
538.09	32.823
538.29	32.917
538.48	33.003
538.68	33.122
538.88	33.208
539.08	33.326
539.27	33.437
539.47	33.547
539.67	33.653
539.86	33.775
540.06	33.890
540.26	33.989
540.45	34.114
540.65	34.246
540.85	34.373
541.04	34.486
541.24	34.596
541.44	34.701
541.63	34.829
541.83	34.942
542.03	35.044
542.22	35.155
542.42	35.263
542.62	35.375
542.81	35.499
543.01	35.628
543.21	35.712
543.40	35.820
543.60	35.923
543.79	36.017
543.99	36.114
544.19	36.242
544.38	36.372
544.58	36.497
544.78	36.613
544.97	36.710
545.17	36.828
545.37	36.969
545.56	37.088
545.76	37.197
545.96	37.296
546.15	37.441
546.35	37.557
546.54	37.678
546.74	37.819
546.94	37.935
547.13	38.056
547.33	38.174
547.53	38.306
547.72	38.429
547.92	38.574
548.11	38.712
548.31	38.826
548.51	38.944
548.70	39.051
548.90	39.156
549.10	39.280
549.29	39.418
549.49	39.538
549.68	39.647
549.88	39.754
550.08	39.903
550.27	40.010
550.47	40.130
550.66	40.256
550.86	40.351
551.06	40.442
551.25	40.551
551.45	40.666
551.64	40.784
551.84	40.891
552.04	41.009
552.23	41.113
552.43	41.231
552.62	41.332
552.82	41.472
553.02	41.595
553.21	41.710
553.41	41.801
553.60	41.893
553.80	42.018
554.00	42.146
554.19	42.245
554.39	42.376
554.58	42.479
554.78	42.594
554.97	42.716
555.17	42.835
555.37	42.953
555.56	43.085
555.76	43.178
555.95	43.289
556.15	43.388
556.34	43.514
556.54	43.622
556.74	43.740
556.93	43.840
557.13	43.939
557.32	44.041
557.52	44.150
557.71	44.263
557.91	44.376
558.10	44.492
558.30	44.627
558.50	44.717
558.69	44.827
558.89	44.921
559.08	45.031
559.28	45.150
559.47	45.250
559.67	45.354
559.86	45.466
560.06	45.570
560.25	45.694
560.45	45.797
560.65	45.939
560.84	46.062
561.04	46.166
561.23	46.291
561.43	46.408
561.62	46.528
561.82	46.634
562.01	46.755
562.21	46.849
562.40	46.931
562.60	47.049
562.79	47.169
562.99	47.293
563.18	47.387
563.38	47.507
563.57	47.614
563.77	47.730
563.96	47.859
564.16	47.988
564.36	48.094
564.55	48.204
564.75	48.294
564.94	48.384
565.14	48.488
565.33	48.581
565.53	48.697
565.72	48.799
565.92	48.912
566.11	48.989
566.31	49.081
566.50	49.186
566.70	49.283
566.89	49.392
567.09	49.489
567.28	49.601
567.48	49.700
567.67	49.800
567.87	49.892
568.06	49.977
568.26	50.066
568.45	50.148
568.64	50.236
568.84	50.319
569.03	50.417
569.23	50.497
569.42	50.587
569.62	50.651
569.81	50.726
570.01	50.815
570.20	50.940
570.40	51.046
570.59	51.130
570.79	51.221
570.98	51.301
571.18	51.372
571.37	51.475
571.57	51.536
571.76	51.632
571.95	51.737
572.15	51.833
572.34	51.911
572.54	52.002
572.73	52.084
572.93	52.154
573.12	52.220
573.32	52.328
573.51	52.427
573.71	52.537
573.90	52.650
574.09	52.767
574.29	52.863
574.48	52.963
574.68	53.044
574.87	53.123
575.07	53.209
575.26	53.310
575.46	53.371
575.65	53.474
575.84	53.573
576.04	53.641
576.23	53.703
576.43	53.800
576.62	53.901
576.82	54.010
577.01	54.114
577.20	54.208
577.40	54.290
577.59	54.382
577.79	54.470
577.98	54.548
578.18	54.607
578.37	54.652
578.56	54.731
578.76	54.836
578.95	54.916
579.15	54.995
579.34	55.077
579.53	55.167
579.73	55.258
579.92	55.322
580.12	55.400
580.31	55.502
580.50	55.584
580.70	55.653
580.89	55.725
581.09	55.798
581.28	55.895
581.47	55.980
581.67	56.037
581.86	56.117
582.06	56.201
582.25	56.281
582.44	56.371
582.64	56.433
582.83	56.509
583.03	56.592
583.22	56.676
583.41	56.732
583.61	56.801
583.80	56.875
583.99	56.941
584.19	57.023
584.38	57.074
584.58	57.110
584.77	57.182
584.96	57.230
585.16	57.294
585.35	57.344
585.54	57.420
585.74	57.496
585.93	57.544
586.13	57.597
586.32	57.654
586.51	57.707
586.71	57.773
586.90	57.829
587.09	57.892
587.29	57.934
587.48	57.992
587.67	58.062
587.87	58.109
588.06	58.191
588.25	58.223
588.45	58.291
588.64	58.404
588.83	58.471
589.03	58.559
589.22	58.643
589.41	58.718
589.61	58.761
589.80	58.810
589.99	58.882
590.19	58.944
590.38	59.002
590.57	59.076
590.77	59.144
590.96	59.194
591.15	59.264
591.35	59.348
591.54	59.432
591.73	59.503
591.93	59.558
592.12	59.613
592.31	59.690
592.51	59.736
592.70	59.759
592.89	59.823
593.09	59.882
593.28	59.922
593.47	59.936
593.67	60.014
593.86	60.064
594.05	60.136
594.25	60.185
594.44	60.245
594.63	60.300
594.82	60.357
595.02	60.443
595.21	60.495
595.40	60.533
595.60	60.579
595.79	60.627
595.98	60.696
596.17	60.748
596.37	60.795
596.56	60.881
596.75	60.929
596.95	60.959
597.14	61.009
597.33	61.042
597.52	61.129
597.72	61.185
597.91	61.267
598.10	61.297
598.30	61.350
598.49	61.419
598.68	61.448
598.87	61.503
599.07	61.539
599.26	61.573
599.45	61.638
599.65	61.680
599.84	61.733
600.03	61.788
600.22	61.855
600.42	61.930
600.61	61.983
600.80	62.045
600.99	62.102
601.19	62.157
601.38	62.245
601.57	62.291
601.76	62.325
601.96	62.373
602.15	62.440
602.34	62.501
602.53	62.536
602.73	62.615
602.92	62.679
603.11	62.693
603.30	62.770
603.50	62.800
603.69	62.881
603.88	62.902
604.07	62.957
604.26	63.003
604.46	63.054
604.65	63.094
604.84	63.136
605.03	63.195
605.23	63.219
605.42	63.238
605.61	63.309
605.80	63.381
606.00	63.441
606.19	63.460
606.38	63.499
606.57	63.536
606.76	63.572
606.96	63.607
607.15	63.685
607.34	63.738
607.53	63.797
607.72	63.811
607.92	63.888
608.11	63.939
608.30	63.982
608.49	64.025
608.68	64.070
608.88	64.131
609.07	64.156
609.26	64.234
609.45	64.282
609.64	64.309
609.84	64.342
610.03	64.362
610.22	64.424
610.41	64.497
610.60	64.556
610.80	64.601
610.99	64.640
611.18	64.684
611.37	64.705
611.56	64.748
611.76	64.826
611.95	64.877
612.14	64.918
612.33	64.960
612.52	65.010
612.71	65.018
612.91	65.065
613.10	65.118
613.29	65.136
613.48	65.162
613.67	65.191
613.86	65.204
614.06	65.246
614.25	65.287
614.44	65.309
614.63	65.352
614.82	65.390
615.01	65.429
615.20	65.458
615.40	65.484
615.59	65.528
615.78	65.534
615.97	65.560
616.16	65.561
616.35	65.589
616.55	65.602
616.74	65.662
616.93	65.702
617.12	65.746
617.31	65.759
617.50	65.818
617.69	65.867
617.88	65.919
618.08	65.974
618.27	65.995
618.46	66.052
618.65	66.088
618.84	66.130
619.03	66.161
619.22	66.215
619.42	66.282
619.61	66.320
619.80	66.352
619.99	66.377
620.18	66.431
620.37	66.466
620.56	66.526
620.75	66.573
620.94	66.601
621.14	66.633
621.33	66.692
621.52	66.726
621.71	66.773
621.90	66.824
622.09	66.850
622.28	66.898
622.47	66.912
622.66	66.955
622.85	66.977
623.05	67.031
623.24	67.044
623.43	67.088
623.62	67.121
623.81	67.188
624.00	67.210
624.19	67.229
624.38	67.259
624.57	67.278
624.76	67.316
624.95	67.343
625.15	67.358
625.34	67.384
625.53	67.403
625.72	67.429
625.91	67.458
626.10	67.496
626.29	67.525
626.48	67.567
626.67	67.583
626.86	67.631
627.05	67.651
627.24	67.674
627.43	67.691
627.62	67.734
627.82	67.759
628.01	67.830
628.20	67.853
628.39	67.892
628.58	67.945
628.77	67.953
628.96	67.990
629.15	68.059
629.34	68.109
629.53	68.168
629.72	68.186
629.91	68.212
630.10	68.241
630.29	68.273
630.48	68.275
630.67	68.309
630.86	68.325
631.05	68.356
631.24	68.426
631.43	68.454
631.62	68.471
631.81	68.523
632.00	68.530
632.20	68.586
632.39	68.622
632.58	68.633
632.77	68.678
632.96	68.723
633.15	68.757
633.34	68.776
633.53	68.812
633.72	68.842
633.91	68.855
634.10	68.877
634.29	68.930
634.48	68.963
634.67	69.013
634.86	69.053
635.05	69.112
635.24	69.140
635.43	69.159
635.62	69.209
635.81	69.212
636.00	69.229
636.19	69.259
636.38	69.287
636.57	69.337
636.76	69.383
636.95	69.405
637.14	69.421
637.33	69.468
637.52	69.495
637.71	69.540
637.90	69.584
638.09	69.636
638.28	69.672
638.47	69.693
638.66	69.686
638.85	69.721
639.04	69.716
639.23	69.740
639.41	69.797
639.60	69.825
639.79	69.856
639.98	69.902
640.17	69.924
640.36	69.937
640.55	69.942
640.74	69.986
640.93	70.012
641.12	70.034
641.31	70.069
641.50	70.072
641.69	70.132
641.88	70.180
642.07	70.195
642.26	70.185
642.45	70.229
642.64	70.255
642.83	70.273
643.02	70.304
643.21	70.341
643.40	70.353
643.59	70.368
643.77	70.410
643.96	70.447
644.15	70.512
644.34	70.547
644.53	70.558
644.72	70.550
644.91	70.578
645.10	70.598
645.29	70.590
645.48	70.631
645.67	70.621
645.86	70.633
646.05	70.661
646.24	70.699
646.42	70.744
646.61	70.796
646.80	70.821
646.99	70.833
647.18	70.863
647.37	70.884
647.56	70.927
647.75	70.917
647.94	70.943
648.13	70.943
648.32	71.001
648.50	71.039
648.69	71.097
648.88	71.132
649.07	71.160
649.26	71.226
649.45	71.286
649.64	71.306
649.83	71.335
650.02	71.342
650.21	71.374
650.39	71.374
650.58	71.412
650.77	71.460
650.96	71.510
651.15	71.530
651.34	71.550
651.53	71.576
651.72	71.644
651.90	71.658
652.09	71.684
652.28	71.716
652.47	71.774
652.66	71.775
652.85	71.776
653.04	71.775
653.23	71.769
653.41	71.762
653.60	71.815
653.79	71.851
653.98	71.891
654.17	71.924
654.36	71.984
654.55	72.013
654.73	72.021
654.92	72.045
655.11	72.071
655.30	72.130
655.49	72.153
655.68	72.142
655.87	72.164
656.05	72.178
656.24	72.181
656.43	72.199
656.62	72.212
656.81	72.262
657.00	72.322
657.18	72.361
657.37	72.378
657.56	72.386
657.75	72.378
657.94	72.414
658.13	72.470
658.31	72.486
658.50	72.460
658.69	72.487
658.88	72.506
659.07	72.509
659.26	72.498
659.44	72.491
659.63	72.545
659.82	72.571
660.01	72.588
660.20	72.640
660.38	72.642
660.57	72.665
660.76	72.669
660.95	72.711
661.14	72.705
661.32	72.732
661.51	72.743
661.70	72.797
661.89	72.808
662.08	72.784
662.26	72.798
662.45	72.824
662.64	72.853
662.83	72.906
663.02	72.922
663.20	72.960
663.39	72.986
663.58	73.012
663.77	73.032
663.96	73.057
664.14	73.061
664.33	73.076
664.52	73.107
664.71	73.158
664.89	73.143
665.08	73.205
665.27	73.207
665.46	73.222
665.64	73.200
665.83	73.232
666.02	73.254
666.21	73.268
666.40	73.327
666.58	73.330
666.77	73.294
666.96	73.324
667.15	73.330
667.33	73.373
667.52	73.384
667.71	73.387
667.90	73.413
668.08	73.399
668.27	73.451
668.46	73.451
668.65	73.450
668.83	73.488
669.02	73.457
669.21	73.507
669.40	73.545
669.58	73.583
669.77	73.566
669.96	73.577
670.14	73.604
670.33	73.579
670.52	73.618
670.71	73.645
670.89	73.646
671.08	73.678
671.27	73.668
671.46	73.665
671.64	73.708
671.83	73.721
672.02	73.749
672.20	73.745
672.39	73.785
672.58	73.779
672.77	73.807
672.95	73.854
673.14	73.869
673.33	73.889
673.51	73.906
673.70	73.961
673.89	73.967
674.08	73.984
674.26	74.027
674.45	74.042
674.64	74.083
674.82	74.115
675.01	74.134
675.20	74.161
675.38	74.146
675.57	74.150
675.76	74.185
675.94	74.198
676.13	74.186
676.32	74.228
676.51	74.288
676.69	74.296
676.88	74.311
677.07	74.340
677.25	74.373
677.44	74.403
677.63	74.393
677.81	74.441
678.00	74.476
678.19	74.496
678.37	74.508
678.56	74.518
678.75	74.551
678.93	74.570
679.12	74.596
679.31	74.653
679.49	74.686
679.68	74.679
679.87	74.708
680.05	74.765
680.24	74.782
680.42	74.778
680.61	74.812
680.80	74.847
680.98	74.864
681.17	74.849
681.36	74.865
681.54	74.886
681.73	74.925
681.92	74.899
682.10	74.927
682.29	74.929
682.48	74.954
682.66	74.964
682.85	74.950
683.03	74.977
683.22	74.995
683.41	75.021
683.59	75.068
683.78	75.088
683.97	75.083
684.15	75.082
684.34	75.104
684.52	75.105
684.71	75.105
684.90	75.118
685.08	75.155
685.27	75.189
685.45	75.223
685.64	75.210
685.83	75.260
686.01	75.270
686.20	75.301
686.39	75.321
686.57	75.321
686.76	75.374
686.94	75.357
687.13	75.393
687.31	75.381
687.50	75.406
687.69	75.408
687.87	75.441
688.06	75.476
688.24	75.454
688.43	75.490
688.62	75.502
688.80	75.494
688.99	75.508
689.17	75.513
689.36	75.499
689.55	75.532
689.73	75.531
689.92	75.553
690.10	75.548
690.29	75.545
690.47	75.569
690.66	75.581
690.84	75.608
691.03	75.630
691.22	75.655
691.40	75.653
691.59	75.735
691.77	75.768
691.96	75.764
692.14	75.806
692.33	75.790
692.52	75.855
692.70	75.864
692.89	75.868
693.07	75.880
693.26	75.923
693.44	75.923
693.63	75.968
693.81	75.957
694.00	76.018
694.18	76.048
694.37	76.090
694.55	76.099
694.74	76.122
694.93	76.130
695.11	76.145
695.30	76.189
695.48	76.162
695.67	76.158
695.85	76.146
696.04	76.170
696.22	76.191
696.41	76.192
696.59	76.228
696.78	76.287
696.96	76.293
697.15	76.305
697.33	76.349
697.52	76.352
697.70	76.407
697.89	76.354
698.07	76.390
698.26	76.402
698.44	76.407
698.63	76.399
698.81	76.431
699.00	76.462
699.18	76.458
699.37	76.457
699.55	76.509
699.74	76.569
699.92	76.583
700.11	76.602
700.29	76.608
700.48	76.640
700.66	76.621
700.85	76.661
701.03	76.677
701.22	76.644
701.40	76.651
701.59	76.668
701.77	76.756
701.96	76.747
702.14	76.766
702.33	76.778
702.51	76.822
702.69	76.806
702.88	76.819
703.06	76.793
703.25	76.785
703.43	76.763
703.62	76.760
703.80	76.778
703.99	76.803
704.17	76.831
704.36	76.821
704.54	76.832
704.73	76.827
704.91	76.858
705.09	76.919
705.28	76.907
705.46	76.883
705.65	76.856
705.83	76.850
706.02	76.815
706.20	76.833
706.38	76.834
706.57	76.858
706.75	76.858
706.94	76.909
707.12	76.966
707.31	76.982
707.49	76.992
707.67	77.020
707.86	77.010
708.04	76.999
708.23	77.043
708.41	77.064
708.60	77.067
708.78	77.047
708.96	77.047
709.15	77.090
709.33	77.132
709.52	77.161
709.70	77.184
709.88	77.190
710.07	77.240
710.25	77.217
710.44	77.219
710.62	77.230
710.80	77.259
710.99	77.274
711.17	77.284
711.36	77.272
711.54	77.285
711.72	77.321
711.91	77.325
712.09	77.294
712.28	77.349
712.46	77.379
712.64	77.402
712.83	77.415
713.01	77.436
713.20	77.446
713.38	77.486
713.56	77.515
713.75	77.581
713.93	77.579
714.11	77.650
714.30	77.646
714.48	77.686
714.66	77.678
714.85	77.647
715.03	77.646
715.22	77.691
715.40	77.685
715.58	77.695
715.77	77.703
715.95	77.772
716.13	77.770
716.32	77.782
716.50	77.789
716.68	77.844
716.87	77.876
717.05	77.873
717.23	77.847
717.42	77.847
717.60	77.893
717.78	77.911
717.97	77.910
718.15	77.946
718.33	77.927
718.52	77.926
718.70	77.976
718.88	77.988
719.07	78.009
719.25	78.011
719.43	78.002
719.62	78.012
719.80	77.988
719.98	77.984
720.17	77.986
720.35	78.019
720.53	78.033
720.72	78.027
720.90	78.045
721.08	78.088
721.27	78.066
721.45	78.051
721.63	78.045
721.81	78.055
722.00	78.090
722.18	78.098
722.36	78.130
722.55	78.132
722.73	78.162
722.91	78.178
723.10	78.237
723.28	78.266
723.46	78.262
723.64	78.288
723.83	78.295
724.01	78.335
724.19	78.367
724.38	78.357
724.56	78.394
724.74	78.420
724.92	78.425
725.11	78.452
725.29	78.452
725.47	78.448
725.66	78.489
725.84	78.481
726.02	78.516
726.20	78.564
726.39	78.575
726.57	78.595
726.75	78.621
726.93	78.614
727.12	78.608
727.30	78.646
727.48	78.643
727.66	78.657
727.85	78.658
728.03	78.642
728.21	78.644
728.39	78.600
728.58	78.621
728.76	78.649
728.94	78.656
729.12	78.679
729.31	78.704
729.49	78.748
729.67	78.747
729.85	78.757
730.04	78.723
730.22	78.736
730.40	78.732
730.58	78.723
730.76	78.718
730.95	78.747
731.13	78.783
731.31	78.793
731.49	78.813
731.68	78.841
731.86	78.805
732.04	78.790
732.22	78.822
732.40	78.767
732.59	78.735
732.77	78.814
732.95	78.800
733.13	78.842
733.31	78.771
733.50	78.767
733.68	78.789
733.86	78.800
734.04	78.811
734.22	78.806
734.41	78.813
734.59	78.844
734.77	78.859
734.95	78.837
735.13	78.866
735.32	78.885
735.50	78.899
735.68	78.952
735.86	78.983
736.04	78.978
736.22	79.088
736.41	79.115
736.59	79.108
736.77	79.134
736.95	79.142
737.13	79.203
737.32	79.233
737.50	79.231
737.68	79.250
737.86	79.239
738.04	79.288
738.22	79.301
738.41	79.287
738.59	79.306
738.77	79.346
738.95	79.325
739.13	79.310
739.31	79.330
739.49	79.352
739.68	79.340
739.86	79.381
740.04	79.346
740.22	79.382
740.40	79.396
740.58	79.403
740.76	79.401
740.95	79.381
741.13	79.392
741.31	79.448
741.49	79.445
741.67	79.498
741.85	79.512
742.03	79.557
742.21	79.589
742.40	79.625
742.58	79.617
742.76	79.613
742.94	79.630
743.12	79.570
743.30	79.590
743.48	79.606
743.66	79.587
743.85	79.579
744.03	79.555
744.21	79.519
744.39	79.545
744.57	79.572
744.75	79.629
744.93	79.641
745.11	79.595
745.29	79.629
745.47	79.618
745.66	79.616
745.84	79.628
746.02	79.625
746.20	79.566
746.38	79.591
746.56	79.652
746.74	79.626
746.92	79.719
747.10	79.713
747.28	79.756
747.46	79.794
747.64	79.804
747.83	79.792
748.01	79.873
748.19	79.925
748.37	79.928
748.55	79.912
748.73	79.966
748.91	79.993
749.09	80.020
749.27	80.027
749.45	80.047
749.63	80.010
749.81	80.044
749.99	80.083
750.17	80.078
750.35	80.033
750.53	80.095
750.72	80.054
750.90	80.100
751.08	80.057
751.26	80.095
751.44	80.145
751.62	80.201
751.80	80.187
751.98	80.164
752.16	80.156
752.34	80.155
752.52	80.129
752.70	80.118
752.88	80.138
753.06	80.179
753.24	80.185
753.42	80.149
753.60	80.121
753.78	80.118
753.96	80.152
754.14	80.223
754.32	80.209
754.50	80.226
754.68	80.218
754.86	80.270
755.04	80.256
755.22	80.251
755.40	80.262
755.58	80.250
755.76	80.266
755.94	80.294
756.12	80.302
756.30	80.357
756.48	80.396
756.66	80.339
756.84	80.368
757.02	80.390
757.20	80.451
757.38	80.502
757.56	80.548
757.74	80.534
757.92	80.553
758.10	80.583
758.28	80.541
758.46	80.571
758.64	80.556
758.82	80.538
759.00	80.550
759.18	80.540
759.36	80.549
759.54	80.546
759.72	80.569
759.90	80.586
760.08	80.534
760.26	80.508
760.44	80.558
760.62	80.542
760.80	80.578
760.98	80.601
761.16	80.585
761.33	80.571
761.51	80.574
761.69	80.584
761.87	80.596
762.05	80.654
762.23	80.622
762.41	80.627
762.59	80.691
762.77	80.708
762.95	80.742
763.13	80.758
763.31	80.738
763.49	80.712
763.67	80.718
763.85	80.767
764.03	80.837
764.21	80.857
764.38	80.865
764.56	80.828
764.74	80.843
764.92	80.847
765.10	80.817
765.28	80.848
765.46	80.841
765.64	80.796
765.82	80.859
766.00	80.875
766.18	80.907
766.35	80.883
766.53	80.897
766.71	80.873
766.89	80.882
767.07	80.963
767.25	80.998
767.43	81.011
767.61	81.000
767.79	80.953
767.97	80.946
768.14	80.925
768.32	80.947
768.50	80.960
768.68	80.977
768.86	80.997
769.04	80.989
769.22	81.007
769.40	81.029
769.58	80.955
769.75	80.931
769.93	80.871
770.11	80.895
770.29	80.870
770.47	80.905
770.65	80.907
770.83	80.826
771.00	80.816
771.18	80.816
771.36	80.834
771.54	80.864
771.72	80.862
771.90	80.878
772.08	80.893
772.25	80.856
772.43	80.869
772.61	80.887
772.79	80.941
772.97	80.902
773.15	80.917
773.33	80.939
773.50	80.933
773.68	81.002
773.86	80.994
774.04	81.016
774.22	81.031
774.40	81.010
774.57	81.002
774.75	81.049
774.93	81.051
775.11	81.042
775.29	81.039
775.46	81.056
775.64	81.089
775.82	81.097
776.00	81.154
776.18	81.132
776.36	81.148
776.53	81.182
776.71	81.220
776.89	81.268
777.07	81.298
777.25	81.361
777.42	81.388
777.60	81.348
777.78	81.402
777.96	81.390
778.14	81.423
778.31	81.539
778.49	81.545
778.67	81.598
778.85	81.626
779.03	81.620
779.20	81.627
779.38	81.615
779.56	81.607
779.74	81.562
779.91	81.653
780.09	81.669
780.27	81.647
780.45	81.618
780.63	81.629
780.80	81.660
780.98	81.681
781.16	81.657
781.34	81.784
781.51	81.692
781.69	81.709
781.87	81.729
782.05	81.713
782.22	81.630
782.40	81.581
782.58	81.558
782.76	81.594
782.93	81.636
783.11	81.635
783.29	81.666
783.47	81.670
783.64	81.608
783.82	81.651
784.00	81.571
784.18	81.630
784.35	81.600
784.53	81.599
784.71	81.616
784.89	81.662
785.06	81.610
785.24	81.655
785.42	81.638
785.60	81.690
785.77	81.661
785.95	81.753
786.13	81.738
786.30	81.723
786.48	81.704
786.66	81.705
786.84	81.705
787.01	81.703
787.19	81.754
787.37	81.809
787.54	81.794
787.72	81.866
787.90	81.853
788.07	81.894
788.25	81.838
788.43	81.810
788.61	81.824
788.78	81.757
788.96	81.776
789.14	81.810
789.31	81.807
789.49	81.819
789.67	81.809
789.84	81.874
790.02	81.896
790.20	82.007
790.37	81.965
790.55	81.994
790.73	81.997
790.90	82.002
791.08	81.976
791.26	82.028
791.43	82.023
791.61	81.994
791.79	81.956
791.96	82.008
792.14	82.002
792.32	81.998
792.49	82.041
792.67	82.027
792.85	82.033
793.02	82.019
793.20	81.983
793.38	81.966
793.55	81.924
793.73	81.978
793.91	81.928
794.08	81.966
794.26	82.036
794.44	82.028
794.61	82.015
794.79	82.046
794.97	82.022
795.14	82.070
795.32	82.157
795.49	82.222
795.67	82.273
795.85	82.322
796.02	82.321
796.20	82.355
796.38	82.445
796.55	82.437
796.73	82.354
796.90	82.452
797.08	82.446
797.26	82.488
797.43	82.499
797.61	82.534
797.78	82.610
797.96	82.545
798.14	82.470
798.31	82.515
798.49	82.554
798.66	82.518
798.84	82.531
799.02	82.496
799.19	82.439
799.37	82.435
799.54	82.459
799.72	82.476
799.90	82.496
800.07	82.506
800.25	82.531
800.42	82.643
800.60	82.613
800.78	82.611
800.95	82.649
801.13	82.612
801.30	82.533
801.48	82.404
801.65	82.467
801.83	82.563
802.01	82.605
802.18	82.535
802.36	82.607
802.53	82.586
802.71	82.596
802.88	82.667
803.06	82.621
803.23	82.599
803.41	82.635
803.59	82.675
803.76	82.668
803.94	82.736
804.11	82.718
804.29	82.732
804.46	82.774
804.64	82.770
804.81	82.829
804.99	82.845
805.16	82.922
805.34	82.894
805.52	82.928
805.69	82.880
805.87	82.903
806.04	82.870
806.22	82.903
806.39	82.878
806.57	82.890
806.74	82.951
806.92	82.931
807.09	82.924
807.27	82.852
807.44	82.825
807.62	82.824
807.79	82.906
807.97	82.932
808.14	82.999
808.32	83.030
808.49	83.077
808.67	83.157
808.84	83.225
809.02	83.304
809.19	83.256
809.37	83.278
809.54	83.356
809.72	83.376
809.89	83.390
810.07	83.491
810.24	83.529
810.42	83.523
810.59	83.559
810.77	83.504
810.94	83.565
811.12	83.620
811.29	83.613
811.47	83.555
811.64	83.541
811.82	83.511
811.99	83.487
812.16	83.434
812.34	83.441
812.51	83.334
812.69	83.357
812.86	83.413
813.04	83.438
813.21	83.419
813.39	83.376
813.56	83.296
813.74	83.245
813.91	83.238
814.08	83.203
814.26	83.275
814.43	83.293
814.61	83.341
814.78	83.373
814.96	83.365
815.13	83.461
815.31	83.470
815.48	83.483
815.65	83.453
815.83	83.523
816.00	83.534
816.18	83.606
816.35	83.520
816.53	83.501
816.70	83.490
816.87	83.416
817.05	83.441
817.22	83.441
817.40	83.411
817.57	83.387
817.74	83.493
817.92	83.446
818.09	83.368
818.27	83.312
818.44	83.334
818.62	83.264
818.79	83.189
818.96	83.212
819.14	83.166
819.31	83.235
819.49	83.138
819.66	83.080
819.83	83.055
820.01	83.100
820.18	83.085
820.35	83.116
820.53	83.139
820.70	83.192
820.88	83.270
821.05	83.321
821.22	83.341
821.40	83.203
821.57	83.193
821.74	83.353
821.92	83.372
822.09	83.272
822.27	83.316
822.44	83.306
822.61	83.372
822.79	83.466
822.96	83.431
823.13	83.525
823.31	83.593
823.48	83.619
823.65	83.605
823.83	83.667
824.00	83.652
824.17	83.700
824.35	83.673
824.52	83.678
824.69	83.716
824.87	83.781
825.04	83.877
825.22	83.954
825.39	83.917
825.56	83.907
825.74	83.925
825.91	83.862
826.08	83.866
826.25	83.832
826.43	83.803
826.60	83.881
826.77	83.858
826.95	83.772
827.12	83.792
827.29	83.757
827.47	83.743
827.64	83.870
827.81	83.880
827.99	83.881
828.16	83.815
828.33	83.830
828.51	83.752
828.68	83.681
828.85	83.656
829.02	83.694
829.20	83.604
829.37	83.547
829.54	83.610
829.72	83.732
829.89	83.724
830.06	83.626
830.23	83.590
830.41	83.514
830.58	83.536
830.75	83.608
830.93	83.688
831.10	83.633
831.27	83.514
831.44	83.529
831.62	83.575
831.79	83.656
831.96	83.637
832.13	83.661
832.31	83.752
832.48	83.698
832.65	83.657
832.83	83.847
833.00	83.753
833.17	83.784
833.34	83.678
833.52	83.668
833.69	83.803
833.86	83.842
834.03	83.914
834.21	83.986
834.38	83.949
834.55	83.879
834.72	83.914
834.89	83.924
835.07	83.980
835.24	84.033
835.41	84.047
835.58	84.067
835.76	83.929
835.93	83.904
836.10	83.994
836.27	84.040
836.45	84.045
836.62	84.199
836.79	84.242
836.96	84.323
837.13	84.366
837.31	84.301
837.48	84.356
837.65	84.401
837.82	84.394
837.99	84.448
838.17	84.347
838.34	84.318
838.51	84.359
838.68	84.387
838.85	84.242
839.03	84.193
839.20	84.234
839.37	84.427
839.54	84.420
839.71	84.309
839.89	84.349
840.06	84.255
840.23	84.303
840.40	84.314
840.57	84.194
840.74	84.179
840.92	84.215
841.09	84.115
841.26	84.122
841.43	84.138
841.60	84.106
841.78	84.218
841.95	84.283
842.12	84.239
842.29	84.186
842.46	84.333
842.63	84.323
842.80	84.308
842.98	84.253
843.15	84.271
843.32	84.361
843.49	84.158
843.66	84.209
843.83	84.137
844.00	84.158
844.18	84.282
844.35	84.223
844.52	84.162
844.69	84.246
844.86	84.271
845.03	84.369
845.20	84.292
845.38	84.255
845.55	84.199
845.72	84.244
845.89	84.390
846.06	84.362
846.23	84.418
846.40	84.534
846.57	84.567
846.75	84.572
846.92	84.578
847.09	84.808
847.26	84.814
847.43	84.862
847.60	84.837
847.77	84.721
847.94	84.843
848.11	84.990
848.28	84.967
848.46	84.992
848.63	84.896
848.80	85.072
848.97	85.168
849.14	85.288
849.31	85.260
849.48	85.147
849.65	85.065
849.82	85.183
849.99	84.935
850.16	84.974
850.33	85.027
850.51	84.996
850.68	84.906
850.85	84.986
851.02	85.056
851.19	85.003
851.36	85.088
851.53	84.943
851.70	84.825
851.87	84.804
852.04	84.800
852.21	84.756
852.38	84.770
852.55	84.767
852.72	84.758
852.89	84.779
853.06	84.764
853.24	84.800
853.41	84.763
853.58	84.981
853.75	84.944
853.92	84.848
854.09	84.904
854.26	85.008
854.43	84.849
854.60	84.771
854.77	84.838
854.94	84.740
855.11	84.731
855.28	84.769
855.45	84.731
855.62	84.676
855.79	84.740
855.96	84.619
856.13	84.684
856.30	84.750
856.47	84.766
856.64	84.653
856.81	84.727
856.98	84.742
857.15	84.568
857.32	84.515
857.49	84.567
857.66	84.562
857.83	84.556
858.00	84.682
858.17	84.769
858.34	84.695
858.51	84.824
858.68	84.971
858.85	85.013
859.02	85.037
859.19	85.123
859.36	85.051
859.53	85.077
859.70	84.972
859.87	84.920
860.04	84.864
860.21	85.085
860.38	85.060
860.55	85.097
860.72	85.166
860.89	85.252
861.06	85.339
861.23	85.286
861.40	85.344
861.56	85.442
861.73	85.451
861.90	85.532
862.07	85.625
862.24	85.630
862.41	85.557
862.58	85.575
862.75	85.585
862.92	85.735
863.09	85.499
863.26	85.595
863.43	85.638
863.60	85.638
863.77	85.365
863.94	85.451
864.11	85.343
864.28	85.360
864.44	85.466
864.61	85.462
864.78	85.497
864.95	85.319
865.12	85.283
865.29	85.204
865.46	85.255
865.63	85.121
865.80	85.025
865.97	85.179
866.14	85.225
866.31	85.020
866.47	85.028
866.64	85.222
866.81	85.220
866.98	85.084
867.15	85.207
867.32	85.392
867.49	85.404
867.66	85.446
867.83	85.399
867.99	85.221
868.16	85.325
868.33	85.320
868.50	85.383
868.67	85.299
868.84	85.329
869.01	85.306
869.18	85.338
869.35	85.438
869.51	85.243
869.68	85.206
869.85	85.358
870.02	85.350
870.19	85.357
870.36	85.387
870.53	85.464
870.69	85.261
870.86	85.209
871.03	85.215
871.20	85.215
871.37	85.292
871.54	85.220
871.71	85.131
871.87	85.151
872.04	85.235
872.21	85.197
872.38	85.257
872.55	85.374
872.72	85.219
872.88	85.104
873.05	85.167
873.22	85.341
873.39	85.576
873.56	85.485
873.73	85.662
873.89	85.535
874.06	85.625
874.23	85.720
874.40	85.833
874.57	85.742
874.73	85.677
874.90	85.591
875.07	85.574
875.24	85.551
875.41	85.591
875.57	85.381
875.74	85.493
875.91	85.460
876.08	85.432
876.25	85.674
876.41	85.906
876.58	86.001
876.75	85.873
876.92	85.554
877.09	85.519
877.25	85.410
877.42	85.490
877.59	85.520
877.76	85.590
877.93	85.504
878.09	85.656
878.26	85.627
878.43	85.637
878.60	85.690
878.76	85.616
878.93	85.526
879.10	85.728
879.27	85.769
879.43	85.601
879.60	85.525
879.77	85.629
879.94	85.507
880.10	85.469
880.27	85.468
880.44	85.547
880.61	85.638
880.77	85.627
880.94	85.594
881.11	85.400
881.28	85.233
881.44	85.156
881.61	84.937
881.78	84.941
881.95	85.037
882.11	85.226
882.28	85.189
882.45	85.324
882.62	85.308
882.78	85.073
882.95	84.920
883.12	84.661
883.28	84.631
883.45	84.717
883.62	84.717
883.79	84.836
883.95	84.813
884.12	85.016
884.29	85.052
884.45	85.003
884.62	85.061
884.79	85.165
884.96	85.070
885.12	85.253
885.29	86.203
885.46	89.215
885.62	85.073
885.79	90.343
885.96	86.734
886.12	83.505
886.29	84.983
886.46	84.106
886.62	81.625
886.79	87.239
