178.99	-880.000
179.20	-880.000
179.42	-880.000
179.63	-43.103
179.84	1075.000
180.06	138.788
180.27	-7.895
180.49	23.077
180.70	120.690
180.92	184.314
181.13	580.667
181.35	428.652
181.56	237.023
181.77	172.673
181.99	192.933
182.20	142.391
182.42	131.073
182.63	157.558
182.85	94.387
183.06	86.136
183.28	71.243
183.49	114.894
183.70	102.192
183.92	87.605
184.13	67.684
184.35	62.699
184.56	56.893
184.78	45.912
184.99	42.579
185.21	40.279
185.42	42.617
185.63	45.679
185.85	51.104
186.06	58.096
186.28	57.136
186.49	63.480
186.71	69.219
186.92	68.446
187.13	68.324
187.35	63.623
187.56	64.531
187.78	72.017
187.99	62.153
188.21	63.396
188.42	63.262
188.63	65.471
188.85	64.053
189.06	73.480
189.28	75.241
189.49	81.174
189.71	82.289
189.92	80.576
190.13	76.073
190.35	73.977
190.56	74.065
190.78	75.198
190.99	71.253
191.20	74.140
191.42	71.583
191.63	67.582
191.85	68.480
192.06	61.633
192.28	63.147
192.49	61.120
192.70	60.308
192.92	61.507
193.13	67.671
193.35	65.488
193.56	64.264
193.77	64.972
193.99	54.738
194.20	56.797
194.42	50.903
194.63	58.291
194.84	50.620
195.06	45.651
195.27	50.202
195.49	44.986
195.70	46.045
195.91	45.831
196.13	48.096
196.34	44.136
196.56	48.943
196.77	44.476
196.98	41.569
197.20	44.614
197.41	45.723
197.63	43.389
197.84	52.269
198.05	50.777
198.27	50.874
198.48	58.781
198.70	52.580
198.91	65.365
199.12	67.803
199.34	74.762
199.55	79.973
199.76	76.862
199.98	84.143
200.19	92.126
200.41	86.589
200.62	92.872
200.83	97.837
201.05	94.916
201.26	101.054
201.48	103.669
201.69	100.139
201.90	101.468
202.12	97.568
202.33	88.503
202.54	82.319
202.76	79.142
202.97	82.174
203.19	79.454
203.40	75.734
203.61	76.837
203.83	73.717
204.04	73.065
204.25	77.217
204.47	78.017
204.68	72.544
204.89	81.266
205.11	75.995
205.32	77.827
205.54	80.857
205.75	76.991
205.96	77.886
206.18	77.098
206.39	79.880
206.60	89.077
206.82	87.705
207.03	89.434
207.24	90.821
207.46	89.013
207.67	87.259
207.89	86.157
208.10	79.420
208.31	81.522
208.53	83.939
208.74	79.769
208.95	78.718
209.17	72.055
209.38	77.883
209.59	78.891
209.81	79.542
210.02	81.198
210.23	77.481
210.45	75.049
210.66	76.522
210.87	72.214
211.09	63.831
211.30	58.898
211.51	63.092
211.73	63.132
211.94	56.157
212.15	61.037
212.37	71.520
212.58	70.426
212.79	71.394
213.01	72.742
213.22	69.916
213.43	65.020
213.65	76.134
213.86	71.050
214.07	73.575
214.29	70.144
214.50	62.158
214.71	64.371
214.93	57.892
215.14	54.292
215.35	58.378
215.57	60.238
215.78	71.886
215.99	66.961
216.21	63.155
216.42	76.231
216.63	82.869
216.85	69.470
217.06	68.072
217.27	68.320
217.49	64.785
217.70	67.543
217.91	71.794
218.13	65.219
218.34	61.883
218.55	57.643
218.77	52.258
218.98	58.333
219.19	55.490
219.40	66.397
219.62	67.699
219.83	61.253
220.04	58.422
220.26	52.270
220.47	53.370
220.68	60.099
220.90	53.595
221.11	44.974
221.32	50.421
221.54	56.933
221.75	50.721
221.96	52.823
222.17	51.252
222.39	52.065
222.60	55.279
222.81	57.563
223.03	62.247
223.24	72.657
223.45	72.368
223.67	71.487
223.88	69.224
224.09	71.561
224.30	78.676
224.52	89.929
224.73	93.144
224.94	107.805
225.16	109.169
225.37	113.814
225.58	107.112
225.79	97.581
226.01	101.412
226.22	126.864
226.43	122.435
226.65	117.143
226.86	108.322
227.07	105.544
227.28	98.975
227.50	105.436
227.71	94.118
227.92	97.251
228.14	102.580
228.35	104.986
228.56	93.655
228.77	87.187
228.99	81.204
229.20	85.790
229.41	75.676
229.62	79.512
229.84	76.050
230.05	80.033
230.26	86.767
230.48	79.927
230.69	79.826
230.90	88.457
231.11	93.782
231.33	97.799
231.54	88.065
231.75	92.540
231.96	84.280
232.18	82.335
232.39	83.427
232.60	79.181
232.81	74.386
233.03	81.038
233.24	79.495
233.45	77.557
233.66	63.548
233.88	67.552
234.09	67.284
234.30	69.597
234.51	68.801
234.73	65.647
234.94	68.344
235.15	71.408
235.36	59.352
235.58	60.438
235.79	60.823
236.00	73.072
236.21	70.613
236.43	73.825
236.64	89.598
236.85	85.472
237.06	86.285
237.28	91.637
237.49	80.123
237.70	77.381
237.91	72.899
238.13	78.040
238.34	72.933
238.55	66.494
238.76	59.689
238.98	64.915
239.19	68.237
239.40	69.665
239.61	55.110
239.83	63.375
240.04	61.409
240.25	52.615
240.46	39.801
240.67	39.507
240.89	41.963
241.10	31.786
241.31	29.463
241.52	37.164
241.74	36.639
241.95	44.041
242.16	50.688
242.37	55.017
242.58	57.583
242.80	59.949
243.01	67.053
243.22	64.633
243.43	63.173
243.65	60.231
243.86	54.783
244.07	66.621
244.28	62.198
244.49	60.175
244.71	67.424
244.92	74.547
245.13	73.477
245.34	68.993
245.55	74.932
245.77	85.684
245.98	78.119
246.19	79.674
246.40	77.393
246.62	69.046
246.83	69.255
247.04	61.700
247.25	57.403
247.46	54.456
247.68	59.973
247.89	59.310
248.10	66.619
248.31	73.707
248.52	67.321
248.74	70.581
248.95	69.560
249.16	67.389
249.37	61.534
249.58	64.769
249.79	68.258
250.01	63.627
250.22	60.358
250.43	64.289
250.64	69.249
250.85	72.310
251.07	73.610
251.28	74.934
251.49	86.159
251.70	94.719
251.91	90.847
252.13	92.073
252.34	105.053
252.55	92.967
252.76	94.880
252.97	94.123
253.18	91.903
253.40	93.359
253.61	93.806
253.82	88.616
254.03	86.765
254.24	86.443
254.46	94.867
254.67	91.405
254.88	93.590
255.09	91.440
255.30	87.206
255.51	88.197
255.73	89.844
255.94	84.628
256.15	82.068
256.36	81.387
256.57	79.211
256.78	70.427
257.00	73.622
257.21	65.440
257.42	61.284
257.63	70.365
257.84	79.349
258.05	79.456
258.26	88.506
258.48	87.849
258.69	89.547
258.90	78.005
259.11	74.629
259.32	71.996
259.53	68.461
259.75	67.095
259.96	62.925
260.17	57.868
260.38	60.831
260.59	73.056
260.80	81.052
261.01	80.694
261.23	81.284
261.44	74.016
261.65	77.493
261.86	85.741
262.07	85.468
262.28	74.131
262.49	74.578
262.71	76.606
262.92	83.323
263.13	84.548
263.34	89.056
263.55	93.757
263.76	96.445
263.97	93.194
264.19	87.073
264.40	88.779
264.61	87.794
264.82	92.483
265.03	82.611
265.24	77.648
265.45	78.065
265.66	76.423
265.88	75.129
266.09	74.927
266.30	72.245
266.51	61.362
266.72	63.862
266.93	62.880
267.14	65.434
267.35	72.379
267.57	68.063
267.78	75.842
267.99	74.364
268.20	74.732
268.41	73.691
268.62	96.549
268.83	92.638
269.04	92.229
269.25	84.581
269.47	90.742
269.68	95.108
269.89	95.976
270.10	92.844
270.31	87.960
270.52	96.071
270.73	90.279
270.94	97.874
271.15	90.454
271.37	80.997
271.58	70.335
271.79	61.950
272.00	72.130
272.21	68.601
272.42	64.965
272.63	62.687
272.84	65.682
273.05	58.081
273.26	60.555
273.48	71.815
273.69	68.993
273.90	72.411
274.11	77.812
274.32	76.195
274.53	76.788
274.74	84.741
274.95	90.157
275.16	97.543
275.37	99.665
275.58	103.479
275.80	113.520
276.01	114.150
276.22	103.788
276.43	95.357
276.64	92.811
276.85	100.962
277.06	109.145
277.27	113.362
277.48	111.772
277.69	107.788
277.90	94.471
278.11	97.822
278.32	96.824
278.54	88.380
278.75	87.810
278.96	98.034
279.17	98.735
279.38	89.711
279.59	75.596
279.80	80.038
280.01	71.183
280.22	76.329
280.43	77.554
280.64	76.276
280.85	69.172
281.06	62.022
281.27	61.952
281.48	60.053
281.70	47.320
281.91	43.251
282.12	47.716
282.33	50.761
282.54	55.609
282.75	54.454
282.96	55.973
283.17	52.863
283.38	48.106
283.59	46.223
283.80	40.009
284.01	40.988
284.22	39.039
284.43	41.163
284.64	34.614
284.85	29.619
285.06	35.454
285.27	39.489
285.48	48.610
285.70	43.687
285.91	44.270
286.12	48.018
286.33	44.495
286.54	44.826
286.75	45.698
286.96	49.330
287.17	48.890
287.38	46.768
287.59	50.962
287.80	45.755
288.01	49.634
288.22	53.753
288.43	55.842
288.64	53.382
288.85	58.752
289.06	59.216
289.27	58.975
289.48	55.793
289.69	56.012
289.90	51.900
290.11	55.540
290.32	57.505
290.53	57.523
290.74	60.619
290.95	58.158
291.16	53.367
291.37	43.890
291.58	47.773
291.79	50.944
292.00	45.489
292.21	46.641
292.42	47.580
292.63	49.331
292.84	50.312
293.05	51.366
293.26	47.913
293.47	52.186
293.68	52.139
293.89	56.790
294.10	61.701
294.31	61.853
294.52	58.847
294.73	61.508
294.95	60.928
295.16	63.628
295.37	64.830
295.58	72.111
295.79	79.625
295.99	69.238
296.20	64.904
296.41	69.649
296.62	71.668
296.83	67.895
297.04	61.654
297.25	60.187
297.46	53.252
297.67	52.312
297.88	51.920
298.09	51.848
298.30	56.140
298.51	49.282
298.72	50.888
298.93	57.517
299.14	50.874
299.35	55.570
299.56	55.020
299.77	59.524
299.98	57.480
300.19	57.190
300.40	63.992
300.61	69.688
300.82	68.054
301.03	63.636
301.24	57.657
301.45	64.139
301.66	67.287
301.87	74.725
302.08	73.312
302.29	74.886
302.50	75.796
302.71	71.398
302.92	75.020
303.13	76.606
303.34	75.863
303.55	78.724
303.76	73.657
303.97	75.717
304.18	70.253
304.39	74.834
304.60	79.373
304.81	78.348
305.02	79.574
305.22	81.310
305.43	84.232
305.64	88.981
305.85	89.126
306.06	92.271
306.27	94.554
306.48	94.463
306.69	93.471
306.90	89.716
307.11	90.005
307.32	90.364
307.53	89.595
307.74	87.152
307.95	88.479
308.16	88.284
308.37	87.346
308.58	100.361
308.79	85.945
309.00	74.773
309.21	70.190
309.41	62.208
309.62	63.262
309.83	66.422
310.04	65.823
310.25	63.793
310.46	62.941
310.67	56.456
310.88	62.682
311.09	64.516
311.30	59.111
311.51	62.590
311.72	59.078
311.93	62.573
312.14	59.239
312.34	59.879
312.55	56.933
312.76	56.470
312.97	50.654
313.18	53.419
313.39	50.445
313.60	53.036
313.81	58.248
314.02	54.176
314.23	55.881
314.44	56.583
314.65	57.955
314.86	61.740
315.06	67.097
315.27	60.986
315.48	59.010
315.69	68.162
315.90	59.308
316.11	60.804
316.32	58.529
316.53	60.313
316.74	59.280
316.95	64.311
317.16	62.786
317.36	62.086
317.57	62.495
317.78	66.375
317.99	70.835
318.20	67.050
318.41	65.300
318.62	61.790
318.83	63.102
319.04	58.608
319.24	55.188
319.45	55.993
319.66	55.882
319.87	46.875
320.08	39.774
320.29	44.149
320.50	41.105
320.71	41.858
320.92	45.359
321.12	43.520
321.33	43.175
321.54	43.738
321.75	43.063
321.96	44.706
322.17	49.038
322.38	40.751
322.59	40.225
322.80	45.748
323.00	46.451
323.21	51.590
323.42	50.860
323.63	47.757
323.84	48.457
324.05	49.333
324.26	52.317
324.47	52.378
324.67	51.474
324.88	49.823
325.09	45.703
325.30	42.743
325.51	41.008
325.72	41.752
325.93	41.819
326.13	42.809
326.34	37.769
326.55	38.044
326.76	39.242
326.97	39.879
327.18	39.707
327.39	36.697
327.59	33.396
327.80	34.719
328.01	34.034
328.22	32.922
328.43	28.991
328.64	28.916
328.85	31.773
329.05	31.615
329.26	33.995
329.47	36.792
329.68	34.912
329.89	34.770
330.10	33.037
330.30	33.789
330.51	33.799
330.72	37.116
330.93	33.209
331.14	34.740
331.35	37.520
331.56	37.722
331.76	38.152
331.97	36.482
332.18	38.649
332.39	39.893
332.60	40.658
332.81	43.145
333.01	43.034
333.22	41.510
333.43	42.320
333.64	40.571
333.85	42.955
334.05	44.662
334.26	48.551
334.47	49.463
334.68	47.951
334.89	45.590
335.10	48.045
335.30	49.198
335.51	47.779
335.72	46.376
335.93	47.152
336.14	47.081
336.35	45.972
336.55	44.860
336.76	44.039
336.97	43.303
337.18	43.388
337.39	44.309
337.59	44.648
337.80	43.785
338.01	45.799
338.22	42.711
338.43	42.800
338.63	39.511
338.84	39.752
339.05	40.583
339.26	41.199
339.47	40.178
339.67	40.140
339.88	39.834
340.09	39.282
340.30	39.279
340.51	39.434
340.71	40.795
340.92	41.191
341.13	41.496
341.34	41.922
341.55	41.671
341.75	40.906
341.96	40.142
342.17	41.418
342.38	39.669
342.58	39.948
342.79	39.099
343.00	39.431
343.21	39.962
343.42	38.926
343.62	39.070
343.83	38.260
344.04	38.418
344.25	38.595
344.46	39.334
344.66	38.759
344.87	39.056
345.08	38.644
345.29	38.583
345.49	38.790
345.70	38.836
345.91	38.883
346.12	38.872
346.32	39.281
346.53	38.131
346.74	38.015
346.95	38.345
347.16	38.834
347.36	39.017
347.57	38.466
347.78	38.769
347.99	38.934
348.19	39.161
348.40	38.256
348.61	38.591
348.82	38.382
349.02	38.999
349.23	38.920
349.44	38.595
349.65	38.193
349.85	38.062
350.06	37.418
350.27	37.366
350.48	37.635
350.68	36.834
350.89	37.143
351.10	37.265
351.31	37.358
351.51	37.879
351.72	37.845
351.93	37.801
352.14	37.922
352.34	37.853
352.55	37.752
352.76	38.346
352.96	38.334
353.17	38.121
353.38	37.730
353.59	37.872
353.79	38.230
354.00	38.098
354.21	37.739
354.42	38.481
354.62	38.167
354.83	37.977
355.04	38.253
355.24	38.287
355.45	38.462
355.66	38.138
355.87	37.012
356.07	36.801
356.28	36.470
356.49	36.290
356.70	35.765
356.90	36.089
357.11	35.502
357.32	35.473
357.52	35.291
357.73	34.963
357.94	34.830
358.15	34.554
358.35	34.436
358.56	34.831
358.77	34.241
358.97	34.179
359.18	33.804
359.39	33.848
359.59	33.508
359.80	33.641
360.01	33.943
360.22	34.059
360.42	33.935
360.63	34.156
360.84	33.762
361.04	34.036
361.25	33.776
361.46	33.845
361.66	33.844
361.87	33.733
362.08	33.501
362.29	33.585
362.49	33.424
362.70	33.503
362.91	33.248
363.11	33.392
363.32	33.592
363.53	34.093
363.73	33.926
363.94	34.181
364.15	33.795
364.35	33.432
364.56	33.583
364.77	33.717
364.97	33.376
365.18	33.734
365.39	33.492
365.59	33.460
365.80	33.497
366.01	33.155
366.21	33.022
366.42	33.242
366.63	33.091
366.83	33.109
367.04	33.088
367.25	33.064
367.45	32.933
367.66	32.860
367.87	32.409
368.07	32.653
368.28	32.443
368.49	32.470
368.69	32.663
368.90	32.776
369.11	32.941
369.31	32.908
369.52	32.806
369.73	32.715
369.93	32.667
370.14	32.744
370.35	32.788
370.55	32.967
370.76	32.868
370.97	32.671
371.17	32.475
371.38	32.361
371.58	32.242
371.79	32.256
372.00	32.100
372.20	32.189
372.41	32.089
372.62	32.060
372.82	32.117
373.03	32.016
373.24	31.832
373.44	31.724
373.65	31.915
373.85	31.987
374.06	32.230
374.27	32.302
374.47	32.161
374.68	32.044
374.89	31.987
375.09	31.943
375.30	31.942
375.51	32.026
375.71	32.094
375.92	32.019
376.12	31.933
376.33	32.059
376.54	31.960
376.74	32.001
376.95	32.240
377.15	32.139
377.36	31.976
377.57	31.901
377.77	31.938
377.98	31.883
378.19	31.709
378.39	31.671
378.60	31.573
378.80	31.635
379.01	31.808
379.22	31.675
379.42	31.644
379.63	31.797
379.83	31.805
380.04	31.704
380.25	31.741
380.45	31.774
380.66	31.899
380.86	32.040
381.07	31.858
381.28	31.723
381.48	31.794
381.69	31.847
381.89	31.778
382.10	31.552
382.31	31.530
382.51	31.551
382.72	31.406
382.92	31.444
383.13	31.458
383.33	31.468
383.54	31.547
383.75	31.484
383.95	31.379
384.16	31.400
384.36	31.358
384.57	31.464
384.78	31.434
384.98	31.205
385.19	31.004
385.39	31.066
385.60	31.019
385.80	31.002
386.01	30.984
386.22	30.984
386.42	31.077
386.63	31.074
386.83	31.012
387.04	31.072
387.24	30.936
387.45	30.874
387.65	30.863
387.86	30.786
388.07	30.861
388.27	30.794
388.48	30.770
388.68	30.709
388.89	30.689
389.09	30.774
389.30	30.793
389.50	30.924
389.71	30.938
389.92	30.937
390.12	30.900
390.33	30.853
390.53	30.876
390.74	30.720
390.94	30.764
391.15	30.921
391.35	30.802
391.56	30.826
391.77	30.865
391.97	30.787
392.18	30.776
392.38	30.798
392.59	30.795
392.79	30.721
393.00	30.790
393.20	30.719
393.41	30.564
393.61	30.560
393.82	30.521
394.02	30.453
394.23	30.534
394.43	30.589
394.64	30.670
394.84	30.692
395.05	30.841
395.26	30.709
395.46	30.669
395.67	30.802
395.87	30.891
396.08	30.914
396.28	30.927
396.49	30.933
396.69	30.816
396.90	30.842
397.10	30.784
397.31	30.714
397.51	30.736
397.72	30.786
397.92	30.800
398.13	30.759
398.33	30.819
398.54	30.637
398.74	30.539
398.95	30.467
399.15	30.452
399.36	30.433
399.56	30.489
399.77	30.457
399.97	30.405
400.18	30.341
400.38	30.351
400.59	30.331
400.79	30.361
401.00	30.488
401.20	30.439
401.41	30.494
401.61	30.524
401.82	30.557
402.02	30.496
402.23	30.442
402.43	30.456
402.64	30.377
402.84	30.486
403.05	30.498
403.25	30.566
403.46	30.505
403.66	30.390
403.87	30.306
404.07	30.286
404.27	30.196
404.48	30.186
404.68	30.086
404.89	30.092
405.09	29.851
405.30	29.786
405.50	29.823
405.71	29.808
405.91	29.817
406.12	29.712
406.32	29.758
406.53	29.737
406.73	29.715
406.94	29.707
407.14	29.669
407.34	29.709
407.55	29.664
407.75	29.669
407.96	29.761
408.16	29.791
408.37	29.689
408.57	29.715
408.78	29.692
408.98	29.683
409.19	29.668
409.39	29.847
409.59	29.798
409.80	29.738
410.00	29.749
410.21	29.743
410.41	29.734
410.62	29.693
410.82	29.709
411.03	29.651
411.23	29.688
411.43	29.718
411.64	29.635
411.84	29.538
412.05	29.523
412.25	29.471
412.46	29.423
412.66	29.447
412.86	29.524
413.07	29.423
413.27	29.411
413.48	29.397
413.68	29.517
413.89	29.579
414.09	29.565
414.29	29.546
414.50	29.496
414.70	29.524
414.91	29.448
415.11	29.425
415.32	29.459
415.52	29.428
415.72	29.324
415.93	29.326
416.13	29.354
416.34	29.389
416.54	29.451
416.74	29.421
416.95	29.449
417.15	29.437
417.36	29.472
417.56	29.463
417.76	29.428
417.97	29.315
418.17	29.255
418.38	29.273
418.58	29.272
418.78	29.284
418.99	29.320
419.19	29.345
419.40	29.317
419.60	29.282
419.80	29.311
420.01	29.354
420.21	29.287
420.42	29.271
420.62	29.203
420.82	29.186
421.03	29.258
421.23	29.196
421.44	29.155
421.64	29.206
421.84	29.185
422.05	29.160
422.25	29.090
422.45	29.083
422.66	29.036
422.86	29.056
423.07	29.060
423.27	29.030
423.47	29.042
423.68	29.040
423.88	29.032
424.08	29.026
424.29	29.014
424.49	29.054
424.70	29.070
424.90	29.111
425.10	29.072
425.31	28.996
425.51	29.014
425.71	28.982
425.92	28.963
426.12	29.013
426.32	29.004
426.53	29.009
426.73	28.974
426.93	28.982
427.14	28.966
427.34	28.870
427.55	28.863
427.75	28.897
427.95	28.863
428.16	28.885
428.36	28.789
428.56	28.775
428.77	28.776
428.97	28.738
429.17	28.722
429.38	28.705
429.58	28.700
429.78	28.693
429.99	28.648
430.19	28.615
430.39	28.587
430.60	28.591
430.80	28.611
431.00	28.585
431.21	28.602
431.41	28.545
431.61	28.632
431.82	28.592
432.02	28.581
432.22	28.611
432.43	28.579
432.63	28.594
432.83	28.578
433.04	28.588
433.24	28.643
433.44	28.659
433.65	28.689
433.85	28.682
434.05	28.667
434.25	28.648
434.46	28.601
434.66	28.531
434.86	28.548
435.07	28.522
435.27	28.556
435.47	28.531
435.68	28.493
435.88	28.495
436.08	28.462
436.29	28.429
436.49	28.398
436.69	28.399
436.89	28.380
437.10	28.365
437.30	28.329
437.50	28.264
437.71	28.212
437.91	28.139
438.11	28.129
438.32	28.111
438.52	28.140
438.72	28.130
438.92	28.139
439.13	28.095
439.33	28.060
439.53	28.000
439.74	27.974
439.94	28.016
440.14	27.930
440.34	27.940
440.55	27.905
440.75	27.911
440.95	27.891
441.15	27.907
441.36	27.855
441.56	27.884
441.76	27.874
441.97	27.863
442.17	27.879
442.37	27.890
442.57	27.906
442.78	27.882
442.98	27.882
443.18	27.844
443.38	27.849
443.59	27.892
443.79	27.913
443.99	27.895
444.19	27.867
444.40	27.873
444.60	27.870
444.80	27.863
445.00	27.830
445.21	27.814
445.41	27.839
445.61	27.880
445.81	27.814
446.02	27.806
446.22	27.812
446.42	27.821
446.62	27.805
446.83	27.779
447.03	27.789
447.23	27.766
447.43	27.786
447.64	27.796
447.84	27.783
448.04	27.759
448.24	27.756
448.45	27.708
448.65	27.707
448.85	27.688
449.05	27.719
449.26	27.730
449.46	27.729
449.66	27.698
449.86	27.697
450.06	27.720
450.27	27.700
450.47	27.667
450.67	27.591
450.87	27.588
451.08	27.582
451.28	27.550
451.48	27.585
451.68	27.593
451.88	27.546
452.09	27.522
452.29	27.519
452.49	27.498
452.69	27.508
452.89	27.546
453.10	27.480
453.30	27.426
453.50	27.407
453.70	27.425
453.90	27.384
454.11	27.378
454.31	27.335
454.51	27.333
454.71	27.324
454.91	27.360
455.12	27.339
455.32	27.320
455.52	27.307
455.72	27.259
455.92	27.235
456.13	27.235
456.33	27.241
456.53	27.254
456.73	27.260
456.93	27.289
457.14	27.260
457.34	27.308
457.54	27.274
457.74	27.279
457.94	27.248
458.14	27.220
458.35	27.164
458.55	27.179
458.75	27.176
458.95	27.215
459.15	27.187
459.36	27.164
459.56	27.164
459.76	27.172
459.96	27.157
460.16	27.139
460.36	27.134
460.57	27.122
460.77	27.088
460.97	27.054
461.17	27.029
461.37	27.013
461.57	26.983
461.77	27.030
461.98	27.026
462.18	27.030
462.38	27.031
462.58	27.082
462.78	27.088
462.98	27.094
463.19	27.031
463.39	27.044
463.59	27.061
463.79	27.048
463.99	27.010
464.19	27.046
464.39	27.039
464.60	27.014
464.80	27.038
465.00	27.030
465.20	27.030
465.40	27.026
465.60	26.997
465.80	26.996
466.01	26.944
466.21	26.895
466.41	26.864
466.61	26.863
466.81	26.803
467.01	26.772
467.21	26.763
467.41	26.782
467.62	26.791
467.82	26.796
468.02	26.790
468.22	26.823
468.42	26.790
468.62	26.820
468.82	26.832
469.02	26.809
469.22	26.804
469.43	26.819
469.63	26.809
469.83	26.802
470.03	26.813
470.23	26.835
470.43	26.874
470.63	26.895
470.83	26.903
471.03	26.936
471.24	26.949
471.44	26.953
471.64	26.974
471.84	26.932
472.04	26.891
472.24	26.915
472.44	26.866
472.64	26.899
472.84	26.878
473.04	26.844
473.25	26.798
473.45	26.801
473.65	26.795
473.85	26.767
474.05	26.776
474.25	26.767
474.45	26.741
474.65	26.712
474.85	26.683
475.05	26.696
475.25	26.675
475.45	26.657
475.66	26.649
475.86	26.630
476.06	26.640
476.26	26.656
476.46	26.624
476.66	26.623
476.86	26.603
477.06	26.584
477.26	26.597
477.46	26.587
477.66	26.576
477.86	26.548
478.06	26.562
478.26	26.560
478.46	26.548
478.67	26.555
478.87	26.546
479.07	26.555
479.27	26.516
479.47	26.486
479.67	26.488
479.87	26.470
480.07	26.433
480.27	26.390
480.47	26.357
480.67	26.323
480.87	26.319
481.07	26.279
481.27	26.281
481.47	26.301
481.67	26.304
481.87	26.321
482.07	26.330
482.27	26.316
482.47	26.306
482.67	26.292
482.87	26.293
483.07	26.294
483.28	26.280
483.48	26.304
483.68	26.285
483.88	26.275
484.08	26.244
484.28	26.253
484.48	26.285
484.68	26.289
484.88	26.299
485.08	26.295
485.28	26.306
485.48	26.275
485.68	26.225
485.88	26.231
486.08	26.201
486.28	26.182
486.48	26.181
486.68	26.156
486.88	26.112
487.08	26.102
487.28	26.095
487.48	26.079
487.68	26.027
487.88	26.040
488.08	26.015
488.28	25.998
488.48	25.964
488.68	25.934
488.88	25.926
489.08	25.917
489.28	25.903
489.48	25.878
489.68	25.876
489.88	25.867
490.08	25.834
490.28	25.828
490.48	25.842
490.68	25.843
490.88	25.838
491.08	25.844
491.28	25.811
491.48	25.763
491.68	25.727
491.88	25.722
492.08	25.698
492.28	25.689
492.48	25.694
492.68	25.695
492.88	25.677
493.08	25.665
493.28	25.661
493.48	25.658
493.67	25.630
493.87	25.623
494.07	25.622
494.27	25.621
494.47	25.616
494.67	25.573
494.87	25.561
495.07	25.537
495.27	25.535
495.47	25.510
495.67	25.483
495.87	25.488
496.07	25.471
496.27	25.462
496.47	25.448
496.67	25.445
496.87	25.430
497.07	25.416
497.27	25.402
497.47	25.381
497.67	25.356
497.87	25.378
498.06	25.358
498.26	25.354
498.46	25.348
498.66	25.307
498.86	25.299
499.06	25.245
499.26	25.235
499.46	25.217
499.66	25.229
499.86	25.245
500.06	25.241
500.26	25.242
500.46	25.242
500.66	25.229
500.86	25.207
501.05	25.188
501.25	25.171
501.45	25.187
501.65	25.187
501.85	25.161
502.05	25.134
502.25	25.108
502.45	25.076
502.65	25.048
502.85	25.033
503.05	25.030
503.24	25.053
503.44	25.033
503.64	25.027
503.84	24.998
504.04	24.988
504.24	24.953
504.44	24.932
504.64	24.927
504.84	24.915
505.04	24.900
505.24	24.892
505.43	24.890
505.63	24.850
505.83	24.827
506.03	24.837
506.23	24.826
506.43	24.827
506.63	24.825
506.83	24.813
507.03	24.800
507.22	24.770
507.42	24.740
507.62	24.733
507.82	24.716
508.02	24.720
508.22	24.722
508.42	24.717
508.62	24.715
508.81	24.689
509.01	24.681
509.21	24.676
509.41	24.661
509.61	24.657
509.81	24.643
510.01	24.639
510.21	24.634
510.40	24.615
510.60	24.616
510.80	24.613
511.00	24.611
511.20	24.607
511.40	24.619
511.60	24.613
511.79	24.614
511.99	24.591
512.19	24.578
512.39	24.568
512.59	24.547
512.79	24.533
512.99	24.527
513.18	24.526
513.38	24.503
513.58	24.502
513.78	24.500
513.98	24.487
514.18	24.478
514.37	24.475
514.57	24.472
514.77	24.460
514.97	24.449
515.17	24.423
515.37	24.425
515.56	24.419
515.76	24.412
515.96	24.398
516.16	24.422
516.36	24.425
516.56	24.416
516.75	24.445
516.95	24.444
517.15	24.432
517.35	24.419
517.55	24.433
517.75	24.453
517.94	24.449
518.14	24.468
518.34	24.488
518.54	24.466
518.74	24.477
518.93	24.471
519.13	24.459
519.33	24.482
519.53	24.477
519.73	24.481
519.92	24.485
520.12	24.493
520.32	24.502
520.52	24.519
520.72	24.506
520.91	24.503
521.11	24.517
521.31	24.543
521.51	24.554
521.71	24.563
521.90	24.556
522.10	24.559
522.30	24.580
522.50	24.573
522.70	24.594
522.89	24.615
523.09	24.647
523.29	24.668
523.49	24.697
523.69	24.722
523.88	24.723
524.08	24.735
524.28	24.751
524.48	24.746
524.67	24.757
524.87	24.793
525.07	24.797
525.27	24.815
525.46	24.820
525.66	24.836
525.86	24.857
526.06	24.874
526.26	24.887
526.45	24.886
526.65	24.889
526.85	24.908
527.05	24.916
527.24	24.916
527.44	24.930
527.64	24.935
527.84	24.931
528.03	24.959
528.23	24.972
528.43	24.991
528.63	25.036
528.82	25.053
529.02	25.092
529.22	25.106
529.42	25.113
529.61	25.133
529.81	25.150
530.01	25.167
530.21	25.199
530.40	25.210
530.60	25.221
530.80	25.260
531.00	25.292
531.19	25.314
531.39	25.340
531.59	25.356
531.78	25.368
531.98	25.400
532.18	25.422
532.38	25.444
532.57	25.461
532.77	25.468
532.97	25.493
533.16	25.481
533.36	25.512
533.56	25.544
533.76	25.563
533.95	25.583
534.15	25.613
534.35	25.617
534.55	25.659
534.74	25.700
534.94	25.728
535.14	25.738
535.33	25.762
535.53	25.777
535.73	25.816
535.92	25.839
536.12	25.877
536.32	25.886
536.52	25.924
536.71	25.975
536.91	26.019
537.11	26.023
537.30	26.058
537.50	26.103
537.70	26.126
537.89	26.166
538.09	26.217
538.29	26.260
538.48	26.313
538.68	26.336
538.88	26.350
539.08	26.372
539.27	26.401
539.47	26.417
539.67	26.469
539.86	26.509
540.06	26.547
540.26	26.580
540.45	26.633
540.65	26.677
540.85	26.707
541.04	26.718
541.24	26.767
541.44	26.791
541.63	26.815
541.83	26.841
542.03	26.872
542.22	26.879
542.42	26.900
542.62	26.916
542.81	26.955
543.01	26.988
543.21	27.027
543.40	27.083
543.60	27.140
543.79	27.135
543.99	27.154
544.19	27.186
544.38	27.217
544.58	27.238
544.78	27.263
544.97	27.281
545.17	27.327
545.37	27.357
545.56	27.403
545.76	27.434
545.96	27.473
546.15	27.508
546.35	27.544
546.54	27.563
546.74	27.598
546.94	27.633
547.13	27.681
547.33	27.693
547.53	27.719
547.72	27.722
547.92	27.771
548.11	27.808
548.31	27.850
548.51	27.868
548.70	27.897
548.90	27.917
549.10	27.949
549.29	27.964
549.49	27.993
549.68	28.028
549.88	28.077
550.08	28.104
550.27	28.137
550.47	28.182
550.66	28.229
550.86	28.252
551.06	28.265
551.25	28.293
551.45	28.329
551.64	28.340
551.84	28.370
552.04	28.421
552.23	28.430
552.43	28.442
552.62	28.482
552.82	28.518
553.02	28.560
553.21	28.591
553.41	28.621
553.60	28.661
553.80	28.699
554.00	28.726
554.19	28.765
554.39	28.797
554.58	28.809
554.78	28.824
554.97	28.867
555.17	28.930
555.37	28.954
555.56	28.994
555.76	29.034
555.95	29.084
556.15	29.123
556.34	29.186
556.54	29.234
556.74	29.263
556.93	29.297
557.13	29.316
557.32	29.338
557.52	29.387
557.71	29.409
557.91	29.431
558.10	29.447
558.30	29.481
558.50	29.493
558.69	29.543
558.89	29.558
559.08	29.588
559.28	29.597
559.47	29.648
559.67	29.685
559.86	29.697
560.06	29.734
560.25	29.743
560.45	29.769
560.65	29.789
560.84	29.836
561.04	29.855
561.23	29.901
561.43	29.936
561.62	29.956
561.82	29.972
562.01	30.002
562.21	30.035
562.40	30.046
562.60	30.079
562.79	30.106
562.99	30.133
563.18	30.156
563.38	30.212
563.57	30.225
563.77	30.236
563.96	30.273
564.16	30.262
564.36	30.282
564.55	30.296
564.75	30.323
564.94	30.327
565.14	30.353
565.33	30.359
565.53	30.382
565.72	30.401
565.92	30.439
566.11	30.469
566.31	30.481
566.50	30.528
566.70	30.584
566.89	30.607
567.09	30.649
567.28	30.665
567.48	30.662
567.67	30.695
567.87	30.728
568.06	30.764
568.26	30.817
568.45	30.857
568.64	30.870
568.84	30.908
569.03	30.948
569.23	30.971
569.42	30.998
569.62	31.040
569.81	31.077
570.01	31.103
570.20	31.119
570.40	31.146
570.59	31.164
570.79	31.183
570.98	31.211
571.18	31.249
571.37	31.282
571.57	31.313
571.76	31.327
571.95	31.347
572.15	31.388
572.34	31.415
572.54	31.421
572.73	31.454
572.93	31.450
573.12	31.464
573.32	31.513
573.51	31.548
573.71	31.571
573.90	31.589
574.09	31.606
574.29	31.623
574.48	31.669
574.68	31.691
574.87	31.697
575.07	31.729
575.26	31.737
575.46	31.766
575.65	31.772
575.84	31.789
576.04	31.799
576.23	31.811
576.43	31.833
576.62	31.862
576.82	31.899
577.01	31.965
577.20	31.993
577.40	32.005
577.59	32.018
577.79	32.024
577.98	32.052
578.18	32.081
578.37	32.131
578.56	32.146
578.76	32.157
578.95	32.181
579.15	32.197
579.34	32.209
579.53	32.216
579.73	32.262
579.92	32.276
580.12	32.303
580.31	32.301
580.50	32.321
580.70	32.362
580.89	32.392
581.09	32.388
581.28	32.416
581.47	32.435
581.67	32.441
581.86	32.471
582.06	32.486
582.25	32.520
582.44	32.523
582.64	32.540
582.83	32.564
583.03	32.594
583.22	32.617
583.41	32.654
583.61	32.707
583.80	32.717
583.99	32.758
584.19	32.792
584.38	32.816
584.58	32.835
584.77	32.853
584.96	32.875
585.16	32.880
585.35	32.883
585.54	32.908
585.74	32.925
585.93	32.944
586.13	32.947
586.32	32.964
586.51	32.986
586.71	33.016
586.90	33.031
587.09	33.043
587.29	33.051
587.48	33.057
587.67	33.063
587.87	33.074
588.06	33.092
588.25	33.110
588.45	33.136
588.64	33.158
588.83	33.163
589.03	33.161
589.22	33.205
589.41	33.232
589.61	33.247
589.80	33.283
589.99	33.291
590.19	33.328
590.38	33.309
590.57	33.319
590.77	33.319
590.96	33.337
591.15	33.345
591.35	33.375
591.54	33.420
591.73	33.429
591.93	33.440
592.12	33.441
592.31	33.444
592.51	33.471
592.70	33.490
592.89	33.512
593.09	33.524
593.28	33.538
593.47	33.560
593.67	33.568
593.86	33.585
594.05	33.617
594.25	33.619
594.44	33.651
594.63	33.674
594.82	33.687
595.02	33.702
595.21	33.719
595.40	33.735
595.60	33.742
595.79	33.761
595.98	33.785
596.17	33.817
596.37	33.851
596.56	33.872
596.75	33.885
596.95	33.906
597.14	33.914
597.33	33.935
597.52	33.930
597.72	33.963
597.91	33.983
598.10	33.999
598.30	34.022
598.49	34.061
598.68	34.086
598.87	34.128
599.07	34.140
599.26	34.158
599.45	34.155
599.65	34.160
599.84	34.169
600.03	34.188
600.22	34.211
600.42	34.225
600.61	34.239
600.80	34.266
600.99	34.292
601.19	34.307
601.38	34.326
601.57	34.362
601.76	34.358
601.96	34.382
602.15	34.385
602.34	34.418
602.53	34.422
602.73	34.426
602.92	34.409
603.11	34.430
603.30	34.454
603.50	34.479
603.69	34.495
603.88	34.530
604.07	34.539
604.26	34.534
604.46	34.553
604.65	34.576
604.84	34.579
605.03	34.574
605.23	34.608
605.42	34.602
605.61	34.612
605.80	34.660
606.00	34.673
606.19	34.692
606.38	34.698
606.57	34.689
606.76	34.714
606.96	34.745
607.15	34.773
607.34	34.786
607.53	34.799
607.72	34.809
607.92	34.800
608.11	34.822
608.30	34.827
608.49	34.834
608.68	34.825
608.88	34.837
609.07	34.873
609.26	34.894
609.45	34.912
609.64	34.934
609.84	34.922
610.03	34.917
610.22	34.935
610.41	34.941
610.60	34.967
610.80	34.966
610.99	34.979
611.18	35.000
611.37	35.009
611.56	35.021
611.76	35.037
611.95	35.073
612.14	35.095
612.33	35.134
612.52	35.158
612.71	35.171
612.91	35.191
613.10	35.191
613.29	35.202
613.48	35.223
613.67	35.237
613.86	35.263
614.06	35.294
614.25	35.300
614.44	35.317
614.63	35.340
614.82	35.373
615.01	35.373
615.20	35.381
615.40	35.394
615.59	35.426
615.78	35.441
615.97	35.461
616.16	35.471
616.35	35.483
616.55	35.505
616.74	35.513
616.93	35.552
617.12	35.572
617.31	35.585
617.50	35.592
617.69	35.603
617.88	35.633
618.08	35.652
618.27	35.701
618.46	35.718
618.65	35.737
618.84	35.744
619.03	35.776
619.22	35.791
619.42	35.815
619.61	35.822
619.80	35.856
619.99	35.863
620.18	35.879
620.37	35.883
620.56	35.896
620.75	35.929
620.94	35.919
621.14	35.926
621.33	35.941
621.52	35.970
621.71	35.971
621.90	35.991
622.09	35.998
622.28	35.990
622.47	36.016
622.66	36.025
622.85	36.037
623.05	36.043
623.24	36.058
623.43	36.063
623.62	36.080
623.81	36.079
624.00	36.080
624.19	36.090
624.38	36.116
624.57	36.137
624.76	36.151
624.95	36.166
625.15	36.172
625.34	36.195
625.53	36.207
625.72	36.227
625.91	36.204
626.10	36.219
626.29	36.220
626.48	36.217
626.67	36.225
626.86	36.227
627.05	36.240
627.24	36.256
627.43	36.288
627.62	36.299
627.82	36.313
628.01	36.356
628.20	36.368
628.39	36.365
628.58	36.363
628.77	36.379
628.96	36.384
629.15	36.428
629.34	36.428
629.53	36.430
629.72	36.453
629.91	36.480
630.10	36.489
630.29	36.511
630.48	36.528
630.67	36.542
630.86	36.555
631.05	36.583
631.24	36.593
631.43	36.588
631.62	36.578
631.81	36.590
632.00	36.568
632.20	36.582
632.39	36.607
632.58	36.631
632.77	36.641
632.96	36.662
633.15	36.669
633.34	36.688
633.53	36.685
633.72	36.704
633.91	36.720
634.10	36.736
634.29	36.762
634.48	36.774
634.67	36.773
634.86	36.796
635.05	36.792
635.24	36.800
635.43	36.829
635.62	36.853
635.81	36.865
636.00	36.881
636.19	36.902
636.38	36.930
636.57	36.925
636.76	36.922
636.95	36.928
637.14	36.909
637.33	36.925
637.52	36.965
637.71	36.958
637.90	36.971
638.09	36.968
638.28	36.982
638.47	36.995
638.66	37.018
638.85	37.032
639.04	37.036
639.23	37.036
639.41	37.041
639.60	37.039
639.79	37.081
639.98	37.108
640.17	37.115
640.36	37.124
640.55	37.140
640.74	37.166
640.93	37.165
641.12	37.178
641.31	37.183
641.50	37.188
641.69	37.203
641.88	37.201
642.07	37.232
642.26	37.234
642.45	37.261
642.64	37.274
642.83	37.302
643.02	37.337
643.21	37.372
643.40	37.383
643.59	37.414
643.77	37.403
643.96	37.422
644.15	37.435
644.34	37.446
644.53	37.477
644.72	37.481
644.91	37.506
645.10	37.535
645.29	37.562
645.48	37.593
645.67	37.612
645.86	37.638
646.05	37.664
646.24	37.685
646.42	37.678
646.61	37.697
646.80	37.699
646.99	37.702
647.18	37.693
647.37	37.705
647.56	37.741
647.75	37.763
647.94	37.770
648.13	37.782
648.32	37.781
648.50	37.755
648.69	37.787
648.88	37.830
649.07	37.841
649.26	37.830
649.45	37.816
649.64	37.822
649.83	37.818
650.02	37.818
650.21	37.817
650.39	37.855
650.58	37.894
650.77	37.918
650.96	37.922
651.15	37.963
651.34	37.954
651.53	37.952
651.72	37.950
651.90	37.957
652.09	37.968
652.28	37.990
652.47	38.019
652.66	38.003
652.85	38.021
653.04	38.041
653.23	38.085
653.41	38.111
653.60	38.137
653.79	38.137
653.98	38.162
654.17	38.158
654.36	38.157
654.55	38.155
654.73	38.162
654.92	38.204
655.11	38.207
655.30	38.239
655.49	38.256
655.68	38.292
655.87	38.296
656.05	38.323
656.24	38.351
656.43	38.374
656.62	38.422
656.81	38.413
657.00	38.413
657.18	38.415
657.37	38.439
657.56	38.469
657.75	38.518
657.94	38.526
658.13	38.575
658.31	38.585
658.50	38.600
658.69	38.595
658.88	38.598
659.07	38.595
659.26	38.635
659.44	38.642
659.63	38.632
659.82	38.669
660.01	38.678
660.20	38.659
660.38	38.659
660.57	38.663
660.76	38.670
660.95	38.678
661.14	38.686
661.32	38.674
661.51	38.666
661.70	38.684
661.89	38.690
662.08	38.688
662.26	38.685
662.45	38.706
662.64	38.743
662.83	38.741
663.02	38.763
663.20	38.774
663.39	38.785
663.58	38.806
663.77	38.813
663.96	38.820
664.14	38.845
664.33	38.865
664.52	38.879
664.71	38.877
664.89	38.898
665.08	38.900
665.27	38.929
665.46	38.942
665.64	38.944
665.83	38.961
666.02	38.988
666.21	39.009
666.40	39.008
666.58	39.006
666.77	39.025
666.96	39.040
667.15	39.014
667.33	39.027
667.52	39.027
667.71	39.033
667.90	39.044
668.08	39.053
668.27	39.049
668.46	39.054
668.65	39.076
668.83	39.101
669.02	39.118
669.21	39.107
669.40	39.127
669.58	39.141
669.77	39.140
669.96	39.141
670.14	39.168
670.33	39.172
670.52	39.188
670.71	39.221
670.89	39.234
671.08	39.260
671.27	39.271
671.46	39.298
671.64	39.305
671.83	39.324
672.02	39.346
672.20	39.371
672.39	39.387
672.58	39.403
672.77	39.385
672.95	39.403
673.14	39.431
673.33	39.448
673.51	39.453
673.70	39.469
673.89	39.507
674.08	39.518
674.26	39.545
674.45	39.567
674.64	39.556
674.82	39.576
675.01	39.608
675.20	39.620
675.38	39.637
675.57	39.638
675.76	39.635
675.94	39.625
676.13	39.634
676.32	39.638
676.51	39.659
676.69	39.700
676.88	39.710
677.07	39.732
677.25	39.728
677.44	39.751
677.63	39.784
677.81	39.774
678.00	39.783
678.19	39.788
678.37	39.791
678.56	39.818
678.75	39.815
678.93	39.823
679.12	39.815
679.31	39.806
679.49	39.844
679.68	39.896
679.87	39.925
680.05	39.936
680.24	39.944
680.42	39.956
680.61	39.964
680.80	39.990
680.98	39.970
681.17	39.969
681.36	39.968
681.54	39.953
681.73	39.950
681.92	39.955
682.10	39.972
682.29	39.960
682.48	39.960
682.66	39.982
682.85	39.990
683.03	40.019
683.22	40.041
683.41	40.020
683.59	39.993
683.78	39.997
683.97	40.021
684.15	40.050
684.34	40.051
684.52	40.051
684.71	40.057
684.90	40.090
685.08	40.112
685.27	40.126
685.45	40.137
685.64	40.179
685.83	40.176
686.01	40.189
686.20	40.238
686.39	40.258
686.57	40.280
686.76	40.280
686.94	40.294
687.13	40.306
687.31	40.320
687.50	40.327
687.69	40.326
687.87	40.332
688.06	40.324
688.24	40.359
688.43	40.372
688.62	40.396
688.80	40.406
688.99	40.429
689.17	40.457
689.36	40.483
689.55	40.484
689.73	40.525
689.92	40.523
690.10	40.522
690.29	40.539
690.47	40.529
690.66	40.540
690.84	40.550
691.03	40.550
691.22	40.598
691.40	40.634
691.59	40.667
691.77	40.671
691.96	40.686
692.14	40.678
692.33	40.699
692.52	40.717
692.70	40.744
692.89	40.773
693.07	40.754
693.26	40.788
693.44	40.785
693.63	40.793
693.81	40.824
694.00	40.853
694.18	40.879
694.37	40.909
694.55	40.938
694.74	40.956
694.93	40.984
695.11	40.982
695.30	40.989
695.48	40.994
695.67	41.000
695.85	41.024
696.04	41.047
696.22	41.040
696.41	41.033
696.59	41.018
696.78	41.018
696.96	41.075
697.15	41.061
697.33	41.077
697.52	41.084
697.70	41.111
697.89	41.095
698.07	41.118
698.26	41.129
698.44	41.119
698.63	41.140
698.81	41.153
699.00	41.151
699.18	41.171
699.37	41.185
699.55	41.205
699.74	41.192
699.92	41.167
700.11	41.206
700.29	41.208
700.48	41.242
700.66	41.250
700.85	41.234
701.03	41.257
701.22	41.298
701.40	41.310
701.59	41.300
701.77	41.310
701.96	41.273
702.14	41.265
702.33	41.322
702.51	41.313
702.69	41.312
702.88	41.334
703.06	41.327
703.25	41.357
703.43	41.370
703.62	41.414
703.80	41.449
703.99	41.450
704.17	41.463
704.36	41.490
704.54	41.491
704.73	41.488
704.91	41.491
705.09	41.470
705.28	41.456
705.46	41.459
705.65	41.465
705.83	41.485
706.02	41.501
706.20	41.470
706.38	41.483
706.57	41.503
706.75	41.521
706.94	41.506
707.12	41.487
707.31	41.510
707.49	41.526
707.67	41.523
707.86	41.538
708.04	41.570
708.23	41.562
708.41	41.558
708.60	41.576
708.78	41.584
708.96	41.613
709.15	41.639
709.33	41.678
709.52	41.675
709.70	41.682
709.88	41.687
710.07	41.751
710.25	41.789
710.44	41.806
710.62	41.817
710.80	41.859
710.99	41.888
711.17	41.884
711.36	41.882
711.54	41.897
711.72	41.889
711.91	41.853
712.09	41.865
712.28	41.886
712.46	41.916
712.64	41.918
712.83	41.925
713.01	41.947
713.20	41.926
713.38	41.967
713.56	42.000
713.75	42.030
713.93	41.976
714.11	42.001
714.30	42.006
714.48	42.040
714.66	42.050
714.85	42.060
715.03	42.086
715.22	42.089
715.40	42.111
715.58	42.139
715.77	42.191
715.95	42.211
716.13	42.211
716.32	42.230
716.50	42.231
716.68	42.260
716.87	42.257
717.05	42.266
717.23	42.254
717.42	42.241
717.60	42.243
717.78	42.250
717.97	42.208
718.15	42.228
718.33	42.213
718.52	42.225
718.70	42.218
718.88	42.209
719.07	42.213
719.25	42.230
719.43	42.252
719.62	42.241
719.80	42.232
719.98	42.281
720.17	42.270
720.35	42.306
720.53	42.298
720.72	42.317
720.90	42.323
721.08	42.365
721.27	42.379
721.45	42.361
721.63	42.376
721.81	42.403
722.00	42.399
722.18	42.409
722.36	42.438
722.55	42.457
722.73	42.477
722.91	42.494
723.10	42.500
723.28	42.486
723.46	42.534
723.64	42.571
723.83	42.557
724.01	42.567
724.19	42.549
724.38	42.548
724.56	42.550
724.74	42.581
724.92	42.590
725.11	42.631
725.29	42.651
725.47	42.687
725.66	42.682
725.84	42.722
726.02	42.738
726.20	42.725
726.39	42.758
726.57	42.775
726.75	42.781
726.93	42.803
727.12	42.827
727.30	42.793
727.48	42.763
727.66	42.784
727.85	42.792
728.03	42.837
728.21	42.854
728.39	42.869
728.58	42.885
728.76	42.887
728.94	42.860
729.12	42.880
729.31	42.858
729.49	42.877
729.67	42.832
729.85	42.843
730.04	42.864
730.22	42.844
730.40	42.829
730.58	42.858
730.76	42.866
730.95	42.817
731.13	42.835
731.31	42.885
731.49	42.867
731.68	42.880
731.86	42.870
732.04	42.857
732.22	42.883
732.40	42.875
732.59	42.880
732.77	42.901
732.95	42.905
733.13	42.933
733.31	42.952
733.50	42.995
733.68	42.981
733.86	42.993
734.04	43.015
734.22	43.025
734.41	43.023
734.59	43.028
734.77	43.116
734.95	43.120
735.13	43.116
735.32	43.151
735.50	43.165
735.68	43.157
735.86	43.188
736.04	43.201
736.22	43.241
736.41	43.221
736.59	43.251
736.77	43.258
736.95	43.250
737.13	43.289
737.32	43.288
737.50	43.311
737.68	43.301
737.86	43.306
738.04	43.345
738.22	43.320
738.41	43.316
738.59	43.293
738.77	43.315
738.95	43.300
739.13	43.317
739.31	43.309
739.49	43.342
739.68	43.355
739.86	43.337
740.04	43.337
740.22	43.387
740.40	43.377
740.58	43.410
740.76	43.464
740.95	43.448
741.13	43.421
741.31	43.417
741.49	43.436
741.67	43.437
741.85	43.439
742.03	43.478
742.21	43.506
742.40	43.548
742.58	43.550
742.76	43.595
742.94	43.609
743.12	43.587
743.30	43.595
743.48	43.623
743.66	43.625
743.85	43.606
744.03	43.604
744.21	43.606
744.39	43.576
744.57	43.566
744.75	43.561
744.93	43.579
745.11	43.613
745.29	43.627
745.47	43.638
745.66	43.665
745.84	43.706
746.02	43.702
746.20	43.674
746.38	43.687
746.56	43.682
746.74	43.665
746.92	43.718
747.10	43.751
747.28	43.726
747.46	43.750
747.64	43.771
747.83	43.794
748.01	43.786
748.19	43.804
748.37	43.803
748.55	43.825
748.73	43.860
748.91	43.886
749.09	43.893
749.27	43.907
749.45	43.901
749.63	43.915
749.81	43.914
749.99	43.925
750.17	43.928
750.35	43.949
750.53	43.962
750.72	44.001
750.90	43.979
751.08	44.012
751.26	44.000
751.44	44.015
751.62	44.000
751.80	44.029
751.98	44.088
752.16	44.137
752.34	44.135
752.52	44.129
752.70	44.066
752.88	44.031
753.06	44.038
753.24	44.034
753.42	44.019
753.60	44.047
753.78	44.045
753.96	44.034
754.14	44.010
754.32	44.024
754.50	44.034
754.68	44.054
754.86	44.052
755.04	44.061
755.22	44.078
755.40	44.098
755.58	44.127
755.76	44.118
755.94	44.080
756.12	44.141
756.30	44.145
756.48	44.200
756.66	44.251
756.84	44.268
757.02	44.280
757.20	44.278
757.38	44.284
757.56	44.301
757.74	44.334
757.92	44.340
758.10	44.362
758.28	44.331
758.46	44.318
758.64	44.300
758.82	44.316
759.00	44.303
759.18	44.293
759.36	44.261
759.54	44.246
759.72	44.248
759.90	44.200
760.08	44.232
760.26	44.250
760.44	44.248
760.62	44.261
760.80	44.253
760.98	44.270
761.16	44.282
761.33	44.318
761.51	44.327
761.69	44.367
761.87	44.336
762.05	44.355
762.23	44.387
762.41	44.405
762.59	44.419
762.77	44.410
762.95	44.438
763.13	44.451
763.31	44.461
763.49	44.472
763.67	44.490
763.85	44.480
764.03	44.443
764.21	44.433
764.38	44.429
764.56	44.477
764.74	44.472
764.92	44.454
765.10	44.425
765.28	44.440
765.46	44.429
765.64	44.439
765.82	44.414
766.00	44.400
766.18	44.411
766.35	44.396
766.53	44.411
766.71	44.434
766.89	44.452
767.07	44.458
767.25	44.487
767.43	44.476
767.61	44.494
767.79	44.523
767.97	44.564
768.14	44.593
768.32	44.561
768.50	44.578
768.68	44.600
768.86	44.626
769.04	44.618
769.22	44.620
769.40	44.651
769.58	44.678
769.75	44.709
769.93	44.700
770.11	44.758
770.29	44.763
770.47	44.772
770.65	44.787
770.83	44.837
771.00	44.843
771.18	44.874
771.36	44.870
771.54	44.877
771.72	44.867
771.90	44.880
772.08	44.921
772.25	44.898
772.43	44.945
772.61	44.958
772.79	44.975
772.97	44.978
773.15	44.993
773.33	44.984
773.50	44.983
773.68	45.013
773.86	45.028
774.04	45.090
774.22	45.083
774.40	45.093
774.57	45.072
774.75	45.071
774.93	45.085
775.11	45.064
775.29	45.079
775.46	45.095
775.64	45.085
775.82	45.066
776.00	45.099
776.18	45.092
776.36	45.086
776.53	45.088
776.71	45.122
776.89	45.088
777.07	45.138
777.25	45.132
777.42	45.157
777.60	45.091
777.78	45.080
777.96	45.106
778.14	45.094
778.31	45.094
778.49	45.118
778.67	45.115
778.85	45.167
779.03	45.182
779.20	45.215
779.38	45.215
779.56	45.210
779.74	45.191
779.91	45.204
780.09	45.233
780.27	45.258
780.45	45.285
780.63	45.331
780.80	45.325
780.98	45.362
781.16	45.358
781.34	45.394
781.51	45.366
781.69	45.350
781.87	45.359
782.05	45.360
782.22	45.350
782.40	45.350
782.58	45.368
782.76	45.366
782.93	45.364
783.11	45.378
783.29	45.436
783.47	45.467
783.64	45.444
783.82	45.447
784.00	45.428
784.18	45.397
784.35	45.393
784.53	45.393
784.71	45.394
784.89	45.436
785.06	45.489
785.24	45.497
785.42	45.522
785.60	45.562
785.77	45.593
785.95	45.623
786.13	45.663
786.30	45.606
786.48	45.659
786.66	45.668
786.84	45.679
787.01	45.664
787.19	45.651
787.37	45.629
787.54	45.621
787.72	45.597
787.90	45.584
788.07	45.563
788.25	45.623
788.43	45.614
788.61	45.579
788.78	45.579
788.96	45.603
789.14	45.624
789.31	45.626
789.49	45.551
789.67	45.528
789.84	45.460
790.02	45.546
790.20	45.509
790.37	45.472
790.55	45.487
790.73	45.520
790.90	45.594
791.08	45.630
791.26	45.616
791.43	45.640
791.61	45.683
791.79	45.679
791.96	45.620
792.14	45.588
792.32	45.612
792.49	45.600
792.67	45.588
792.85	45.548
793.02	45.544
793.20	45.597
793.38	45.645
793.55	45.728
793.73	45.729
793.91	45.770
794.08	45.761
794.26	45.771
794.44	45.715
794.61	45.689
794.79	45.723
794.97	45.759
795.14	45.766
795.32	45.774
795.49	45.802
795.67	45.827
795.85	45.901
796.02	45.930
796.20	45.968
796.38	45.969
796.55	45.983
796.73	46.032
796.90	46.029
797.08	46.014
797.26	46.021
797.43	46.020
797.61	46.035
797.78	46.068
797.96	46.000
798.14	46.061
798.31	46.061
798.49	46.058
798.66	46.128
798.84	46.154
799.02	46.101
799.19	46.149
799.37	46.114
799.54	46.121
799.72	46.038
799.90	45.965
800.07	45.984
800.25	45.986
800.42	45.960
800.60	45.994
800.78	45.961
800.95	45.977
801.13	45.986
801.30	45.981
801.48	46.025
801.65	46.043
801.83	46.060
802.01	46.149
802.18	46.086
802.36	46.040
802.53	46.089
802.71	46.150
802.88	46.149
803.06	46.181
803.23	46.182
803.41	46.265
803.59	46.286
803.76	46.314
803.94	46.314
804.11	46.366
804.29	46.346
804.46	46.382
804.64	46.379
804.81	46.397
804.99	46.382
805.16	46.333
805.34	46.355
805.52	46.339
805.69	46.292
805.87	46.280
806.04	46.260
806.22	46.248
806.39	46.262
806.57	46.265
806.74	46.285
806.92	46.242
807.09	46.267
807.27	46.214
807.44	46.215
807.62	46.245
807.79	46.164
807.97	46.182
808.14	46.242
808.32	46.188
808.49	46.189
808.67	46.174
808.84	46.170
809.02	46.196
809.19	46.169
809.37	46.093
809.54	46.145
809.72	46.139
809.89	46.139
810.07	46.172
810.24	46.130
810.42	46.198
810.59	46.260
810.77	46.256
810.94	46.306
811.12	46.302
811.29	46.289
811.47	46.356
811.64	46.403
811.82	46.382
811.99	46.483
812.16	46.488
812.34	46.507
812.51	46.553
812.69	46.545
812.86	46.588
813.04	46.627
813.21	46.661
813.39	46.686
813.56	46.676
813.74	46.697
813.91	46.749
814.08	46.733
814.26	46.682
814.43	46.668
814.61	46.717
814.78	46.698
814.96	46.696
815.13	46.674
815.31	46.663
815.48	46.584
815.65	46.530
815.83	46.486
816.00	46.502
816.18	46.498
816.35	46.521
816.53	46.451
816.70	46.486
816.87	46.493
817.05	46.460
817.22	46.495
817.40	46.412
817.57	46.447
817.74	46.405
817.92	46.384
818.09	46.364
818.27	46.364
818.44	46.456
818.62	46.432
818.79	46.429
818.96	46.426
819.14	46.439
819.31	46.443
819.49	46.448
819.66	46.483
819.83	46.523
820.01	46.549
820.18	46.606
820.35	46.575
820.53	46.558
820.70	46.596
820.88	46.569
821.05	46.643
821.22	46.635
821.40	46.641
821.57	46.707
821.74	46.713
821.92	46.783
822.09	46.748
822.27	46.785
822.44	46.852
822.61	46.869
822.79	46.937
822.96	46.958
823.13	46.899
823.31	46.855
823.48	46.814
823.65	46.813
823.83	46.814
824.00	46.801
824.17	46.842
824.35	46.843
824.52	46.889
824.69	46.895
824.87	46.887
825.04	46.897
825.22	46.835
825.39	46.843
825.56	46.851
825.74	46.852
825.91	46.877
826.08	46.813
826.25	46.820
826.43	46.804
826.60	46.829
826.77	46.904
826.95	46.923
827.12	46.899
827.29	46.904
827.47	46.930
827.64	46.961
827.81	46.890
827.99	46.960
828.16	46.949
828.33	47.006
828.51	46.967
828.68	46.942
828.85	47.042
829.02	47.018
829.20	46.972
829.37	47.028
829.54	47.049
829.72	47.123
829.89	47.052
830.06	47.047
830.23	47.004
830.41	47.053
830.58	47.034
830.75	47.078
830.93	47.057
831.10	47.031
831.27	47.076
831.44	47.122
831.62	46.975
831.79	46.887
831.96	46.882
832.13	46.912
832.31	46.948
832.48	46.853
832.65	46.807
832.83	46.780
833.00	46.686
833.17	46.749
833.34	46.691
833.52	46.761
833.69	46.790
833.86	46.834
834.03	46.746
834.21	46.756
834.38	46.769
834.55	46.834
834.72	46.916
834.89	46.884
835.07	46.903
835.24	46.973
835.41	47.099
835.58	47.078
835.76	47.089
835.93	47.032
836.10	47.104
836.27	47.221
836.45	47.190
836.62	47.189
836.79	47.102
836.96	47.079
837.13	47.102
837.31	47.068
837.48	47.080
837.65	47.181
837.82	47.146
837.99	47.140
838.17	47.072
838.34	46.981
838.51	46.951
838.68	46.965
838.85	46.954
839.03	46.910
839.20	46.895
839.37	46.997
839.54	47.102
839.71	47.113
839.89	47.081
840.06	47.155
840.23	47.208
840.40	47.246
840.57	47.230
840.74	47.291
840.92	47.374
841.09	47.368
841.26	47.378
841.43	47.418
841.60	47.507
841.78	47.569
841.95	47.538
842.12	47.624
842.29	47.670
842.46	47.682
842.63	47.639
842.80	47.596
842.98	47.500
843.15	47.469
843.32	47.472
843.49	47.501
843.66	47.493
843.83	47.484
844.00	47.442
844.18	47.511
844.35	47.393
844.52	47.329
844.69	47.243
844.86	47.254
845.03	47.189
845.20	47.120
845.38	47.056
845.55	47.149
845.72	47.108
845.89	47.116
846.06	47.207
846.23	47.284
846.40	47.207
846.57	47.164
846.75	47.202
846.92	47.281
847.09	47.293
847.26	47.255
847.43	47.276
847.60	47.300
847.77	47.318
847.94	47.394
848.11	47.396
848.28	47.400
848.46	47.339
848.63	47.487
848.80	47.529
848.97	47.567
849.14	47.583
849.31	47.652
849.48	47.587
849.65	47.562
849.82	47.484
849.99	47.530
850.16	47.619
850.33	47.550
850.51	47.371
850.68	47.369
850.85	47.382
851.02	47.463
851.19	47.533
851.36	47.489
851.53	47.355
851.70	47.324
851.87	47.365
852.04	47.403
852.21	47.336
852.38	47.301
852.55	47.367
852.72	47.347
852.89	47.305
853.06	47.353
853.24	47.473
853.41	47.615
853.58	47.745
853.75	47.784
853.92	47.831
854.09	47.950
854.26	47.904
854.43	48.027
854.60	47.921
854.77	47.859
854.94	47.911
855.11	48.028
855.28	48.179
855.45	48.217
855.62	48.237
855.79	48.218
855.96	48.190
856.13	48.096
856.30	48.033
856.47	47.866
856.64	47.864
856.81	47.700
856.98	47.634
857.15	47.617
857.32	47.491
857.49	47.537
857.66	47.541
857.83	47.585
858.00	47.500
858.17	47.503
858.34	47.616
858.51	47.572
858.68	47.667
858.85	47.690
859.02	47.661
859.19	47.705
859.36	47.786
859.53	47.777
859.70	47.842
859.87	47.959
860.04	48.119
860.21	48.109
860.38	48.150
860.55	48.174
860.72	48.132
860.89	48.187
861.06	48.161
861.23	48.180
861.40	48.126
861.56	48.271
861.73	48.294
861.90	48.121
862.07	48.081
862.24	47.920
862.41	47.820
862.58	47.748
862.75	47.701
862.92	47.598
863.09	47.660
863.26	47.653
863.43	47.582
863.60	47.622
863.77	47.661
863.94	47.660
864.11	47.627
864.28	47.634
864.44	47.752
864.61	47.756
864.78	47.750
864.95	47.757
865.12	47.580
865.29	47.644
865.46	47.654
865.63	47.787
865.80	47.909
865.97	47.939
866.14	48.031
866.31	48.060
866.47	48.062
866.64	48.061
866.81	48.036
866.98	48.123
867.15	48.065
867.32	48.035
867.49	48.048
867.66	48.102
867.83	48.106
867.99	47.861
868.16	47.812
868.33	47.909
868.50	47.908
868.67	47.934
868.84	47.826
869.01	47.878
869.18	47.843
869.35	47.612
869.51	47.570
869.68	47.638
869.85	47.486
870.02	47.725
870.19	47.726
870.36	47.718
870.53	47.586
870.69	47.604
870.86	47.660
871.03	47.586
871.20	47.611
871.37	47.606
871.54	47.773
871.71	47.842
871.87	47.810
872.04	47.925
872.21	47.873
872.38	47.934
872.55	47.898
872.72	47.755
872.88	47.984
873.05	48.119
873.22	48.172
873.39	48.406
873.56	48.198
873.73	48.256
873.89	48.353
874.06	48.491
874.23	48.610
874.40	48.654
874.57	48.713
874.73	48.724
874.90	48.814
875.07	48.766
875.24	48.671
875.41	48.610
875.57	48.375
875.74	48.528
875.91	48.514
876.08	48.531
876.25	48.728
876.41	48.627
876.58	48.553
876.75	48.327
876.92	48.299
877.09	48.271
877.25	48.222
877.42	48.232
877.59	48.225
877.76	48.125
877.93	48.057
878.09	48.183
878.26	48.106
878.43	48.144
878.60	48.315
878.76	48.390
878.93	48.272
879.10	48.487
879.27	48.385
879.43	48.358
879.60	48.403
879.77	48.257
879.94	48.259
880.10	48.224
880.27	48.283
880.44	48.278
880.61	48.425
880.77	48.448
880.94	48.161
881.11	48.029
881.28	48.091
881.44	47.942
881.61	47.646
881.78	47.486
881.95	47.524
882.11	47.461
882.28	47.505
882.45	47.672
882.62	47.667
882.78	47.689
882.95	47.622
883.12	47.634
883.28	47.896
883.45	47.969
883.62	48.162
883.79	48.259
883.95	48.142
884.12	48.098
884.29	47.966
884.45	48.084
884.62	48.238
884.79	48.188
884.96	48.320
885.12	48.440
885.29	52.819
885.46	48.649
885.62	47.514
885.79	48.987
885.96	45.628
886.12	45.754
886.29	48.951
886.46	48.644
886.62	48.611
886.79	45.830
