178.99	-0.328
179.20	-0.328
179.42	-0.328
179.63	-0.279
179.84	-0.921
180.06	-0.195
180.27	-0.275
180.49	-0.000
180.70	-0.289
180.92	-0.000
181.13	-1.055
181.35	-1.428
181.56	-0.000
181.77	-0.000
181.99	-3.096
182.20	-1.342
182.42	-1.529
182.63	-0.000
182.85	-0.000
183.06	-0.000
183.28	-1.643
183.49	-1.145
183.70	-1.036
183.92	-0.999
184.13	-0.842
184.35	-0.781
184.56	-0.803
184.78	-0.939
184.99	-0.992
185.21	-0.908
185.42	-0.945
185.63	-1.433
185.85	-1.133
186.06	-0.936
186.28	-1.072
186.49	-0.000
186.71	-0.000
186.92	-0.000
187.13	-0.000
187.35	-0.000
187.56	-0.000
187.78	-0.000
187.99	-0.000
188.21	-0.000
188.42	-0.000
188.63	-0.000
188.85	-0.000
189.06	-0.000
189.28	-0.000
189.49	-0.000
189.71	-0.000
189.92	-0.000
190.13	-0.000
190.35	-0.000
190.56	-0.000
190.78	-0.000
190.99	-0.000
191.20	-0.000
191.42	-0.000
191.63	-0.000
191.85	-0.000
192.06	-0.000
192.28	-0.000
192.49	-0.000
192.70	-2.568
192.92	-0.000
193.13	-1.333
193.35	-1.521
193.56	-1.375
193.77	-1.455
193.99	-0.000
194.20	-0.000
194.42	-1.938
194.63	-0.881
194.84	-0.844
195.06	-0.715
195.27	-0.650
195.49	-0.672
195.70	-0.888
195.91	-1.118
196.13	-1.507
196.34	-2.213
196.56	-0.000
196.77	-0.000
196.98	-0.000
197.20	-0.000
197.41	-0.000
197.63	-1.664
197.84	-1.404
198.05	-1.137
198.27	-1.246
198.48	-0.731
198.70	-0.745
198.91	-0.925
199.12	-1.226
199.34	-3.039
199.55	-0.000
199.76	-0.000
199.98	-0.000
200.19	-1.222
200.41	-1.184
200.62	-1.890
200.83	-2.070
201.05	-1.375
201.26	-1.622
201.48	-1.285
201.69	-1.385
201.90	-1.082
202.12	-1.122
202.33	-1.044
202.54	-1.004
202.76	-1.332
202.97	-1.557
203.19	-1.728
203.40	-1.552
203.61	-0.000
203.83	-1.668
204.04	-0.000
204.25	-0.000
204.47	-0.000
204.68	-0.000
204.89	-1.664
205.11	-0.844
205.32	-0.708
205.54	-0.776
205.75	-0.826
205.96	-0.926
206.18	-0.874
206.39	-0.913
206.60	-0.744
206.82	-0.722
207.03	-0.767
207.24	-0.545
207.46	-0.585
207.67	-0.588
207.89	-0.625
208.10	-0.613
208.31	-0.576
208.53	-0.585
208.74	-0.553
208.95	-0.498
209.17	-0.524
209.38	-0.583
209.59	-0.648
209.81	-0.669
210.02	-0.655
210.23	-0.635
210.45	-0.639
210.66	-0.642
210.87	-0.710
211.09	-1.072
211.30	-1.353
211.51	-1.512
211.73	-2.497
211.94	-0.000
212.15	-2.333
212.37	-1.250
212.58	-1.166
212.79	-1.535
213.01	-1.178
213.22	-1.337
213.43	-1.375
213.65	-1.234
213.86	-1.241
214.07	-0.000
214.29	-0.000
214.50	-0.000
214.71	-0.000
214.93	-1.534
215.14	-1.941
215.35	-0.000
215.57	-0.000
215.78	-0.000
215.99	-0.000
216.21	-1.440
216.42	-1.387
216.63	-1.239
216.85	-2.699
217.06	-1.162
217.27	-1.290
217.49	-1.576
217.70	-1.800
217.91	-1.487
218.13	-0.000
218.34	-0.000
218.55	-0.000
218.77	-0.000
218.98	-0.000
219.19	-0.000
219.40	-0.000
219.62	-2.418
219.83	-1.083
220.04	-0.927
220.26	-0.792
220.47	-0.753
220.68	-0.998
220.90	-0.856
221.11	-0.958
221.32	-0.901
221.54	-1.161
221.75	-1.036
221.96	-0.911
222.17	-0.966
222.39	-0.996
222.60	-0.949
222.81	-0.974
223.03	-0.922
223.24	-0.976
223.45	-0.793
223.67	-0.737
223.88	-0.737
224.09	-0.732
224.30	-0.705
224.52	-0.689
224.73	-0.838
224.94	-1.003
225.16	-0.925
225.37	-0.885
225.58	-0.811
225.79	-0.788
226.01	-0.769
226.22	-0.873
226.43	-0.721
226.65	-0.600
226.86	-0.638
227.07	-0.593
227.28	-0.598
227.50	-0.543
227.71	-0.600
227.92	-0.735
228.14	-0.750
228.35	-0.759
228.56	-0.941
228.77	-1.244
228.99	-1.085
229.20	-1.004
229.41	-0.999
229.62	-1.055
229.84	-0.995
230.05	-1.161
230.26	-1.134
230.48	-1.236
230.69	-1.024
230.90	-1.026
231.11	-1.137
231.33	-1.513
231.54	-1.426
231.75	-1.414
231.96	-2.713
232.18	-1.452
232.39	-1.108
232.60	-0.000
232.81	-0.000
233.03	-1.576
233.24	-1.385
233.45	-0.000
233.66	-1.908
233.88	-0.000
234.09	-0.000
234.30	-0.000
234.51	-0.000
234.73	-0.000
234.94	-0.000
235.15	-0.000
235.36	-0.000
235.58	-0.000
235.79	-0.000
236.00	-0.000
236.21	-0.000
236.43	-0.000
236.64	-0.000
236.85	-0.000
237.06	-0.000
237.28	-0.000
237.49	-0.000
237.70	-0.000
237.91	-0.000
238.13	-0.000
238.34	-0.000
238.55	-0.000
238.76	-0.000
238.98	-0.000
239.19	-0.000
239.40	-0.000
239.61	-0.000
239.83	-0.000
240.04	-0.000
240.25	-0.000
240.46	-0.000
240.67	-0.000
240.89	-0.000
241.10	-0.000
241.31	-1.033
241.52	-1.055
241.74	-0.987
241.95	-1.033
242.16	-0.865
242.37	-0.778
242.58	-0.673
242.80	-0.561
243.01	-0.514
243.22	-0.547
243.43	-0.394
243.65	-0.370
243.86	-0.341
244.07	-0.462
244.28	-0.456
244.49	-0.682
244.71	-0.589
244.92	-0.543
245.13	-0.545
245.34	-0.577
245.55	-0.674
245.77	-0.852
245.98	-0.739
246.19	-0.821
246.40	-0.895
246.62	-0.764
246.83	-0.871
247.04	-0.726
247.25	-0.734
247.46	-0.969
247.68	-0.750
247.89	-1.513
248.10	-2.126
248.31	-0.000
248.52	-0.000
248.74	-1.617
248.95	-0.849
249.16	-0.920
249.37	-0.991
249.58	-1.099
249.79	-0.891
250.01	-1.136
250.22	-1.080
250.43	-2.231
250.64	-0.910
250.85	-0.865
251.07	-0.915
251.28	-0.747
251.49	-0.991
251.70	-1.085
251.91	-0.880
252.13	-1.259
252.34	-0.917
252.55	-0.773
252.76	-0.627
252.97	-0.560
253.18	-0.560
253.40	-0.526
253.61	-0.477
253.82	-0.437
254.03	-0.420
254.24	-0.501
254.46	-0.476
254.67	-0.466
254.88	-0.420
255.09	-0.507
255.30	-0.471
255.51	-0.465
255.73	-0.529
255.94	-0.521
256.15	-0.477
256.36	-0.445
256.57	-0.418
256.78	-0.413
257.00	-0.497
257.21	-0.527
257.42	-0.605
257.63	-0.813
257.84	-1.083
258.05	-1.887
258.26	-0.000
258.48	-0.000
258.69	-1.258
258.90	-1.053
259.11	-1.166
259.32	-1.425
259.53	-0.000
259.75	-0.000
259.96	-0.000
260.17	-2.441
260.38	-0.000
260.59	-0.000
260.80	-0.000
261.01	-0.000
261.23	-0.000
261.44	-0.000
261.65	-0.000
261.86	-0.000
262.07	-0.000
262.28	-0.000
262.49	-0.000
262.71	-0.000
262.92	-0.000
263.13	-0.000
263.34	-0.000
263.55	-0.000
263.76	-0.000
263.97	-0.000
264.19	-0.000
264.40	-0.000
264.61	-0.000
264.82	-0.000
265.03	-0.000
265.24	-0.000
265.45	-0.000
265.66	-0.000
265.88	-2.072
266.09	-0.000
266.30	-1.950
266.51	-0.000
266.72	-0.794
266.93	-0.946
267.14	-0.950
267.35	-0.962
267.57	-0.874
267.78	-0.757
267.99	-0.785
268.20	-0.790
268.41	-0.664
268.62	-0.639
268.83	-0.722
269.04	-0.762
269.25	-0.721
269.47	-0.736
269.68	-0.772
269.89	-0.900
270.10	-0.996
270.31	-1.738
270.52	-1.867
270.73	-0.000
270.94	-0.000
271.15	-0.000
271.37	-0.000
271.58	-0.000
271.79	-0.000
272.00	-0.000
272.21	-0.000
272.42	-0.000
272.63	-0.000
272.84	-0.000
273.05	-0.000
273.26	-0.000
273.48	-0.000
273.69	-0.000
273.90	-0.000
274.11	-0.000
274.32	-0.000
274.53	-0.000
274.74	-1.370
274.95	-1.063
275.16	-0.891
275.37	-0.682
275.58	-0.715
275.80	-0.599
276.01	-0.562
276.22	-0.677
276.43	-0.674
276.64	-0.813
276.85	-0.707
277.06	-0.600
277.27	-0.659
277.48	-0.703
277.69	-0.957
277.90	-1.048
278.11	-0.809
278.32	-0.760
278.54	-0.599
278.75	-0.749
278.96	-0.894
279.17	-1.140
279.38	-0.992
279.59	-1.356
279.80	-0.000
280.01	-1.433
280.22	-1.222
280.43	-0.000
280.64	-1.294
280.85	-1.324
281.06	-1.098
281.27	-1.434
281.48	-0.000
281.70	-1.399
281.91	-1.266
282.12	-0.931
282.33	-0.875
282.54	-1.034
282.75	-1.235
282.96	-1.552
283.17	-1.176
283.38	-1.576
283.59	-0.000
283.80	-0.000
284.01	-0.000
284.22	-0.000
284.43	-0.000
284.64	-0.000
284.85	-0.000
285.06	-0.000
285.27	-0.000
285.48	-0.000
285.70	-0.000
285.91	-0.000
286.12	-0.000
286.33	-0.000
286.54	-0.000
286.75	-0.000
286.96	-0.000
287.17	-0.000
287.38	-0.000
287.59	-0.000
287.80	-0.000
288.01	-0.000
288.22	-0.000
288.43	-0.000
288.64	-0.000
288.85	-0.000
289.06	-0.000
289.27	-0.000
289.48	-1.115
289.69	-0.717
289.90	-0.621
290.11	-0.505
290.32	-0.457
290.53	-0.460
290.74	-0.459
290.95	-0.475
291.16	-0.486
291.37	-0.537
291.58	-0.604
291.79	-0.622
292.00	-0.676
292.21	-0.613
292.42	-0.562
292.63	-0.499
292.84	-0.487
293.05	-0.476
293.26	-0.482
293.47	-0.503
293.68	-0.652
293.89	-0.846
294.10	-0.938
294.31	-1.030
294.52	-1.343
294.73	-1.521
294.95	-1.571
295.16	-1.619
295.37	-0.000
295.58	-1.998
295.79	-0.000
295.99	-0.000
296.20	-1.129
296.41	-0.788
296.62	-0.757
296.83	-0.706
297.04	-0.697
297.25	-0.685
297.46	-0.654
297.67	-0.573
297.88	-0.458
298.09	-0.380
298.30	-0.344
298.51	-0.365
298.72	-0.385
298.93	-0.436
299.14	-0.538
299.35	-0.505
299.56	-0.545
299.77	-0.536
299.98	-0.513
300.19	-0.429
300.40	-0.416
300.61	-0.415
300.82	-0.532
301.03	-0.552
301.24	-0.566
301.45	-0.629
301.66	-0.631
301.87	-0.631
302.08	-0.704
302.29	-0.777
302.50	-0.920
302.71	-1.015
302.92	-0.936
303.13	-0.730
303.34	-0.682
303.55	-0.531
303.76	-0.613
303.97	-0.633
304.18	-0.685
304.39	-0.697
304.60	-0.838
304.81	-0.825
305.02	-0.994
305.22	-0.929
305.43	-0.861
305.64	-0.959
305.85	-0.894
306.06	-1.052
306.27	-1.057
306.48	-0.869
306.69	-0.972
306.90	-0.843
307.11	-1.036
307.32	-1.079
307.53	-1.142
307.74	-1.354
307.95	-1.308
308.16	-1.203
308.37	-1.147
308.58	-0.876
308.79	-0.910
309.00	-0.908
309.21	-0.893
309.41	-0.921
309.62	-0.815
309.83	-1.268
310.04	-0.953
310.25	-1.046
310.46	-0.871
310.67	-0.840
310.88	-0.976
311.09	-0.834
311.30	-0.961
311.51	-0.825
311.72	-0.877
311.93	-0.950
312.14	-0.874
312.34	-1.072
312.55	-0.984
312.76	-1.147
312.97	-1.668
313.18	-1.234
313.39	-0.953
313.60	-0.900
313.81	-1.193
314.02	-1.371
314.23	-1.128
314.44	-1.361
314.65	-0.000
314.86	-0.000
315.06	-0.000
315.27	-0.000
315.48	-0.000
315.69	-0.000
315.90	-0.000
316.11	-0.000
316.32	-0.000
316.53	-0.000
316.74	-0.000
316.95	-0.000
317.16	-0.000
317.36	-0.000
317.57	-0.000
317.78	-0.000
317.99	-0.000
318.20	-1.407
318.41	-1.281
318.62	-1.641
318.83	-0.000
319.04	-1.068
319.24	-1.028
319.45	-1.060
319.66	-0.975
319.87	-1.158
320.08	-0.834
320.29	-1.021
320.50	-0.906
320.71	-0.837
320.92	-0.807
321.12	-0.848
321.33	-0.925
321.54	-1.019
321.75	-0.828
321.96	-0.892
322.17	-1.279
322.38	-1.191
322.59	-1.171
322.80	-2.147
323.00	-1.232
323.21	-1.189
323.42	-0.000
323.63	-0.000
323.84	-0.000
324.05	-0.000
324.26	-0.000
324.47	-0.000
324.67	-1.454
324.88	-0.000
325.09	-0.000
325.30	-0.000
325.51	-0.000
325.72	-0.000
325.93	-0.000
326.13	-0.000
326.34	-0.000
326.55	-0.000
326.76	-0.000
326.97	-0.000
327.18	-0.000
327.39	-0.000
327.59	-0.000
327.80	-0.000
328.01	-0.000
328.22	-0.000
328.43	-0.000
328.64	-0.000
328.85	-0.000
329.05	-0.000
329.26	-0.000
329.47	-2.247
329.68	-1.105
329.89	-0.817
330.10	-0.761
330.30	-0.735
330.51	-0.716
330.72	-0.720
330.93	-0.909
331.14	-0.987
331.35	-0.819
331.56	-0.606
331.76	-0.703
331.97	-0.596
332.18	-0.533
332.39	-0.566
332.60	-0.517
332.81	-0.492
333.01	-0.412
333.22	-0.424
333.43	-0.353
333.64	-0.369
333.85	-0.392
334.05	-0.409
334.26	-0.379
334.47	-0.453
334.68	-0.463
334.89	-0.454
335.10	-0.352
335.30	-0.269
335.51	-0.259
335.72	-0.307
335.93	-0.333
336.14	-0.289
336.35	-0.313
336.55	-0.309
336.76	-0.296
336.97	-0.347
337.18	-0.313
337.39	-0.375
337.59	-0.363
337.80	-0.473
338.01	-0.363
338.22	-0.379
338.43	-0.478
338.63	-0.535
338.84	-0.521
339.05	-0.450
339.26	-0.389
339.47	-0.495
339.67	-0.452
339.88	-0.406
340.09	-0.268
340.30	-0.264
340.51	-0.272
340.71	-0.259
340.92	-0.224
341.13	-0.186
341.34	-0.154
341.55	-0.153
341.75	-0.118
341.96	-0.074
342.17	-0.087
342.38	-0.063
342.58	-0.048
342.79	0.046
343.00	0.089
343.21	0.085
343.42	0.033
343.62	0.027
343.83	0.007
344.04	-0.006
344.25	-0.014
344.46	-0.068
344.66	-0.125
344.87	-0.085
345.08	-0.118
345.29	-0.155
345.49	-0.169
345.70	-0.171
345.91	-0.156
346.12	-0.201
346.32	-0.235
346.53	-0.187
346.74	-0.231
346.95	-0.229
347.16	-0.242
347.36	-0.238
347.57	-0.173
347.78	-0.159
347.99	-0.153
348.19	-0.178
348.40	-0.146
348.61	-0.167
348.82	-0.154
349.02	-0.088
349.23	-0.149
349.44	-0.122
349.65	-0.102
349.85	-0.087
350.06	-0.045
350.27	-0.081
350.48	-0.067
350.68	-0.067
350.89	-0.085
351.10	-0.103
351.31	-0.072
351.51	-0.091
351.72	-0.079
351.93	-0.090
352.14	-0.102
352.34	-0.132
352.55	-0.132
352.76	-0.162
352.96	-0.169
353.17	-0.170
353.38	-0.203
353.59	-0.158
353.79	-0.139
354.00	-0.117
354.21	-0.106
354.42	-0.130
354.62	-0.120
354.83	-0.098
355.04	-0.076
355.24	-0.057
355.45	-0.028
355.66	-0.028
355.87	-0.014
356.07	-0.011
356.28	-0.006
356.49	0.024
356.70	0.054
356.90	0.065
357.11	0.060
357.32	0.107
357.52	0.084
357.73	0.106
357.94	0.108
358.15	0.081
358.35	0.112
358.56	0.108
358.77	0.130
358.97	0.175
359.18	0.184
359.39	0.181
359.59	0.148
359.80	0.191
360.01	0.206
360.22	0.235
360.42	0.200
360.63	0.214
360.84	0.208
361.04	0.203
361.25	0.250
361.46	0.300
361.66	0.297
361.87	0.334
362.08	0.357
362.29	0.339
362.49	0.372
362.70	0.346
362.91	0.349
363.11	0.362
363.32	0.367
363.53	0.393
363.73	0.385
363.94	0.409
364.15	0.387
364.35	0.394
364.56	0.359
364.77	0.394
364.97	0.376
365.18	0.389
365.39	0.404
365.59	0.410
365.80	0.419
366.01	0.434
366.21	0.427
366.42	0.414
366.63	0.448
366.83	0.424
367.04	0.425
367.25	0.442
367.45	0.430
367.66	0.451
367.87	0.431
368.07	0.431
368.28	0.412
368.49	0.406
368.69	0.409
368.90	0.443
369.11	0.458
369.31	0.475
369.52	0.479
369.73	0.493
369.93	0.504
370.14	0.509
370.35	0.482
370.55	0.498
370.76	0.495
370.97	0.499
371.17	0.527
371.38	0.546
371.58	0.556
371.79	0.556
372.00	0.541
372.20	0.580
372.41	0.633
372.62	0.689
372.82	0.685
373.03	0.690
373.24	0.695
373.44	0.686
373.65	0.702
373.85	0.696
374.06	0.698
374.27	0.655
374.47	0.677
374.68	0.699
374.89	0.720
375.09	0.754
375.30	0.713
375.51	0.714
375.71	0.684
375.92	0.697
376.12	0.675
376.33	0.685
376.54	0.693
376.74	0.663
376.95	0.680
377.15	0.692
377.36	0.668
377.57	0.646
377.77	0.641
377.98	0.595
378.19	0.622
378.39	0.614
378.60	0.643
378.80	0.617
379.01	0.632
379.22	0.608
379.42	0.593
379.63	0.594
379.83	0.622
380.04	0.622
380.25	0.608
380.45	0.643
380.66	0.644
380.86	0.623
381.07	0.600
381.28	0.571
381.48	0.554
381.69	0.590
381.89	0.608
382.10	0.611
382.31	0.656
382.51	0.632
382.72	0.634
382.92	0.655
383.13	0.647
383.33	0.627
383.54	0.630
383.75	0.633
383.95	0.669
384.16	0.679
384.36	0.702
384.57	0.687
384.78	0.669
384.98	0.660
385.19	0.665
385.39	0.695
385.60	0.728
385.80	0.754
386.01	0.723
386.22	0.721
386.42	0.757
386.63	0.745
386.83	0.766
387.04	0.782
387.24	0.770
387.45	0.777
387.65	0.780
387.86	0.783
388.07	0.806
388.27	0.801
388.48	0.780
388.68	0.771
388.89	0.802
389.09	0.791
389.30	0.812
389.50	0.829
389.71	0.836
389.92	0.813
390.12	0.870
390.33	0.893
390.53	0.912
390.74	0.894
390.94	0.936
391.15	0.948
391.35	0.864
391.56	0.908
391.77	0.942
391.97	0.936
392.18	0.954
392.38	0.946
392.59	0.932
392.79	0.892
393.00	0.878
393.20	0.881
393.41	0.882
393.61	0.848
393.82	0.829
394.02	0.831
394.23	0.820
394.43	0.789
394.64	0.766
394.84	0.772
395.05	0.801
395.26	0.777
395.46	0.763
395.67	0.854
395.87	0.822
396.08	0.831
396.28	0.846
396.49	0.850
396.69	0.875
396.90	0.857
397.10	0.861
397.31	0.874
397.51	0.891
397.72	0.911
397.92	0.888
398.13	0.908
398.33	0.933
398.54	0.934
398.74	0.951
398.95	0.953
399.15	0.934
399.36	0.920
399.56	0.939
399.77	1.018
399.97	1.032
400.18	1.022
400.38	1.005
400.59	1.020
400.79	1.012
401.00	1.013
401.20	1.107
401.41	1.209
401.61	1.198
401.82	1.161
402.02	1.193
402.23	1.256
402.43	1.303
402.64	1.233
402.84	1.323
403.05	1.302
403.25	1.346
403.46	1.319
403.66	1.216
403.87	1.124
404.07	1.075
404.27	0.983
404.48	1.019
404.68	1.029
404.89	1.050
405.09	1.019
405.30	0.984
405.50	0.920
405.71	0.902
405.91	0.898
406.12	0.916
406.32	0.915
406.53	0.921
406.73	0.921
406.94	0.904
407.14	0.869
407.34	0.870
407.55	0.842
407.75	0.863
407.96	0.884
408.16	0.915
408.37	0.921
408.57	0.963
408.78	0.955
408.98	0.970
409.19	0.951
409.39	0.966
409.59	0.984
409.80	1.046
410.00	1.055
410.21	1.060
410.41	1.046
410.62	1.050
410.82	1.054
411.03	1.023
411.23	1.036
411.43	1.024
411.64	1.021
411.84	1.064
412.05	1.038
412.25	1.027
412.46	1.033
412.66	1.019
412.86	1.000
413.07	0.968
413.27	0.929
413.48	0.954
413.68	0.950
413.89	0.935
414.09	0.921
414.29	0.902
414.50	0.901
414.70	0.894
414.91	0.909
415.11	0.939
415.32	0.963
415.52	0.988
415.72	1.039
415.93	1.050
416.13	1.079
416.34	1.076
416.54	1.111
416.74	1.121
416.95	1.128
417.15	1.121
417.36	1.130
417.56	1.153
417.76	1.132
417.97	1.193
418.17	1.284
418.38	1.311
418.58	1.314
418.78	1.295
418.99	1.360
419.19	1.300
419.40	1.240
419.60	1.212
419.80	1.208
420.01	1.165
420.21	1.183
420.42	1.107
420.62	1.092
420.82	1.064
421.03	1.057
421.23	1.038
421.44	1.057
421.64	1.093
421.84	1.147
422.05	1.174
422.25	1.207
422.45	1.145
422.66	1.110
422.86	1.145
423.07	1.192
423.27	1.169
423.47	1.209
423.68	1.217
423.88	1.205
424.08	1.171
424.29	1.200
424.49	1.230
424.70	1.322
424.90	1.347
425.10	1.356
425.31	1.343
425.51	1.348
425.71	1.339
425.92	1.300
426.12	1.247
426.32	1.221
426.53	1.143
426.73	1.162
426.93	1.155
427.14	1.130
427.34	1.121
427.55	1.122
427.75	1.101
427.95	1.097
428.16	1.118
428.36	1.130
428.56	1.106
428.77	1.048
428.97	1.022
429.17	1.017
429.38	1.024
429.58	1.021
429.78	1.023
429.99	1.011
430.19	1.033
430.39	1.022
430.60	1.039
430.80	1.058
431.00	1.077
431.21	1.088
431.41	1.085
431.61	1.071
431.82	1.090
432.02	1.081
432.22	1.085
432.43	1.091
432.63	1.091
432.83	1.099
433.04	1.126
433.24	1.134
433.44	1.132
433.65	1.112
433.85	1.142
434.05	1.135
434.25	1.139
434.46	1.143
434.66	1.148
434.86	1.141
435.07	1.135
435.27	1.116
435.47	1.116
435.68	1.135
435.88	1.131
436.08	1.131
436.29	1.127
436.49	1.129
436.69	1.068
436.89	1.065
437.10	1.073
437.30	1.080
437.50	1.083
437.71	1.103
437.91	1.117
438.11	1.112
438.32	1.129
438.52	1.123
438.72	1.110
438.92	1.122
439.13	1.097
439.33	1.110
439.53	1.093
439.74	1.103
439.94	1.074
440.14	1.048
440.34	1.021
440.55	1.032
440.75	1.016
440.95	1.033
441.15	1.028
441.36	1.029
441.56	1.016
441.76	1.009
441.97	1.020
442.17	1.015
442.37	1.001
442.57	0.986
442.78	0.988
442.98	0.987
443.18	0.985
443.38	0.990
443.59	0.995
443.79	1.010
443.99	1.005
444.19	1.021
444.40	1.057
444.60	1.070
444.80	1.071
445.00	1.090
445.21	1.111
445.41	1.123
445.61	1.126
445.81	1.131
446.02	1.128
446.22	1.078
446.42	1.089
446.62	1.123
446.83	1.162
447.03	1.144
447.23	1.150
447.43	1.142
447.64	1.142
447.84	1.139
448.04	1.134
448.24	1.138
448.45	1.141
448.65	1.158
448.85	1.155
449.05	1.129
449.26	1.113
449.46	1.103
449.66	1.115
449.86	1.109
450.06	1.119
450.27	1.138
450.47	1.188
450.67	1.153
450.87	1.110
451.08	1.085
451.28	1.125
451.48	1.101
451.68	1.105
451.88	1.120
452.09	1.091
452.29	1.077
452.49	1.081
452.69	1.073
452.89	1.040
453.10	1.025
453.30	1.033
453.50	1.030
453.70	1.025
453.90	1.009
454.11	1.021
454.31	1.011
454.51	0.997
454.71	0.993
454.91	1.014
455.12	1.021
455.32	1.022
455.52	1.015
455.72	1.017
455.92	1.029
456.13	1.012
456.33	1.021
456.53	1.035
456.73	1.013
456.93	1.028
457.14	1.026
457.34	1.046
457.54	1.060
457.74	1.070
457.94	1.064
458.14	1.055
458.35	1.045
458.55	1.047
458.75	1.072
458.95	1.085
459.15	1.075
459.36	1.077
459.56	1.088
459.76	1.101
459.96	1.116
460.16	1.101
460.36	1.114
460.57	1.119
460.77	1.121
460.97	1.150
461.17	1.113
461.37	1.119
461.57	1.148
461.77	1.137
461.98	1.155
462.18	1.183
462.38	1.203
462.58	1.196
462.78	1.190
462.98	1.170
463.19	1.148
463.39	1.161
463.59	1.183
463.79	1.163
463.99	1.144
464.19	1.147
464.39	1.157
464.60	1.146
464.80	1.146
465.00	1.153
465.20	1.140
465.40	1.164
465.60	1.175
465.80	1.145
466.01	1.133
466.21	1.135
466.41	1.126
466.61	1.124
466.81	1.118
467.01	1.121
467.21	1.110
467.41	1.117
467.62	1.118
467.82	1.108
468.02	1.127
468.22	1.117
468.42	1.112
468.62	1.100
468.82	1.114
469.02	1.128
469.22	1.137
469.43	1.148
469.63	1.141
469.83	1.137
470.03	1.129
470.23	1.146
470.43	1.146
470.63	1.149
470.83	1.146
471.03	1.162
471.24	1.169
471.44	1.189
471.64	1.192
471.84	1.199
472.04	1.208
472.24	1.188
472.44	1.217
472.64	1.223
472.84	1.259
473.04	1.267
473.25	1.261
473.45	1.233
473.65	1.233
473.85	1.257
474.05	1.282
474.25	1.285
474.45	1.287
474.65	1.272
474.85	1.263
475.05	1.291
475.25	1.305
475.45	1.327
475.66	1.306
475.86	1.327
476.06	1.309
476.26	1.317
476.46	1.341
476.66	1.333
476.86	1.327
477.06	1.299
477.26	1.299
477.46	1.303
477.66	1.298
477.86	1.301
478.06	1.286
478.26	1.291
478.46	1.292
478.67	1.278
478.87	1.290
479.07	1.316
479.27	1.284
479.47	1.274
479.67	1.260
479.87	1.269
480.07	1.249
480.27	1.254
480.47	1.240
480.67	1.230
480.87	1.240
481.07	1.248
481.27	1.264
481.47	1.266
481.67	1.253
481.87	1.273
482.07	1.249
482.27	1.256
482.47	1.241
482.67	1.261
482.87	1.284
483.07	1.277
483.28	1.260
483.48	1.279
483.68	1.274
483.88	1.272
484.08	1.290
484.28	1.320
484.48	1.329
484.68	1.340
484.88	1.348
485.08	1.334
485.28	1.330
485.48	1.339
485.68	1.341
485.88	1.356
486.08	1.352
486.28	1.365
486.48	1.346
486.68	1.350
486.88	1.347
487.08	1.340
487.28	1.340
487.48	1.354
487.68	1.343
487.88	1.348
488.08	1.358
488.28	1.366
488.48	1.360
488.68	1.354
488.88	1.379
489.08	1.362
489.28	1.365
489.48	1.347
489.68	1.341
489.88	1.336
490.08	1.339
490.28	1.348
490.48	1.358
490.68	1.389
490.88	1.406
491.08	1.402
491.28	1.410
491.48	1.430
491.68	1.473
491.88	1.496
492.08	1.492
492.28	1.490
492.48	1.454
492.68	1.436
492.88	1.446
493.08	1.432
493.28	1.475
493.48	1.498
493.67	1.565
493.87	1.576
494.07	1.547
494.27	1.546
494.47	1.544
494.67	1.566
494.87	1.558
495.07	1.540
495.27	1.529
495.47	1.517
495.67	1.506
495.87	1.485
496.07	1.462
496.27	1.463
496.47	1.459
496.67	1.484
496.87	1.481
497.07	1.477
497.27	1.466
497.47	1.431
497.67	1.414
497.87	1.371
498.06	1.354
498.26	1.376
498.46	1.374
498.66	1.375
498.86	1.355
499.06	1.369
499.26	1.362
499.46	1.366
499.66	1.383
499.86	1.377
500.06	1.344
500.26	1.361
500.46	1.363
500.66	1.355
500.86	1.357
501.05	1.377
501.25	1.391
501.45	1.396
501.65	1.405
501.85	1.419
502.05	1.434
502.25	1.456
502.45	1.454
502.65	1.452
502.85	1.428
503.05	1.441
503.24	1.425
503.44	1.424
503.64	1.419
503.84	1.409
504.04	1.420
504.24	1.429
504.44	1.416
504.64	1.430
504.84	1.457
505.04	1.465
505.24	1.438
505.43	1.424
505.63	1.422
505.83	1.427
506.03	1.419
506.23	1.415
506.43	1.399
506.63	1.412
506.83	1.403
507.03	1.421
507.22	1.424
507.42	1.436
507.62	1.448
507.82	1.459
508.02	1.453
508.22	1.427
508.42	1.448
508.62	1.466
508.81	1.477
509.01	1.465
509.21	1.451
509.41	1.468
509.61	1.472
509.81	1.453
510.01	1.458
510.21	1.446
510.40	1.473
510.60	1.470
510.80	1.438
511.00	1.448
511.20	1.445
511.40	1.449
511.60	1.451
511.79	1.446
511.99	1.452
512.19	1.460
512.39	1.493
512.59	1.490
512.79	1.485
512.99	1.475
513.18	1.464
513.38	1.451
513.58	1.446
513.78	1.428
513.98	1.433
514.18	1.417
514.37	1.432
514.57	1.410
514.77	1.418
514.97	1.435
515.17	1.447
515.37	1.469
515.56	1.454
515.76	1.450
515.96	1.450
516.16	1.453
516.36	1.435
516.56	1.416
516.75	1.410
516.95	1.404
517.15	1.410
517.35	1.415
517.55	1.441
517.75	1.456
517.94	1.489
518.14	1.514
518.34	1.521
518.54	1.515
518.74	1.511
518.93	1.521
519.13	1.514
519.33	1.497
519.53	1.486
519.73	1.509
519.92	1.523
520.12	1.529
520.32	1.526
520.52	1.538
520.72	1.560
520.91	1.555
521.11	1.552
521.31	1.535
521.51	1.530
521.71	1.511
521.90	1.478
522.10	1.468
522.30	1.457
522.50	1.432
522.70	1.430
522.89	1.454
523.09	1.454
523.29	1.460
523.49	1.481
523.69	1.459
523.88	1.463
524.08	1.453
524.28	1.450
524.48	1.450
524.67	1.449
524.87	1.441
525.07	1.446
525.27	1.439
525.46	1.440
525.66	1.449
525.86	1.454
526.06	1.476
526.26	1.476
526.45	1.471
526.65	1.524
526.85	1.527
527.05	1.514
527.24	1.498
527.44	1.487
527.64	1.478
527.84	1.495
528.03	1.475
528.23	1.473
528.43	1.477
528.63	1.456
528.82	1.464
529.02	1.468
529.22	1.482
529.42	1.507
529.61	1.513
529.81	1.516
530.01	1.505
530.21	1.500
530.40	1.491
530.60	1.487
530.80	1.471
531.00	1.470
531.19	1.468
531.39	1.475
531.59	1.464
531.78	1.459
531.98	1.460
532.18	1.467
532.38	1.444
532.57	1.434
532.77	1.440
532.97	1.446
533.16	1.458
533.36	1.439
533.56	1.421
533.76	1.418
533.95	1.414
534.15	1.427
534.35	1.445
534.55	1.456
534.74	1.461
534.94	1.443
535.14	1.449
535.33	1.458
535.53	1.448
535.73	1.477
535.92	1.463
536.12	1.452
536.32	1.455
536.52	1.477
536.71	1.471
536.91	1.471
537.11	1.457
537.30	1.442
537.50	1.447
537.70	1.461
537.89	1.452
538.09	1.465
538.29	1.482
538.48	1.460
538.68	1.419
538.88	1.407
539.08	1.419
539.27	1.407
539.47	1.377
539.67	1.376
539.86	1.374
540.06	1.381
540.26	1.379
540.45	1.379
540.65	1.360
540.85	1.347
541.04	1.365
541.24	1.355
541.44	1.361
541.63	1.358
541.83	1.353
542.03	1.356
542.22	1.347
542.42	1.331
542.62	1.305
542.81	1.329
543.01	1.331
543.21	1.331
543.40	1.327
543.60	1.322
543.79	1.333
543.99	1.324
544.19	1.318
544.38	1.323
544.58	1.302
544.78	1.317
544.97	1.320
545.17	1.302
545.37	1.306
545.56	1.304
545.76	1.306
545.96	1.307
546.15	1.323
546.35	1.321
546.54	1.310
546.74	1.319
546.94	1.304
547.13	1.305
547.33	1.299
547.53	1.307
547.72	1.331
547.92	1.314
548.11	1.320
548.31	1.316
548.51	1.316
548.70	1.336
548.90	1.322
549.10	1.334
549.29	1.331
549.49	1.323
549.68	1.317
549.88	1.322
550.08	1.303
550.27	1.292
550.47	1.296
550.66	1.295
550.86	1.299
551.06	1.309
551.25	1.299
551.45	1.305
551.64	1.304
551.84	1.305
552.04	1.325
552.23	1.324
552.43	1.320
552.62	1.296
552.82	1.291
553.02	1.292
553.21	1.294
553.41	1.290
553.60	1.282
553.80	1.283
554.00	1.262
554.19	1.281
554.39	1.278
554.58	1.270
554.78	1.272
554.97	1.275
555.17	1.274
555.37	1.281
555.56	1.278
555.76	1.263
555.95	1.260
556.15	1.254
556.34	1.232
556.54	1.236
556.74	1.260
556.93	1.254
557.13	1.269
557.32	1.258
557.52	1.263
557.71	1.269
557.91	1.263
558.10	1.278
558.30	1.274
558.50	1.277
558.69	1.281
558.89	1.283
559.08	1.281
559.28	1.275
559.47	1.269
559.67	1.261
559.86	1.269
560.06	1.267
560.25	1.263
560.45	1.277
560.65	1.285
560.84	1.282
561.04	1.286
561.23	1.268
561.43	1.266
561.62	1.262
561.82	1.262
562.01	1.271
562.21	1.260
562.40	1.263
562.60	1.248
562.79	1.230
562.99	1.226
563.18	1.226
563.38	1.225
563.57	1.234
563.77	1.236
563.96	1.230
564.16	1.224
564.36	1.213
564.55	1.208
564.75	1.197
564.94	1.184
565.14	1.182
565.33	1.175
565.53	1.177
565.72	1.181
565.92	1.185
566.11	1.183
566.31	1.181
566.50	1.177
566.70	1.177
566.89	1.183
567.09	1.178
567.28	1.177
567.48	1.183
567.67	1.177
567.87	1.182
568.06	1.187
568.26	1.190
568.45	1.194
568.64	1.198
568.84	1.193
569.03	1.191
569.23	1.188
569.42	1.194
569.62	1.191
569.81	1.191
570.01	1.185
570.20	1.168
570.40	1.161
570.59	1.161
570.79	1.160
570.98	1.157
571.18	1.158
571.37	1.158
571.57	1.148
571.76	1.148
571.95	1.141
572.15	1.138
572.34	1.134
572.54	1.132
572.73	1.122
572.93	1.121
573.12	1.130
573.32	1.118
573.51	1.119
573.71	1.120
573.90	1.113
574.09	1.108
574.29	1.111
574.48	1.112
574.68	1.108
574.87	1.109
575.07	1.106
575.26	1.105
575.46	1.105
575.65	1.105
575.84	1.102
576.04	1.105
576.23	1.108
576.43	1.106
576.62	1.108
576.82	1.120
577.01	1.121
577.20	1.120
577.40	1.124
577.59	1.127
577.79	1.123
577.98	1.129
578.18	1.136
578.37	1.136
578.56	1.140
578.76	1.133
578.95	1.129
579.15	1.131
579.34	1.129
579.53	1.123
579.73	1.120
579.92	1.116
580.12	1.107
580.31	1.098
580.50	1.103
580.70	1.094
580.89	1.094
581.09	1.091
581.28	1.083
581.47	1.082
581.67	1.077
581.86	1.069
582.06	1.062
582.25	1.062
582.44	1.055
582.64	1.052
582.83	1.061
583.03	1.059
583.22	1.057
583.41	1.063
583.61	1.059
583.80	1.059
583.99	1.057
584.19	1.059
584.38	1.061
584.58	1.058
584.77	1.059
584.96	1.048
585.16	1.052
585.35	1.054
585.54	1.060
585.74	1.059
585.93	1.069
586.13	1.072
586.32	1.065
586.51	1.067
586.71	1.064
586.90	1.057
587.09	1.059
587.29	1.054
587.48	1.053
587.67	1.059
587.87	1.061
588.06	1.061
588.25	1.059
588.45	1.060
588.64	1.056
588.83	1.049
589.03	1.054
589.22	1.046
589.41	1.044
589.61	1.037
589.80	1.032
589.99	1.021
590.19	1.022
590.38	1.024
590.57	1.025
590.77	1.023
590.96	1.018
591.15	1.011
591.35	1.011
591.54	1.003
591.73	1.001
591.93	0.999
592.12	0.996
592.31	1.002
592.51	1.001
592.70	0.998
592.89	1.007
593.09	1.009
593.28	1.011
593.47	1.009
593.67	1.015
593.86	1.016
594.05	1.020
594.25	1.021
594.44	1.022
594.63	1.023
594.82	1.028
595.02	1.030
595.21	1.035
595.40	1.035
595.60	1.040
595.79	1.035
595.98	1.034
596.17	1.038
596.37	1.033
596.56	1.028
596.75	1.035
596.95	1.029
597.14	1.022
597.33	1.017
597.52	1.016
597.72	1.017
597.91	1.018
598.10	1.020
598.30	1.016
598.49	1.017
598.68	1.015
598.87	1.016
599.07	1.018
599.26	1.015
599.45	1.014
599.65	1.010
599.84	1.012
600.03	1.008
600.22	1.007
600.42	1.005
600.61	1.010
600.80	1.006
600.99	1.007
601.19	1.004
601.38	1.010
601.57	1.014
601.76	1.004
601.96	1.004
602.15	0.994
602.34	0.996
602.53	0.995
602.73	0.996
602.92	0.991
603.11	0.990
603.30	0.992
603.50	0.995
603.69	0.994
603.88	0.992
604.07	0.999
604.26	0.998
604.46	1.001
604.65	1.000
604.84	0.999
605.03	0.998
605.23	1.006
605.42	1.004
605.61	1.008
605.80	1.015
606.00	1.019
606.19	1.026
606.38	1.025
606.57	1.023
606.76	1.021
606.96	1.025
607.15	1.024
607.34	1.025
607.53	1.025
607.72	1.028
607.92	1.026
608.11	1.020
608.30	1.015
608.49	1.009
608.68	1.008
608.88	1.010
609.07	1.012
609.26	1.007
609.45	1.007
609.64	1.004
609.84	0.999
610.03	0.997
610.22	0.998
610.41	0.994
610.60	0.989
610.80	0.991
610.99	0.990
611.18	0.991
611.37	0.987
611.56	0.991
611.76	0.995
611.95	0.994
612.14	0.996
612.33	1.005
612.52	1.010
612.71	1.006
612.91	1.000
613.10	1.001
613.29	1.004
613.48	1.004
613.67	1.004
613.86	1.000
614.06	1.001
614.25	0.998
614.44	0.997
614.63	1.002
614.82	1.001
615.01	1.001
615.20	0.994
615.40	0.997
615.59	0.987
615.78	0.981
615.97	0.987
616.16	0.991
616.35	0.988
616.55	0.987
616.74	0.991
616.93	0.990
617.12	0.986
617.31	0.978
617.50	0.978
617.69	0.980
617.88	0.986
618.08	0.978
618.27	0.982
618.46	0.980
618.65	0.981
618.84	0.982
619.03	0.975
619.22	0.979
619.42	0.976
619.61	0.977
619.80	0.979
619.99	0.977
620.18	0.970
620.37	0.964
620.56	0.963
620.75	0.959
620.94	0.959
621.14	0.965
621.33	0.971
621.52	0.968
621.71	0.962
621.90	0.960
622.09	0.964
622.28	0.967
622.47	0.975
622.66	0.970
622.85	0.973
623.05	0.975
623.24	0.979
623.43	0.980
623.62	0.982
623.81	0.979
624.00	0.971
624.19	0.973
624.38	0.979
624.57	0.978
624.76	0.979
624.95	0.984
625.15	0.976
625.34	0.974
625.53	0.975
625.72	0.976
625.91	0.977
626.10	0.980
626.29	0.976
626.48	0.976
626.67	0.975
626.86	0.970
627.05	0.976
627.24	0.968
627.43	0.969
627.62	0.968
627.82	0.972
628.01	0.978
628.20	0.980
628.39	0.981
628.58	0.981
628.77	0.980
628.96	0.979
629.15	0.979
629.34	0.980
629.53	0.979
629.72	0.976
629.91	0.972
630.10	0.966
630.29	0.967
630.48	0.960
630.67	0.969
630.86	0.963
631.05	0.959
631.24	0.963
631.43	0.964
631.62	0.967
631.81	0.967
632.00	0.968
632.20	0.963
632.39	0.960
632.58	0.963
632.77	0.967
632.96	0.964
633.15	0.964
633.34	0.964
633.53	0.960
633.72	0.957
633.91	0.957
634.10	0.963
634.29	0.965
634.48	0.969
634.67	0.958
634.86	0.963
635.05	0.964
635.24	0.962
635.43	0.959
635.62	0.957
635.81	0.954
636.00	0.952
636.19	0.953
636.38	0.953
636.57	0.951
636.76	0.948
636.95	0.949
637.14	0.953
637.33	0.956
637.52	0.960
637.71	0.960
637.90	0.963
638.09	0.964
638.28	0.964
638.47	0.965
638.66	0.971
638.85	0.973
639.04	0.971
639.23	0.972
639.41	0.976
639.60	0.978
639.79	0.977
639.98	0.979
640.17	0.981
640.36	0.988
640.55	0.984
640.74	0.984
640.93	0.986
641.12	0.982
641.31	0.984
641.50	0.982
641.69	0.991
641.88	0.991
642.07	0.986
642.26	0.989
642.45	0.986
642.64	0.979
642.83	0.979
643.02	0.980
643.21	0.977
643.40	0.974
643.59	0.969
643.77	0.976
643.96	0.970
644.15	0.970
644.34	0.961
644.53	0.965
644.72	0.967
644.91	0.967
645.10	0.968
645.29	0.966
645.48	0.975
645.67	0.970
645.86	0.968
646.05	0.967
646.24	0.965
646.42	0.967
646.61	0.971
646.80	0.973
646.99	0.973
647.18	0.971
647.37	0.974
647.56	0.979
647.75	0.981
647.94	0.986
648.13	0.990
648.32	0.995
648.50	0.995
648.69	0.994
648.88	0.993
649.07	0.991
649.26	0.986
649.45	0.983
649.64	0.983
649.83	0.989
650.02	0.994
650.21	0.986
650.39	0.986
650.58	0.983
650.77	0.983
650.96	0.986
651.15	0.998
651.34	1.004
651.53	1.005
651.72	0.996
651.90	0.997
652.09	0.990
652.28	0.992
652.47	0.988
652.66	0.988
652.85	0.990
653.04	0.986
653.23	0.992
653.41	0.988
653.60	0.987
653.79	0.980
653.98	0.982
654.17	0.986
654.36	0.983
654.55	0.983
654.73	0.985
654.92	0.975
655.11	0.972
655.30	0.967
655.49	0.965
655.68	0.968
655.87	0.961
656.05	0.965
656.24	0.964
656.43	0.971
656.62	0.974
656.81	0.971
657.00	0.973
657.18	0.970
657.37	0.967
657.56	0.966
657.75	0.965
657.94	0.959
658.13	0.955
658.31	0.960
658.50	0.962
658.69	0.959
658.88	0.964
659.07	0.961
659.26	0.963
659.44	0.963
659.63	0.967
659.82	0.971
660.01	0.969
660.20	0.968
660.38	0.963
660.57	0.963
660.76	0.969
660.95	0.967
661.14	0.966
661.32	0.974
661.51	0.980
661.70	0.987
661.89	0.992
662.08	1.000
662.26	0.997
662.45	0.993
662.64	0.993
662.83	0.991
663.02	0.987
663.20	0.988
663.39	0.989
663.58	0.984
663.77	0.988
663.96	0.986
664.14	0.983
664.33	0.981
664.52	0.980
664.71	0.975
664.89	0.977
665.08	0.985
665.27	0.977
665.46	0.974
665.64	0.973
665.83	0.969
666.02	0.968
666.21	0.967
666.40	0.968
666.58	0.969
666.77	0.973
666.96	0.978
667.15	0.975
667.33	0.973
667.52	0.973
667.71	0.967
667.90	0.968
668.08	0.975
668.27	0.980
668.46	0.976
668.65	0.973
668.83	0.972
669.02	0.972
669.21	0.972
669.40	0.973
669.58	0.974
669.77	0.980
669.96	0.980
670.14	0.980
670.33	0.986
670.52	0.988
670.71	0.992
670.89	0.986
671.08	0.979
671.27	0.978
671.46	0.981
671.64	0.993
671.83	1.002
672.02	0.990
672.20	0.984
672.39	0.983
672.58	0.995
672.77	1.000
672.95	0.994
673.14	0.998
673.33	1.000
673.51	0.993
673.70	0.995
673.89	0.995
674.08	1.002
674.26	1.000
674.45	0.990
674.64	0.990
674.82	0.995
675.01	0.999
675.20	0.992
675.38	0.993
675.57	0.984
675.76	0.976
675.94	0.985
676.13	0.987
676.32	0.993
676.51	0.989
676.69	0.988
676.88	0.988
677.07	0.988
677.25	0.995
677.44	0.996
677.63	0.988
677.81	0.996
678.00	0.990
678.19	0.989
678.37	0.995
678.56	0.995
678.75	0.994
678.93	0.996
679.12	1.009
679.31	1.005
679.49	1.006
679.68	1.007
679.87	0.996
680.05	0.995
680.24	0.991
680.42	0.987
680.61	0.983
680.80	0.986
680.98	0.986
681.17	0.979
681.36	0.978
681.54	0.983
681.73	0.971
681.92	0.976
682.10	0.974
682.29	0.968
682.48	0.960
682.66	0.959
682.85	0.968
683.03	0.963
683.22	0.959
683.41	0.959
683.59	0.961
683.78	0.969
683.97	0.967
684.15	0.972
684.34	0.976
684.52	0.977
684.71	0.971
684.90	0.965
685.08	0.959
685.27	0.958
685.45	0.959
685.64	0.963
685.83	0.956
686.01	0.961
686.20	0.967
686.39	0.973
686.57	0.974
686.76	0.962
686.94	0.960
687.13	0.962
687.31	0.970
687.50	0.964
687.69	0.960
687.87	0.970
688.06	0.970
688.24	0.966
688.43	0.968
688.62	0.976
688.80	0.982
688.99	0.982
689.17	0.982
689.36	0.979
689.55	0.979
689.73	0.981
689.92	0.985
690.10	0.985
690.29	0.986
690.47	0.985
690.66	0.992
690.84	1.000
691.03	1.004
691.22	0.992
691.40	0.994
691.59	1.000
691.77	0.989
691.96	0.994
692.14	0.985
692.33	0.990
692.52	0.989
692.70	0.995
692.89	1.002
693.07	1.008
693.26	1.010
693.44	1.007
693.63	1.003
693.81	0.995
694.00	0.992
694.18	0.989
694.37	0.988
694.55	0.989
694.74	0.983
694.93	0.983
695.11	0.979
695.30	0.978
695.48	0.974
695.67	0.976
695.85	0.969
696.04	0.982
696.22	0.978
696.41	0.978
696.59	0.975
696.78	0.975
696.96	0.971
697.15	0.969
697.33	0.972
697.52	0.973
697.70	0.972
697.89	0.980
698.07	0.981
698.26	0.974
698.44	0.973
698.63	0.974
698.81	0.975
699.00	0.980
699.18	0.984
699.37	0.987
699.55	0.983
699.74	0.984
699.92	0.985
700.11	0.981
700.29	0.973
700.48	0.977
700.66	0.980
700.85	0.986
701.03	0.989
701.22	0.989
701.40	0.987
701.59	0.984
701.77	0.975
701.96	0.977
702.14	0.988
702.33	0.988
702.51	0.989
702.69	0.982
702.88	0.989
703.06	0.989
703.25	0.984
703.43	0.986
703.62	0.988
703.80	0.985
703.99	0.991
704.17	0.995
704.36	0.991
704.54	0.978
704.73	0.974
704.91	0.974
705.09	0.969
705.28	0.963
705.46	0.970
705.65	0.972
705.83	0.966
706.02	0.961
706.20	0.958
706.38	0.963
706.57	0.962
706.75	0.957
706.94	0.952
707.12	0.953
707.31	0.955
707.49	0.965
707.67	0.964
707.86	0.956
708.04	0.959
708.23	0.963
708.41	0.975
708.60	0.974
708.78	0.973
708.96	0.974
709.15	0.989
709.33	0.987
709.52	1.002
709.70	1.012
709.88	1.018
710.07	1.021
710.25	1.007
710.44	1.005
710.62	1.007
710.80	1.009
710.99	1.012
711.17	1.011
711.36	1.002
711.54	1.001
711.72	1.009
711.91	1.017
712.09	1.020
712.28	1.014
712.46	1.015
712.64	1.008
712.83	1.016
713.01	1.010
713.20	1.007
713.38	0.992
713.56	0.987
713.75	0.989
713.93	0.990
714.11	1.000
714.30	1.008
714.48	1.003
714.66	1.005
714.85	1.007
715.03	1.010
715.22	1.004
715.40	1.004
715.58	1.004
715.77	0.998
715.95	0.990
716.13	0.994
716.32	1.000
716.50	1.007
716.68	1.003
716.87	1.000
717.05	1.008
717.23	1.017
717.42	1.017
717.60	1.012
717.78	1.010
717.97	1.007
718.15	1.002
718.33	0.996
718.52	0.998
718.70	0.994
718.88	0.992
719.07	0.996
719.25	0.992
719.43	0.983
719.62	0.986
719.80	0.986
719.98	0.987
720.17	0.978
720.35	0.972
720.53	0.962
720.72	0.963
720.90	0.957
721.08	0.946
721.27	0.950
721.45	0.944
721.63	0.933
721.81	0.927
722.00	0.936
722.18	0.947
722.36	0.949
722.55	0.953
722.73	0.949
722.91	0.950
723.10	0.962
723.28	0.961
723.46	0.948
723.64	0.936
723.83	0.917
724.01	0.922
724.19	0.931
724.38	0.941
724.56	0.946
724.74	0.946
724.92	0.955
725.11	0.960
725.29	0.976
725.47	0.990
725.66	1.004
725.84	0.994
726.02	0.995
726.20	0.992
726.39	0.975
726.57	0.972
726.75	0.975
726.93	0.966
727.12	0.967
727.30	0.976
727.48	0.995
727.66	1.007
727.85	1.002
728.03	0.996
728.21	0.989
728.39	0.991
728.58	0.988
728.76	0.976
728.94	0.964
729.12	0.957
729.31	0.956
729.49	0.953
729.67	0.956
729.85	0.953
730.04	0.950
730.22	0.961
730.40	0.973
730.58	0.970
730.76	0.981
730.95	0.984
731.13	0.987
731.31	0.975
731.49	0.972
731.68	0.961
731.86	0.955
732.04	0.966
732.22	0.961
732.40	0.961
732.59	0.970
732.77	0.970
732.95	0.964
733.13	0.959
733.31	0.952
733.50	0.948
733.68	0.946
733.86	0.954
734.04	0.952
734.22	0.947
734.41	0.945
734.59	0.935
734.77	0.933
734.95	0.930
735.13	0.920
735.32	0.928
735.50	0.946
735.68	0.952
735.86	0.948
736.04	0.941
736.22	0.944
736.41	0.950
736.59	0.952
736.77	0.958
736.95	0.969
737.13	0.979
737.32	0.984
737.50	0.982
737.68	0.988
737.86	1.001
738.04	1.001
738.22	1.004
738.41	1.004
738.59	1.010
738.77	1.017
738.95	1.027
739.13	1.028
739.31	1.020
739.49	1.022
739.68	1.016
739.86	1.038
740.04	1.044
740.22	1.029
740.40	1.030
740.58	1.021
740.76	1.005
740.95	0.995
741.13	0.983
741.31	0.992
741.49	0.981
741.67	0.977
741.85	0.983
742.03	0.988
742.21	0.989
742.40	0.982
742.58	0.972
742.76	0.976
742.94	0.975
743.12	0.963
743.30	0.958
743.48	0.965
743.66	0.946
743.85	0.946
744.03	0.953
744.21	0.952
744.39	0.965
744.57	0.970
744.75	0.974
744.93	0.982
745.11	0.968
745.29	0.967
745.47	0.970
745.66	0.978
745.84	0.973
746.02	0.982
746.20	0.979
746.38	0.987
746.56	0.987
746.74	0.979
746.92	0.985
747.10	0.985
747.28	0.983
747.46	0.989
747.64	0.992
747.83	0.986
748.01	0.989
748.19	0.978
748.37	0.979
748.55	0.980
748.73	0.985
748.91	1.000
749.09	1.006
749.27	0.996
749.45	0.963
749.63	0.967
749.81	0.954
749.99	0.951
750.17	0.954
750.35	0.953
750.53	0.956
750.72	0.956
750.90	0.958
751.08	0.956
751.26	0.958
751.44	0.954
751.62	0.961
751.80	0.962
751.98	0.959
752.16	0.960
752.34	0.951
752.52	0.949
752.70	0.941
752.88	0.939
753.06	0.936
753.24	0.955
753.42	0.954
753.60	0.950
753.78	0.951
753.96	0.942
754.14	0.941
754.32	0.944
754.50	0.943
754.68	0.948
754.86	0.953
755.04	0.957
755.22	0.946
755.40	0.943
755.58	0.945
755.76	0.944
755.94	0.935
756.12	0.934
756.30	0.937
756.48	0.942
756.66	0.932
756.84	0.934
757.02	0.931
757.20	0.931
757.38	0.939
757.56	0.939
757.74	0.946
757.92	0.947
758.10	0.947
758.28	0.954
758.46	0.951
758.64	0.952
758.82	0.948
759.00	0.956
759.18	0.954
759.36	0.943
759.54	0.948
759.72	0.952
759.90	0.962
760.08	0.966
760.26	0.966
760.44	0.973
760.62	0.970
760.80	0.977
760.98	0.969
761.16	0.964
761.33	0.985
761.51	0.980
761.69	0.974
761.87	0.971
762.05	0.966
762.23	0.969
762.41	0.961
762.59	0.966
762.77	0.970
762.95	0.979
763.13	0.984
763.31	0.986
763.49	0.988
763.67	0.995
763.85	0.980
764.03	0.989
764.21	0.992
764.38	1.008
764.56	1.000
764.74	1.009
764.92	1.010
765.10	0.993
765.28	1.001
765.46	1.011
765.64	1.007
765.82	1.011
766.00	0.999
766.18	1.008
766.35	1.004
766.53	1.000
766.71	1.000
766.89	0.995
767.07	1.001
767.25	1.008
767.43	1.010
767.61	1.006
767.79	1.002
767.97	0.997
768.14	0.992
768.32	0.990
768.50	0.992
768.68	1.003
768.86	1.007
769.04	0.998
769.22	1.000
769.40	0.992
769.58	0.990
769.75	1.000
769.93	0.997
770.11	1.000
770.29	1.000
770.47	0.990
770.65	1.001
770.83	0.998
771.00	0.976
771.18	0.973
771.36	0.980
771.54	0.960
771.72	0.958
771.90	0.954
772.08	0.949
772.25	0.948
772.43	0.942
772.61	0.928
772.79	0.929
772.97	0.930
773.15	0.944
773.33	0.952
773.50	0.953
773.68	0.946
773.86	0.940
774.04	0.934
774.22	0.928
774.40	0.925
774.57	0.920
774.75	0.928
774.93	0.919
775.11	0.920
775.29	0.913
775.46	0.907
775.64	0.920
775.82	0.918
776.00	0.913
776.18	0.916
776.36	0.939
776.53	0.938
776.71	0.926
776.89	0.925
777.07	0.916
777.25	0.913
777.42	0.922
777.60	0.921
777.78	0.926
777.96	0.931
778.14	0.926
778.31	0.937
778.49	0.944
778.67	0.928
778.85	0.927
779.03	0.948
779.20	0.965
779.38	0.951
779.56	0.965
779.74	0.962
779.91	0.954
780.09	0.938
780.27	0.936
780.45	0.927
780.63	0.930
780.80	0.928
780.98	0.917
781.16	0.902
781.34	0.905
781.51	0.902
781.69	0.899
781.87	0.895
782.05	0.887
782.22	0.881
782.40	0.895
782.58	0.909
782.76	0.901
782.93	0.881
783.11	0.878
783.29	0.876
783.47	0.883
783.64	0.877
783.82	0.880
784.00	0.879
784.18	0.893
784.35	0.882
784.53	0.887
784.71	0.895
784.89	0.899
785.06	0.890
785.24	0.892
785.42	0.886
785.60	0.887
785.77	0.887
785.95	0.897
786.13	0.902
786.30	0.878
786.48	0.871
786.66	0.888
786.84	0.885
787.01	0.883
787.19	0.881
787.37	0.893
787.54	0.885
787.72	0.893
787.90	0.881
788.07	0.877
788.25	0.865
788.43	0.851
788.61	0.850
788.78	0.863
788.96	0.867
789.14	0.869
789.31	0.868
789.49	0.857
789.67	0.855
789.84	0.844
790.02	0.854
790.20	0.869
790.37	0.866
790.55	0.871
790.73	0.872
790.90	0.867
791.08	0.850
791.26	0.854
791.43	0.851
791.61	0.855
791.79	0.862
791.96	0.871
792.14	0.877
792.32	0.885
792.49	0.869
792.67	0.864
792.85	0.879
793.02	0.892
793.20	0.897
793.38	0.885
793.55	0.888
793.73	0.870
793.91	0.875
794.08	0.848
794.26	0.848
794.44	0.840
794.61	0.829
794.79	0.829
794.97	0.819
795.14	0.817
795.32	0.824
795.49	0.826
795.67	0.831
795.85	0.833
796.02	0.827
796.20	0.831
796.38	0.831
796.55	0.823
796.73	0.807
796.90	0.800
797.08	0.799
797.26	0.798
797.43	0.806
797.61	0.803
797.78	0.819
797.96	0.811
798.14	0.818
798.31	0.831
798.49	0.834
798.66	0.838
798.84	0.843
799.02	0.844
799.19	0.851
799.37	0.837
799.54	0.836
799.72	0.832
799.90	0.839
800.07	0.830
800.25	0.832
800.42	0.839
800.60	0.845
800.78	0.851
800.95	0.860
801.13	0.855
801.30	0.844
801.48	0.854
801.65	0.867
801.83	0.885
802.01	0.887
802.18	0.895
802.36	0.908
802.53	0.888
802.71	0.880
802.88	0.877
803.06	0.878
803.23	0.881
803.41	0.891
803.59	0.868
803.76	0.860
803.94	0.878
804.11	0.878
804.29	0.881
804.46	0.876
804.64	0.857
804.81	0.851
804.99	0.846
805.16	0.852
805.34	0.854
805.52	0.847
805.69	0.841
805.87	0.846
806.04	0.823
806.22	0.834
806.39	0.834
806.57	0.831
806.74	0.834
806.92	0.821
807.09	0.823
807.27	0.831
807.44	0.833
807.62	0.811
807.79	0.812
807.97	0.816
808.14	0.816
808.32	0.822
808.49	0.828
808.67	0.846
808.84	0.835
809.02	0.812
809.19	0.796
809.37	0.799
809.54	0.766
809.72	0.793
809.89	0.780
810.07	0.782
810.24	0.788
810.42	0.789
810.59	0.796
810.77	0.776
810.94	0.790
811.12	0.805
811.29	0.796
811.47	0.795
811.64	0.784
811.82	0.790
811.99	0.798
812.16	0.806
812.34	0.783
812.51	0.766
812.69	0.776
812.86	0.774
813.04	0.774
813.21	0.807
813.39	0.796
813.56	0.800
813.74	0.794
813.91	0.786
814.08	0.786
814.26	0.782
814.43	0.790
814.61	0.784
814.78	0.780
814.96	0.788
815.13	0.788
815.31	0.795
815.48	0.790
815.65	0.782
815.83	0.782
816.00	0.792
816.18	0.793
816.35	0.791
816.53	0.789
816.70	0.773
816.87	0.765
817.05	0.768
817.22	0.776
817.40	0.779
817.57	0.774
817.74	0.767
817.92	0.790
818.09	0.812
818.27	0.819
818.44	0.821
818.62	0.816
818.79	0.832
818.96	0.826
819.14	0.814
819.31	0.811
819.49	0.805
819.66	0.820
819.83	0.839
820.01	0.849
820.18	0.871
820.35	0.896
820.53	0.899
820.70	0.885
820.88	0.875
821.05	0.876
821.22	0.878
821.40	0.881
821.57	0.871
821.74	0.860
821.92	0.849
822.09	0.840
822.27	0.838
822.44	0.803
822.61	0.811
822.79	0.821
822.96	0.834
823.13	0.809
823.31	0.794
823.48	0.784
823.65	0.776
823.83	0.770
824.00	0.744
824.17	0.746
824.35	0.746
824.52	0.759
824.69	0.764
824.87	0.766
825.04	0.781
825.22	0.778
825.39	0.767
825.56	0.761
825.74	0.774
825.91	0.777
826.08	0.791
826.25	0.800
826.43	0.797
826.60	0.805
826.77	0.841
826.95	0.856
827.12	0.852
827.29	0.832
827.47	0.850
827.64	0.860
827.81	0.863
827.99	0.877
828.16	0.858
828.33	0.818
828.51	0.821
828.68	0.814
828.85	0.809
829.02	0.812
829.20	0.796
829.37	0.782
829.54	0.796
829.72	0.807
829.89	0.777
830.06	0.768
830.23	0.740
830.41	0.730
830.58	0.726
830.75	0.722
830.93	0.737
831.10	0.718
831.27	0.717
831.44	0.727
831.62	0.722
831.79	0.745
831.96	0.766
832.13	0.750
832.31	0.739
832.48	0.719
832.65	0.713
832.83	0.735
833.00	0.740
833.17	0.733
833.34	0.731
833.52	0.738
833.69	0.759
833.86	0.772
834.03	0.765
834.21	0.757
834.38	0.782
834.55	0.769
834.72	0.762
834.89	0.769
835.07	0.759
835.24	0.776
835.41	0.745
835.58	0.732
835.76	0.744
835.93	0.759
836.10	0.779
836.27	0.770
836.45	0.752
836.62	0.746
836.79	0.753
836.96	0.751
837.13	0.758
837.31	0.748
837.48	0.739
837.65	0.754
837.82	0.743
837.99	0.732
838.17	0.749
838.34	0.755
838.51	0.794
838.68	0.801
838.85	0.765
839.03	0.783
839.20	0.785
839.37	0.785
839.54	0.777
839.71	0.759
839.89	0.773
840.06	0.771
840.23	0.774
840.40	0.778
840.57	0.772
840.74	0.759
840.92	0.767
841.09	0.767
841.26	0.773
841.43	0.774
841.60	0.781
841.78	0.783
841.95	0.775
842.12	0.733
842.29	0.721
842.46	0.760
842.63	0.726
842.80	0.736
842.98	0.725
843.15	0.740
843.32	0.765
843.49	0.791
843.66	0.817
843.83	0.833
844.00	0.790
844.18	0.807
844.35	0.802
844.52	0.793
844.69	0.797
844.86	0.791
845.03	0.817
845.20	0.829
845.38	0.809
845.55	0.787
845.72	0.788
845.89	0.794
846.06	0.786
846.23	0.854
846.40	0.854
846.57	0.840
846.75	0.786
846.92	0.782
847.09	0.752
847.26	0.719
847.43	0.718
847.60	0.718
847.77	0.697
847.94	0.688
848.11	0.688
848.28	0.689
848.46	0.694
848.63	0.687
848.80	0.669
848.97	0.676
849.14	0.682
849.31	0.718
849.48	0.731
849.65	0.705
849.82	0.691
849.99	0.708
850.16	0.705
850.33	0.715
850.51	0.711
850.68	0.708
850.85	0.707
851.02	0.675
851.19	0.692
851.36	0.696
851.53	0.731
851.70	0.733
851.87	0.735
852.04	0.723
852.21	0.719
852.38	0.737
852.55	0.722
852.72	0.762
852.89	0.708
853.06	0.686
853.24	0.675
853.41	0.693
853.58	0.674
853.75	0.691
853.92	0.688
854.09	0.667
854.26	0.674
854.43	0.684
854.60	0.717
854.77	0.734
854.94	0.712
855.11	0.689
855.28	0.673
855.45	0.660
855.62	0.675
855.79	0.682
855.96	0.662
856.13	0.652
856.30	0.628
856.47	0.640
856.64	0.637
856.81	0.645
856.98	0.615
857.15	0.619
857.32	0.628
857.49	0.642
857.66	0.683
857.83	0.693
858.00	0.714
858.17	0.698
858.34	0.689
858.51	0.701
858.68	0.710
858.85	0.693
859.02	0.713
859.19	0.713
859.36	0.688
859.53	0.686
859.70	0.723
859.87	0.720
860.04	0.720
860.21	0.736
860.38	0.732
860.55	0.747
860.72	0.771
860.89	0.756
861.06	0.716
861.23	0.676
861.40	0.656
861.56	0.631
861.73	0.642
861.90	0.649
862.07	0.648
862.24	0.657
862.41	0.687
862.58	0.676
862.75	0.670
862.92	0.675
863.09	0.665
863.26	0.660
863.43	0.665
863.60	0.686
863.77	0.710
863.94	0.708
864.11	0.670
864.28	0.636
864.44	0.638
864.61	0.672
864.78	0.639
864.95	0.641
865.12	0.638
865.29	0.648
865.46	0.616
865.63	0.636
865.80	0.628
865.97	0.622
866.14	0.626
866.31	0.607
866.47	0.600
866.64	0.596
866.81	0.561
866.98	0.549
867.15	0.520
867.32	0.493
867.49	0.505
867.66	0.493
867.83	0.512
867.99	0.525
868.16	0.515
868.33	0.541
868.50	0.544
868.67	0.541
868.84	0.538
869.01	0.548
869.18	0.531
869.35	0.497
869.51	0.486
869.68	0.477
869.85	0.474
870.02	0.487
870.19	0.477
870.36	0.490
870.53	0.491
870.69	0.514
870.86	0.505
871.03	0.500
871.20	0.535
871.37	0.531
871.54	0.521
871.71	0.542
871.87	0.535
872.04	0.538
872.21	0.555
872.38	0.548
872.55	0.560
872.72	0.590
872.88	0.649
873.05	0.673
873.22	0.697
873.39	0.701
873.56	0.689
873.73	0.783
873.89	0.772
874.06	0.793
874.23	0.709
874.40	0.734
874.57	0.716
874.73	0.705
874.90	0.677
875.07	0.683
875.24	0.666
875.41	0.656
875.57	0.628
875.74	0.607
875.91	0.579
876.08	0.538
876.25	0.488
876.41	0.504
876.58	0.490
876.75	0.477
876.92	0.497
877.09	0.507
877.25	0.488
877.42	0.488
877.59	0.475
877.76	0.496
877.93	0.494
878.09	0.502
878.26	0.486
878.43	0.479
878.60	0.472
878.76	0.464
878.93	0.476
879.10	0.477
879.27	0.462
879.43	0.446
879.60	0.471
879.77	0.501
879.94	0.456
880.10	0.445
880.27	0.441
880.44	0.437
880.61	0.417
880.77	0.427
880.94	0.448
881.11	0.434
881.28	0.420
881.44	0.404
881.61	0.391
881.78	0.400
881.95	0.398
882.11	0.413
882.28	0.416
882.45	0.421
882.62	0.426
882.78	0.443
882.95	0.457
883.12	0.449
883.28	0.430
883.45	0.459
883.62	0.472
883.79	0.483
883.95	0.434
884.12	0.432
884.29	0.384
884.45	0.403
884.62	0.402
884.79	0.429
884.96	0.409
885.12	0.415
885.29	0.362
885.46	0.459
885.62	0.090
885.79	0.194
885.96	-0.116
886.12	-0.000
886.29	0.104
886.46	1.332
886.62	0.090
886.79	0.404
