178.99	74.286
179.20	74.286
179.42	74.286
179.63	129.268
179.84	300.000
180.06	-52.273
180.27	-5.882
180.49	15.584
180.70	101.316
180.92	-3133.333
181.13	478.017
181.35	1185.106
181.56	-2328.302
181.77	-2251.923
181.99	58600.000
182.20	1033.333
182.42	1803.846
182.63	-1842.105
182.85	-1727.273
183.06	-1036.842
183.28	2231.034
183.49	721.939
183.70	600.389
183.92	553.242
184.13	381.429
184.35	372.878
184.56	419.700
184.78	544.785
184.99	629.310
185.21	502.542
185.42	558.667
185.63	1834.409
185.85	943.750
186.06	531.908
186.28	763.426
186.49	-2533.333
186.71	-501.954
186.92	-548.754
187.13	-1276.190
187.35	-2292.105
187.56	-1011.111
187.78	-648.092
187.99	-461.326
188.21	-328.482
188.42	-272.023
188.63	-198.762
188.85	-162.958
189.06	-205.538
189.28	-322.833
189.49	-307.816
189.71	-191.525
189.92	-309.267
190.13	-268.485
190.35	-235.976
190.56	-255.642
190.78	-307.819
190.99	-376.020
191.20	-515.751
191.42	-607.759
191.63	-720.773
191.85	-689.286
192.06	-2022.078
192.28	-961.491
192.49	-7104.167
192.70	25642.857
192.92	-9645.000
193.13	1704.000
193.35	2824.675
193.56	1943.269
193.77	2378.161
193.99	-1078.974
194.20	-4205.455
194.42	8396.000
194.63	766.447
194.84	717.493
195.06	542.444
195.27	444.401
195.49	458.584
195.70	820.158
195.91	1346.000
196.13	3090.476
196.34	15884.615
196.56	-2689.744
196.77	-23644.444
196.98	-1404.000
197.20	-2860.000
197.41	-28250.000
197.63	4975.758
197.84	2171.429
198.05	1228.777
198.27	1471.845
198.48	440.483
198.70	412.129
198.91	627.431
199.12	1219.708
199.34	81700.000
199.55	-1519.608
199.76	-897.297
199.98	-1475.000
200.19	1214.286
200.41	1042.857
200.62	5350.000
200.83	7663.636
201.05	1400.000
201.26	2432.394
201.48	1160.119
201.69	1405.263
201.90	686.813
202.12	748.837
202.33	673.311
202.54	614.985
202.76	1237.419
202.97	2135.632
203.19	2972.881
203.40	2009.524
203.61	-4608.333
203.83	2614.062
204.04	-3179.630
204.25	-2330.000
204.47	-1013.423
204.68	-1154.795
204.89	3247.458
205.11	522.506
205.32	365.025
205.54	431.303
205.75	491.584
205.96	594.969
206.18	547.339
206.39	595.062
206.60	413.563
206.82	390.807
207.03	411.983
207.24	262.500
207.46	281.117
207.67	315.768
207.89	348.212
208.10	341.940
208.31	306.588
208.53	295.979
208.74	275.385
208.95	227.879
209.17	229.945
209.38	232.990
209.59	270.118
209.81	314.035
210.02	308.920
210.23	306.696
210.45	304.421
210.66	295.440
210.87	354.880
211.09	724.887
211.30	1486.726
211.51	2252.564
211.73	23200.000
211.94	-3816.327
212.15	14733.333
212.37	1180.255
212.58	906.566
212.79	2204.938
213.01	1010.695
213.22	1363.566
213.43	1689.908
213.65	1183.544
213.86	1322.436
214.07	-20322.222
214.29	-2403.125
214.50	-2936.000
214.71	-8282.353
214.93	1947.222
215.14	5173.333
215.35	-1100.763
215.57	-1461.386
215.78	-1099.187
215.99	-3030.435
216.21	1360.638
216.42	1067.890
216.63	842.177
216.85	23160.000
217.06	639.326
217.27	796.094
217.49	1411.290
217.70	2840.541
217.91	1476.543
218.13	-1068.807
218.34	-719.286
218.55	-755.797
218.77	-8288.235
218.98	-2436.667
219.19	-3987.179
219.40	-1228.148
219.62	16810.000
219.83	762.557
220.04	554.693
220.26	385.082
220.47	332.427
220.68	550.763
220.90	401.087
221.11	506.714
221.32	471.856
221.54	912.644
221.75	703.017
221.96	552.201
222.17	613.383
222.39	576.680
222.60	464.539
222.81	493.640
223.03	466.230
223.24	522.008
223.45	355.208
223.67	276.445
223.88	296.163
224.09	293.665
224.30	297.817
224.52	289.980
224.73	423.691
224.94	659.091
225.16	610.098
225.37	636.522
225.58	531.311
225.79	498.544
226.01	486.966
226.22	596.884
226.43	408.317
226.65	289.224
226.86	342.974
227.07	297.397
227.28	314.224
227.50	272.569
227.71	314.645
227.92	436.072
228.14	448.305
228.35	473.333
228.56	719.805
228.77	1396.429
228.99	939.726
229.20	805.138
229.41	717.557
229.62	816.592
229.84	628.879
230.05	862.048
230.26	854.237
230.48	992.537
230.69	583.333
230.90	573.077
231.11	846.512
231.33	1715.789
231.54	1364.516
231.75	1171.287
231.96	24140.000
232.18	1319.792
232.39	573.430
232.60	-1622.222
232.81	-11244.444
233.03	1498.437
233.24	1069.159
233.45	-6005.000
233.66	4096.667
233.88	-1430.000
234.09	-6761.111
234.30	-1466.304
234.51	-1024.779
234.73	-423.305
234.94	-412.766
235.15	-339.338
235.36	-196.603
235.58	-165.331
235.79	-232.035
236.00	-246.578
236.21	-228.546
236.43	-257.873
236.64	-198.849
236.85	-188.390
237.06	-222.244
237.28	-229.851
237.49	-251.292
237.70	-164.006
237.91	-156.299
238.13	-112.992
238.34	-102.070
238.55	-85.981
238.76	-76.619
238.98	-80.904
239.19	-115.288
239.40	-145.646
239.61	-174.149
239.83	-190.372
240.04	-365.079
240.25	-274.935
240.46	-201.348
240.67	-251.697
240.89	-232.958
241.10	-3692.308
241.31	570.899
241.52	653.968
241.74	515.138
241.95	518.000
242.16	359.283
242.37	300.000
242.58	242.694
242.80	204.282
243.01	188.957
243.22	207.417
243.43	162.956
243.65	153.391
243.86	140.431
244.07	194.048
244.28	193.545
244.49	294.050
244.71	228.242
244.92	209.656
245.13	223.600
245.34	284.421
245.55	345.766
245.77	550.737
245.98	406.637
246.19	501.333
246.40	625.424
246.62	492.344
246.83	637.612
247.04	481.250
247.25	488.584
247.46	864.655
247.68	539.733
247.89	3056.250
248.10	11956.250
248.31	-1391.667
248.52	-7092.000
248.74	3677.778
248.95	745.283
249.16	896.416
249.37	1124.215
249.58	1398.795
249.79	789.931
250.01	1378.344
250.22	1231.285
250.43	18075.000
250.64	846.415
250.85	736.875
251.07	791.468
251.28	538.614
251.49	976.389
251.70	1141.279
251.91	663.607
252.13	1560.484
252.34	740.702
252.55	538.776
252.76	382.372
252.97	316.418
253.18	327.955
253.40	269.042
253.61	262.915
253.82	219.553
254.03	210.605
254.24	260.995
254.46	235.189
254.67	233.887
254.88	210.136
255.09	264.513
255.30	239.822
255.51	241.015
255.73	280.067
255.94	254.573
256.15	252.078
256.36	245.574
256.57	230.721
256.78	224.614
257.00	265.767
257.21	288.152
257.42	332.804
257.63	540.143
257.84	1065.611
258.05	6355.882
258.26	-4467.347
258.48	-1657.252
258.69	1601.351
258.90	1041.277
259.11	1399.412
259.32	2582.759
259.53	-15757.143
259.75	-2232.323
259.96	-2098.148
260.17	25688.889
260.38	-1132.000
260.59	-551.374
260.80	-511.685
261.01	-366.879
261.23	-317.115
261.44	-284.587
261.65	-285.946
261.86	-403.612
262.07	-778.571
262.28	-397.264
262.49	-626.056
262.71	-502.770
262.92	-587.129
263.13	-397.772
263.34	-297.400
263.55	-300.877
263.76	-291.983
263.97	-323.647
264.19	-321.534
264.40	-276.064
264.61	-165.116
264.82	-289.504
265.03	-345.048
265.24	-425.850
265.45	-772.472
265.66	-991.667
265.88	8052.941
266.09	-1612.346
266.30	5795.455
266.51	-6150.000
266.72	418.391
266.93	486.381
267.14	457.724
267.35	459.921
267.57	409.206
267.78	310.875
267.99	322.798
268.20	316.062
268.41	281.836
268.62	280.273
268.83	313.366
269.04	311.450
269.25	296.847
269.47	309.382
269.68	319.298
269.89	410.753
270.10	564.463
270.31	3070.455
270.52	3790.323
270.73	-1450.649
270.94	-7443.750
271.15	-441.129
271.37	-350.000
271.58	-605.660
271.79	-511.983
272.00	-436.996
272.21	-822.485
272.42	-464.396
272.63	-345.985
272.84	-389.524
273.05	-501.846
273.26	-1066.026
273.48	-3560.000
273.69	-393.151
273.90	-535.606
274.11	-329.426
274.32	-502.909
274.53	-1109.322
274.74	1409.278
274.95	726.866
275.16	531.270
275.37	352.941
275.58	413.272
275.80	317.061
276.01	276.818
276.22	348.810
276.43	331.827
276.64	458.551
276.85	335.762
277.06	306.747
277.27	324.078
277.48	413.514
277.69	731.556
277.90	976.796
278.11	537.135
278.32	489.460
278.54	323.639
278.75	456.770
278.96	647.682
279.17	1156.707
279.38	776.050
279.59	1592.784
279.80	-2787.273
280.01	1854.878
280.22	1203.676
280.43	-2493.333
280.64	1526.364
280.85	1663.393
281.06	882.011
281.27	2019.512
281.48	-2847.170
281.70	1749.438
281.91	1141.791
282.12	586.774
282.33	510.243
282.54	718.504
282.75	1084.713
282.96	2172.222
283.17	1018.452
283.38	2486.364
283.59	-10300.000
283.80	-3469.388
284.01	-4730.000
284.22	-2073.404
284.43	-794.760
284.64	-1092.941
284.85	-13750.000
285.06	-1315.493
285.27	-548.208
285.48	-312.224
285.70	-361.245
285.91	-449.024
286.12	-367.203
286.33	-284.274
286.54	-278.766
286.75	-240.000
286.96	-415.929
287.17	-794.737
287.38	-679.268
287.59	-607.364
287.80	-665.778
288.01	-955.828
288.22	-769.000
288.43	-2581.667
288.64	-1372.917
288.85	-1808.571
289.06	-474.167
289.27	-943.478
289.48	723.889
289.69	329.060
289.90	259.694
290.11	198.912
290.32	188.877
290.53	195.969
290.74	193.278
290.95	198.449
291.16	230.486
291.37	276.396
291.58	333.723
291.79	349.540
292.00	393.069
292.21	362.693
292.42	326.125
292.63	289.557
292.84	295.733
293.05	295.616
293.26	295.329
293.47	326.481
293.68	397.660
293.89	617.115
294.10	696.839
294.31	822.182
294.52	1741.667
294.73	2520.253
294.95	2479.167
295.16	3038.596
295.37	-41525.000
295.58	7345.455
295.79	-5016.667
295.99	-1800.000
296.20	1003.509
296.41	475.332
296.62	457.828
296.83	424.888
297.04	449.531
297.25	416.340
297.46	391.952
297.67	331.774
297.88	247.073
298.09	226.279
298.30	221.370
298.51	226.365
298.72	232.350
298.93	253.956
299.14	296.800
299.35	294.569
299.56	316.113
299.77	308.989
299.98	275.542
300.19	237.805
300.40	229.980
300.61	222.866
300.82	287.690
301.03	285.860
301.24	279.598
301.45	279.024
301.66	288.640
301.87	268.822
302.08	304.310
302.29	321.532
302.50	436.280
302.71	488.048
302.92	457.605
303.13	297.393
303.34	268.167
303.55	212.161
303.76	246.646
303.97	246.757
304.18	268.350
304.39	284.185
304.60	381.596
304.81	350.000
305.02	502.961
305.22	442.939
305.43	387.224
305.64	502.703
305.85	446.257
306.06	641.935
306.27	636.797
306.48	461.732
306.69	658.696
306.90	458.047
307.11	670.850
307.32	715.385
307.53	846.927
307.74	1486.667
307.95	1303.361
308.16	994.304
308.37	898.343
308.58	497.977
308.79	500.321
309.00	511.146
309.21	482.143
309.41	536.897
309.62	423.306
309.83	1129.365
310.04	549.254
310.25	656.459
310.46	435.562
310.67	450.997
310.88	583.529
311.09	402.419
311.30	577.113
311.51	422.276
311.72	488.056
311.93	598.428
312.14	438.786
312.34	670.796
312.55	565.614
312.76	844.974
312.97	2781.818
313.18	1122.603
313.39	616.438
313.60	570.468
313.81	1048.824
314.02	1591.379
314.23	945.729
314.44	1580.357
314.65	-2271.429
314.86	-635.968
315.06	-555.363
315.27	-553.846
315.48	-500.337
315.69	-291.614
315.90	-355.500
316.11	-330.303
316.32	-370.942
316.53	-435.150
316.74	-543.182
316.95	-542.020
317.16	-765.534
317.36	-700.000
317.57	-772.000
317.78	-1258.209
317.99	-1317.187
318.20	1657.273
318.41	1182.069
318.62	2443.077
318.83	-5370.000
319.04	664.286
319.24	642.593
319.45	593.561
319.66	548.137
319.87	885.238
320.08	432.189
320.29	683.502
320.50	551.604
320.71	471.461
320.92	455.432
321.12	488.722
321.33	572.107
321.54	777.099
321.75	461.045
321.96	512.938
322.17	1313.605
322.38	1103.352
322.59	1071.111
322.80	9966.667
323.00	1233.333
323.21	1109.884
323.42	-5229.730
323.63	-4148.889
323.84	-1967.677
324.05	-1231.788
324.26	-18190.000
324.47	-1770.297
324.67	2648.649
324.88	-1061.905
325.09	-497.989
325.30	-320.875
325.51	-247.106
325.72	-326.293
325.93	-418.414
326.13	-315.083
326.34	-261.473
326.55	-347.891
326.76	-319.477
326.97	-241.091
327.18	-228.799
327.39	-295.690
327.59	-296.767
327.80	-317.914
328.01	-378.643
328.22	-542.754
328.43	-590.947
328.64	-326.943
328.85	-464.029
329.05	-373.802
329.26	-1147.222
329.47	7342.857
329.68	608.377
329.89	309.873
330.10	306.278
330.30	287.269
330.51	248.805
330.72	244.660
330.93	391.411
331.14	398.175
331.35	271.429
331.56	193.185
331.76	238.716
331.97	196.257
332.18	162.451
332.39	157.558
332.60	152.312
332.81	149.061
333.01	137.607
333.22	142.497
333.43	123.529
333.64	119.368
333.85	150.674
334.05	175.305
334.26	187.209
334.47	214.570
334.68	218.978
334.89	233.536
335.10	183.506
335.30	140.000
335.51	144.101
335.72	155.391
335.93	150.670
336.14	150.867
336.35	156.940
336.55	155.052
336.76	165.255
336.97	171.078
337.18	169.328
337.39	187.405
337.59	175.431
337.80	229.185
338.01	182.302
338.22	171.145
338.43	164.179
338.63	168.866
338.84	164.246
339.05	157.234
339.26	138.039
339.47	146.887
339.67	153.628
339.88	167.868
340.09	124.559
340.30	116.427
340.51	102.208
340.71	100.000
340.92	102.346
341.13	91.039
341.34	93.328
341.55	96.704
341.75	88.643
341.96	78.445
342.17	73.260
342.38	69.113
342.58	69.098
342.79	61.554
343.00	59.295
343.21	58.175
343.42	60.887
343.62	61.059
343.83	65.734
344.04	75.648
344.25	73.896
344.46	87.154
344.66	108.751
344.87	99.802
345.08	107.882
345.29	107.076
345.49	107.763
345.70	104.330
345.91	97.878
346.12	104.255
346.32	97.191
346.53	89.028
346.74	98.371
346.95	103.643
347.16	104.518
347.36	86.390
347.57	77.841
347.78	80.946
347.99	74.013
348.19	80.340
348.40	72.133
348.61	68.652
348.82	54.660
349.02	44.862
349.23	52.116
349.44	47.004
349.65	49.810
349.85	53.187
350.06	50.921
350.27	48.886
350.48	50.065
350.68	61.144
350.89	72.142
351.10	75.509
351.31	64.595
351.51	66.913
351.72	78.228
351.93	76.149
352.14	71.697
352.34	74.530
352.55	70.505
352.76	74.720
352.96	76.676
353.17	87.771
353.38	93.157
353.59	79.989
353.79	80.769
354.00	74.514
354.21	70.453
354.42	72.713
354.62	73.364
354.83	71.220
355.04	62.575
355.24	61.972
355.45	60.518
355.66	57.195
355.87	52.736
356.07	48.070
356.28	43.944
356.49	39.864
356.70	35.826
356.90	37.466
357.11	36.611
357.32	33.744
357.52	27.634
357.73	26.056
357.94	26.169
358.15	17.012
358.35	14.826
358.56	14.496
358.77	17.263
358.97	13.199
359.18	12.805
359.39	9.870
359.59	4.284
359.80	-2.180
360.01	-0.511
360.22	5.081
360.42	7.698
360.63	12.816
360.84	14.249
361.04	13.797
361.25	10.647
361.46	8.433
361.66	11.248
361.87	16.502
362.08	11.436
362.29	14.171
362.49	17.379
362.70	18.147
362.91	15.525
363.11	12.436
363.32	11.839
363.53	12.176
363.73	15.459
363.94	18.039
364.15	21.652
364.35	21.608
364.56	23.117
364.77	20.195
364.97	18.085
365.18	18.056
365.39	18.667
365.59	18.997
365.80	20.484
366.01	18.661
366.21	18.836
366.42	20.608
366.63	20.130
366.83	20.626
367.04	18.547
367.25	20.171
367.45	21.216
367.66	21.926
367.87	22.356
368.07	24.269
368.28	25.993
368.49	26.282
368.69	24.908
368.90	18.613
369.11	22.143
369.31	24.963
369.52	25.786
369.73	26.094
369.93	25.657
370.14	23.043
370.35	22.821
370.55	19.614
370.76	20.082
370.97	17.593
371.17	18.829
371.38	20.129
371.58	19.327
371.79	21.041
372.00	20.618
372.20	18.501
372.41	17.215
372.62	13.680
372.82	13.686
373.03	13.648
373.24	16.047
373.44	15.752
373.65	14.357
373.85	12.341
374.06	11.340
374.27	13.340
374.47	15.178
374.68	14.947
374.89	15.626
375.09	15.371
375.30	17.900
375.51	17.302
375.71	16.962
375.92	16.041
376.12	11.852
376.33	11.314
376.54	12.950
376.74	12.679
376.95	13.087
377.15	11.532
377.36	12.645
377.57	12.829
377.77	10.769
377.98	13.749
378.19	14.053
378.39	14.870
378.60	12.573
378.80	11.326
379.01	11.254
379.22	11.585
379.42	12.578
379.63	12.441
379.83	11.267
380.04	13.157
380.25	15.539
380.45	17.011
380.66	17.698
380.86	17.033
381.07	17.346
381.28	18.057
381.48	19.347
381.69	18.624
381.89	17.267
382.10	17.155
382.31	13.016
382.51	13.053
382.72	13.725
382.92	13.943
383.13	13.775
383.33	13.462
383.54	13.430
383.75	12.933
383.95	10.658
384.16	10.701
384.36	7.620
384.57	6.348
384.78	6.495
384.98	6.863
385.19	6.908
385.39	6.785
385.60	7.174
385.80	6.160
386.01	7.043
386.22	8.455
386.42	7.890
386.63	9.127
386.83	8.503
387.04	7.748
387.24	7.121
387.45	7.443
387.65	7.978
387.86	8.830
388.07	7.744
388.27	9.228
388.48	8.894
388.68	10.351
388.89	10.365
389.09	10.586
389.30	9.308
389.50	9.331
389.71	9.336
389.92	8.685
390.12	8.910
390.33	7.919
390.53	7.390
390.74	7.887
390.94	7.634
391.15	7.886
391.35	8.277
391.56	8.037
391.77	7.673
391.97	7.724
392.18	7.171
392.38	7.949
392.59	8.475
392.79	8.082
393.00	8.488
393.20	8.538
393.41	10.074
393.61	11.321
393.82	10.626
394.02	9.820
394.23	10.792
394.43	9.722
394.64	11.038
394.84	10.128
395.05	10.696
395.26	10.458
395.46	9.741
395.67	9.347
395.87	10.579
396.08	10.683
396.28	9.576
396.49	9.584
396.69	8.213
396.90	7.819
397.10	8.518
397.31	8.298
397.51	7.635
397.72	6.520
397.92	6.326
398.13	7.416
398.33	7.658
398.54	7.155
398.74	8.013
398.95	7.785
399.15	8.415
399.36	7.874
399.56	7.928
399.77	8.293
399.97	7.339
400.18	7.070
400.38	6.711
400.59	6.579
400.79	4.944
401.00	5.629
401.20	4.840
401.41	4.313
401.61	3.868
401.82	3.934
402.02	3.508
402.23	3.416
402.43	2.009
402.64	1.735
402.84	0.381
403.05	-0.574
403.25	-2.077
403.46	-1.816
403.66	-0.757
403.87	-0.108
404.07	-0.163
404.27	1.020
404.48	1.209
404.68	0.857
404.89	0.706
405.09	-1.400
405.30	-1.427
405.50	-0.202
405.71	0.559
405.91	0.615
406.12	0.324
406.32	0.486
406.53	1.270
406.73	1.981
406.94	2.461
407.14	4.011
407.34	5.169
407.55	6.583
407.75	5.758
407.96	5.196
408.16	5.376
408.37	5.090
408.57	4.175
408.78	3.847
408.98	4.168
409.19	4.971
409.39	7.997
409.59	8.146
409.80	6.920
410.00	6.536
410.21	6.865
410.41	7.182
410.62	6.084
410.82	5.206
411.03	5.574
411.23	5.326
411.43	5.260
411.64	4.527
411.84	4.157
412.05	4.832
412.25	5.082
412.46	4.680
412.66	5.214
412.86	5.433
413.07	5.718
413.27	5.908
413.48	5.049
413.68	4.973
413.89	5.750
414.09	6.207
414.29	6.204
414.50	6.224
414.70	5.767
414.91	6.413
415.11	5.710
415.32	4.740
415.52	4.205
415.72	3.225
415.93	3.944
416.13	3.196
416.34	2.837
416.54	2.372
416.74	2.160
416.95	2.170
417.15	3.280
417.36	3.022
417.56	2.577
417.76	3.316
417.97	2.502
418.17	1.357
418.38	0.823
418.58	1.416
418.78	1.005
418.99	1.222
419.19	1.463
419.40	2.725
419.60	2.973
419.80	3.560
420.01	4.175
420.21	3.197
420.42	4.167
420.62	4.469
420.82	3.938
421.03	3.374
421.23	3.431
421.44	2.452
421.64	2.420
421.84	1.999
422.05	1.730
422.25	1.778
422.45	2.647
422.66	3.084
422.86	2.186
423.07	1.861
423.27	2.135
423.47	1.629
423.68	1.843
423.88	2.367
424.08	2.444
424.29	2.297
424.49	2.411
424.70	2.027
424.90	1.808
425.10	2.156
425.31	2.412
425.51	2.738
425.71	3.308
425.92	3.460
426.12	3.896
426.32	4.080
426.53	5.170
426.73	4.365
426.93	4.644
427.14	5.182
427.34	5.291
427.55	5.594
427.75	5.894
427.95	4.662
428.16	4.664
428.36	4.925
428.56	4.819
428.77	5.478
428.97	5.682
429.17	5.956
429.38	6.049
429.58	6.160
429.78	6.474
429.99	6.147
430.19	5.919
430.39	6.910
430.60	7.294
430.80	6.418
431.00	6.244
431.21	6.344
431.41	5.995
431.61	6.398
431.82	6.453
432.02	6.518
432.22	7.212
432.43	7.420
432.63	7.345
432.83	7.231
433.04	6.819
433.24	6.809
433.44	6.761
433.65	6.897
433.85	6.816
434.05	6.233
434.25	6.139
434.46	6.362
434.66	5.321
434.86	5.197
435.07	5.614
435.27	6.120
435.47	6.094
435.68	6.492
435.88	6.438
436.08	5.318
436.29	5.509
436.49	5.308
436.69	5.373
436.89	5.621
437.10	5.781
437.30	5.753
437.50	5.729
437.71	5.783
437.91	5.730
438.11	5.897
438.32	6.368
438.52	6.567
438.72	6.764
438.92	6.679
439.13	6.274
439.33	6.162
439.53	6.041
439.74	5.431
439.94	5.132
440.14	5.223
440.34	6.251
440.55	6.265
440.75	6.429
440.95	6.598
441.15	6.022
441.36	5.831
441.56	5.926
441.76	5.879
441.97	5.429
442.17	5.412
442.37	5.607
442.57	5.492
442.78	5.279
442.98	4.863
443.18	4.995
443.38	5.267
443.59	4.846
443.79	4.669
443.99	4.845
444.19	5.098
444.40	4.660
444.60	4.746
444.80	4.668
445.00	4.357
445.21	3.922
445.41	4.034
445.61	4.360
445.81	4.298
446.02	4.057
446.22	4.879
446.42	5.124
446.62	4.686
446.83	4.116
447.03	4.957
447.23	5.174
447.43	5.259
447.64	5.325
447.84	5.512
448.04	5.642
448.24	6.098
448.45	6.129
448.65	5.730
448.85	5.275
449.05	5.200
449.26	5.410
449.46	5.569
449.66	5.856
449.86	6.047
450.06	6.285
450.27	6.307
450.47	5.683
450.67	5.988
450.87	6.619
451.08	7.047
451.28	6.613
451.48	6.536
451.68	6.917
451.88	6.914
452.09	7.357
452.29	7.772
452.49	7.743
452.69	7.645
452.89	8.484
453.10	8.745
453.30	8.924
453.50	9.415
453.70	9.225
453.90	8.990
454.11	8.493
454.31	8.103
454.51	8.130
454.71	8.534
454.91	8.200
455.12	7.690
455.32	7.770
455.52	7.390
455.72	7.740
455.92	7.594
456.13	7.784
456.33	7.836
456.53	7.491
456.73	7.385
456.93	7.493
457.14	7.467
457.34	7.625
457.54	7.260
457.74	6.643
457.94	6.792
458.14	6.926
458.35	7.207
458.55	7.661
458.75	7.292
458.95	7.002
459.15	6.753
459.36	6.792
459.56	6.663
459.76	6.725
459.96	6.620
460.16	6.415
460.36	5.978
460.57	5.969
460.77	5.921
460.97	5.981
461.17	6.107
461.37	6.012
461.57	5.277
461.77	5.561
461.98	5.795
462.18	5.701
462.38	5.536
462.58	5.401
462.78	5.413
462.98	6.062
463.19	6.300
463.39	6.282
463.59	6.474
463.79	6.543
463.99	6.839
464.19	6.594
464.39	6.731
464.60	6.596
464.80	6.381
465.00	6.316
465.20	6.059
465.40	5.744
465.60	5.568
465.80	5.978
466.01	5.926
466.21	5.836
466.41	5.599
466.61	5.759
466.81	6.000
467.01	5.853
467.21	5.788
467.41	5.635
467.62	5.454
467.82	5.284
468.02	4.894
468.22	4.960
468.42	4.740
468.62	4.826
468.82	5.179
469.02	5.259
469.22	5.240
469.43	5.493
469.63	5.725
469.83	5.559
470.03	5.726
470.23	5.671
470.43	5.651
470.63	5.992
470.83	5.997
471.03	5.784
471.24	5.790
471.44	5.696
471.64	5.505
471.84	5.637
472.04	5.617
472.24	5.901
472.44	5.176
472.64	5.134
472.84	4.925
473.04	4.775
473.25	4.608
473.45	4.933
473.65	4.836
473.85	4.646
474.05	4.642
474.25	4.445
474.45	4.338
474.65	4.267
474.85	4.158
475.05	3.720
475.25	3.574
475.45	3.303
475.66	3.369
475.86	3.322
476.06	3.522
476.26	3.629
476.46	3.421
476.66	3.832
476.86	4.182
477.06	4.262
477.26	4.008
477.46	4.019
477.66	3.969
477.86	3.924
478.06	3.893
478.26	4.000
478.46	3.863
478.67	4.087
478.87	4.182
479.07	4.048
479.27	4.553
479.47	4.618
479.67	4.838
479.87	4.545
480.07	4.569
480.27	4.410
480.47	4.193
480.67	4.359
480.87	4.254
481.07	4.324
481.27	4.367
481.47	4.347
481.67	4.431
481.87	3.958
482.07	3.886
482.27	3.771
482.47	3.783
482.67	3.691
482.87	3.486
483.07	3.326
483.28	3.245
483.48	2.704
483.68	2.631
483.88	2.439
484.08	2.549
484.28	2.443
484.48	2.313
484.68	2.367
484.88	2.378
485.08	2.564
485.28	2.338
485.48	1.950
485.68	2.123
485.88	2.064
486.08	2.412
486.28	2.492
486.48	2.807
486.68	2.827
486.88	2.975
487.08	2.975
487.28	3.039
487.48	3.178
487.68	3.362
487.88	3.228
488.08	3.342
488.28	3.382
488.48	3.421
488.68	3.532
488.88	3.699
489.08	3.672
489.28	3.677
489.48	3.625
489.68	3.751
489.88	3.710
490.08	3.633
490.28	3.514
490.48	3.402
490.68	3.009
490.88	2.871
491.08	2.879
491.28	2.881
491.48	2.970
491.68	2.756
491.88	2.717
492.08	2.889
492.28	2.714
492.48	2.619
492.68	2.779
492.88	2.754
493.08	2.578
493.28	2.410
493.48	2.040
493.67	2.100
493.87	2.040
494.07	2.196
494.27	2.145
494.47	2.085
494.67	2.077
494.87	2.358
495.07	2.388
495.27	2.389
495.47	2.507
495.67	2.420
495.87	2.489
496.07	2.677
496.27	2.760
496.47	2.947
496.67	3.032
496.87	3.020
497.07	2.960
497.27	2.892
497.47	2.937
497.67	3.288
497.87	3.386
498.06	3.533
498.26	3.357
498.46	3.342
498.66	3.371
498.86	3.470
499.06	3.365
499.26	3.440
499.46	3.292
499.66	3.045
499.86	3.003
500.06	3.177
500.26	3.223
500.46	3.187
500.66	3.018
500.86	2.929
501.05	2.972
501.25	3.121
501.45	3.092
501.65	3.323
501.85	3.295
502.05	3.041
502.25	2.851
502.45	2.995
502.65	3.072
502.85	3.106
503.05	3.224
503.24	3.213
503.44	3.010
503.64	3.252
503.84	3.226
504.04	3.323
504.24	3.026
504.44	2.934
504.64	2.839
504.84	2.866
505.04	2.921
505.24	2.839
505.43	2.921
505.63	3.052
505.83	2.822
506.03	2.798
506.23	2.981
506.43	3.198
506.63	3.116
506.83	3.174
507.03	3.203
507.22	2.934
507.42	2.913
507.62	2.969
507.82	2.903
508.02	2.983
508.22	2.878
508.42	2.967
508.62	2.891
508.81	2.785
509.01	2.758
509.21	2.632
509.41	2.447
509.61	2.302
509.81	2.359
510.01	2.277
510.21	2.233
510.40	2.000
510.60	2.048
510.80	2.175
511.00	2.133
511.20	2.228
511.40	2.293
511.60	2.297
511.79	2.333
511.99	2.283
512.19	2.292
512.39	2.217
512.59	2.200
512.79	2.215
512.99	2.407
513.18	2.622
513.38	2.795
513.58	2.953
513.78	2.950
513.98	2.863
514.18	3.082
514.37	3.020
514.57	3.256
514.77	3.246
514.97	3.241
515.17	3.116
515.37	2.858
515.56	2.897
515.76	2.914
515.96	2.908
516.16	2.834
516.36	2.947
516.56	3.059
516.75	3.109
516.95	3.170
517.15	3.022
517.35	2.797
517.55	2.639
517.75	2.508
517.94	2.438
518.14	2.391
518.34	2.189
518.54	2.239
518.74	2.165
518.93	1.972
519.13	1.925
519.33	2.029
519.53	2.104
519.73	1.993
519.92	1.877
520.12	1.963
520.32	2.001
520.52	1.962
520.72	1.816
520.91	1.807
521.11	1.780
521.31	1.880
521.51	1.887
521.71	2.021
521.90	2.202
522.10	2.182
522.30	2.261
522.50	2.526
522.70	2.509
522.89	2.330
523.09	2.327
523.29	2.281
523.49	2.202
523.69	2.330
523.88	2.349
524.08	2.489
524.28	2.342
524.48	2.371
524.67	2.414
524.87	2.437
525.07	2.455
525.27	2.553
525.46	2.514
525.66	2.488
525.86	2.403
526.06	2.249
526.26	2.256
526.45	2.225
526.65	2.027
526.85	2.009
527.05	2.203
527.24	2.240
527.44	2.363
527.64	2.399
527.84	2.370
528.03	2.388
528.23	2.320
528.43	2.395
528.63	2.425
528.82	2.326
529.02	2.512
529.22	2.503
529.42	2.456
529.61	2.487
529.81	2.606
530.01	2.690
530.21	2.740
530.40	2.909
530.60	2.949
530.80	3.049
531.00	3.072
531.19	3.131
531.39	3.303
531.59	3.215
531.78	3.148
531.98	3.080
532.18	3.160
532.38	3.229
532.57	3.324
532.77	3.368
532.97	3.431
533.16	3.410
533.36	3.461
533.56	3.399
533.76	3.366
533.95	3.452
534.15	3.370
534.35	3.298
534.55	3.183
534.74	3.188
534.94	3.205
535.14	3.135
535.33	3.067
535.53	3.042
535.73	3.013
535.92	3.192
536.12	3.352
536.32	3.334
536.52	3.292
536.71	3.294
536.91	3.327
537.11	3.197
537.30	3.202
537.50	3.207
537.70	3.072
537.89	3.118
538.09	3.131
538.29	3.158
538.48	3.165
538.68	3.379
538.88	3.344
539.08	3.264
539.27	3.357
539.47	3.520
539.67	3.465
539.86	3.393
540.06	3.212
540.26	3.214
540.45	3.143
540.65	3.245
540.85	3.445
541.04	3.388
541.24	3.549
541.44	3.594
541.63	3.632
541.83	3.809
542.03	3.856
542.22	3.827
542.42	3.688
542.62	3.839
542.81	3.641
543.01	3.744
543.21	3.784
543.40	3.787
543.60	3.963
543.79	3.925
543.99	3.966
544.19	4.193
544.38	4.118
544.58	4.256
544.78	4.166
544.97	3.964
545.17	4.055
545.37	3.930
545.56	3.865
545.76	3.779
545.96	3.764
546.15	3.655
546.35	3.530
546.54	3.793
546.74	3.957
546.94	4.078
547.13	4.007
547.33	4.068
547.53	4.069
547.72	3.779
547.92	3.902
548.11	3.780
548.31	3.784
548.51	3.836
548.70	3.769
548.90	4.001
549.10	4.068
549.29	4.123
549.49	4.273
549.68	4.312
549.88	4.455
550.08	4.660
550.27	4.639
550.47	4.815
550.66	4.773
550.86	4.621
551.06	4.586
551.25	4.621
551.45	4.632
551.64	4.640
551.84	4.586
552.04	4.506
552.23	4.635
552.43	4.606
552.62	4.734
552.82	4.921
553.02	4.847
553.21	4.873
553.41	4.899
553.60	4.954
553.80	4.958
554.00	4.947
554.19	4.757
554.39	4.780
554.58	4.765
554.78	4.784
554.97	4.878
555.17	5.004
555.37	5.079
555.56	5.055
555.76	5.129
555.95	5.151
556.15	5.157
556.34	5.194
556.54	5.168
556.74	5.069
556.93	5.001
557.13	4.812
557.32	4.824
557.52	4.730
557.71	4.745
557.91	4.825
558.10	4.757
558.30	4.876
558.50	4.947
558.69	4.903
558.89	4.766
559.08	4.713
559.28	4.587
559.47	4.654
559.67	4.692
559.86	4.800
560.06	5.009
560.25	5.195
560.45	5.257
560.65	5.258
560.84	5.220
561.04	5.122
561.23	5.239
561.43	5.266
561.62	5.258
561.82	5.327
562.01	5.167
562.21	5.273
562.40	5.130
562.60	5.235
562.79	5.467
562.99	5.559
563.18	5.467
563.38	5.513
563.57	5.462
563.77	5.516
563.96	5.379
564.16	5.329
564.36	5.327
564.55	5.441
564.75	5.484
564.94	5.554
565.14	5.566
565.33	5.749
565.53	5.632
565.72	5.647
565.92	5.506
566.11	5.624
566.31	5.541
566.50	5.576
566.70	5.620
566.89	5.471
567.09	5.631
567.28	5.703
567.48	5.653
567.67	5.635
567.87	5.635
568.06	5.704
568.26	5.680
568.45	5.544
568.64	5.504
568.84	5.590
569.03	5.677
569.23	5.817
569.42	5.612
569.62	5.831
569.81	5.899
570.01	6.004
570.20	6.119
570.40	6.285
570.59	6.447
570.79	6.426
570.98	6.407
571.18	6.489
571.37	6.395
571.57	6.544
571.76	6.584
571.95	6.520
572.15	6.628
572.34	6.687
572.54	6.694
572.73	6.665
572.93	6.778
573.12	6.685
573.32	6.616
573.51	6.762
573.71	6.708
573.90	6.723
574.09	6.704
574.29	6.576
574.48	6.607
574.68	6.554
574.87	6.675
575.07	6.797
575.26	6.758
575.46	6.937
575.65	6.848
575.84	6.899
576.04	6.960
576.23	6.846
576.43	6.927
576.62	7.003
576.82	6.987
577.01	6.879
577.20	6.867
577.40	7.071
577.59	6.984
577.79	7.038
577.98	7.151
578.18	7.215
578.37	7.282
578.56	7.247
578.76	7.373
578.95	7.332
579.15	7.307
579.34	7.137
579.53	7.185
579.73	7.308
579.92	7.366
580.12	7.477
580.31	7.636
580.50	7.494
580.70	7.564
580.89	7.632
581.09	7.778
581.28	7.776
581.47	7.672
581.67	7.748
581.86	7.655
582.06	7.625
582.25	7.623
582.44	7.846
582.64	7.856
582.83	7.740
583.03	7.603
583.22	7.704
583.41	7.814
583.61	7.892
583.80	7.962
583.99	7.979
584.19	8.021
584.38	7.898
584.58	7.890
584.77	7.927
584.96	8.040
585.16	7.974
585.35	8.043
585.54	8.008
585.74	8.115
585.93	8.160
586.13	8.124
586.32	8.166
586.51	8.125
586.71	8.225
586.90	8.230
587.09	8.399
587.29	8.287
587.48	8.256
587.67	8.187
587.87	8.096
588.06	8.054
588.25	7.973
588.45	8.029
588.64	8.089
588.83	8.294
589.03	8.233
589.22	8.192
589.41	8.274
589.61	8.323
589.80	8.316
589.99	8.422
590.19	8.415
590.38	8.472
590.57	8.332
590.77	8.278
590.96	8.233
591.15	8.280
591.35	8.406
591.54	8.553
591.73	8.599
591.93	8.687
592.12	8.668
592.31	8.635
592.51	8.666
592.70	8.815
592.89	8.506
593.09	8.495
593.28	8.440
593.47	8.378
593.67	8.396
593.86	8.449
594.05	8.353
594.25	8.293
594.44	8.156
594.63	8.271
594.82	8.370
595.02	8.657
595.21	8.620
595.40	8.617
595.60	8.495
595.79	8.452
595.98	8.487
596.17	8.505
596.37	8.664
596.56	8.777
596.75	8.712
596.95	8.931
597.14	8.960
597.33	9.174
597.52	9.301
597.72	9.266
597.91	9.161
598.10	9.177
598.30	9.205
598.49	9.265
598.68	9.248
598.87	9.159
599.07	8.985
599.26	9.077
599.45	9.054
599.65	9.229
599.84	9.253
600.03	9.331
600.22	9.372
600.42	9.275
600.61	9.203
600.80	9.272
600.99	9.202
601.19	9.294
601.38	9.246
601.57	9.247
601.76	9.406
601.96	9.498
602.15	9.637
602.34	9.721
602.53	9.729
602.73	9.787
602.92	9.797
603.11	9.856
603.30	9.746
603.50	9.739
603.69	9.732
603.88	9.633
604.07	9.478
604.26	9.491
604.46	9.452
604.65	9.509
604.84	9.437
605.03	9.445
605.23	9.318
605.42	9.311
605.61	9.247
605.80	9.040
606.00	8.966
606.19	8.845
606.38	8.901
606.57	8.939
606.76	8.946
606.96	8.849
607.15	8.772
607.34	8.791
607.53	8.783
607.72	8.702
607.92	8.875
608.11	8.888
608.30	8.894
608.49	9.094
608.68	8.986
608.88	9.061
609.07	9.004
609.26	9.010
609.45	8.874
609.64	8.906
609.84	9.062
610.03	9.154
610.22	9.182
610.41	9.130
610.60	9.263
610.80	9.210
610.99	9.270
611.18	9.318
611.37	9.393
611.56	9.471
611.76	9.464
611.95	9.592
612.14	9.619
612.33	9.491
612.52	9.334
612.71	9.402
612.91	9.182
613.10	9.263
613.29	9.287
613.48	9.392
613.67	9.324
613.86	9.373
614.06	9.378
614.25	9.322
614.44	9.338
614.63	9.163
614.82	9.190
615.01	9.240
615.20	9.269
615.40	9.193
615.59	9.232
615.78	9.337
615.97	9.196
616.16	9.092
616.35	9.234
616.55	9.156
616.74	9.129
616.93	9.482
617.12	9.370
617.31	9.567
617.50	9.522
617.69	9.559
617.88	9.458
618.08	9.362
618.27	9.485
618.46	9.561
618.65	9.581
618.84	9.590
619.03	9.713
619.22	9.785
619.42	9.827
619.61	9.823
619.80	9.760
619.99	9.765
620.18	9.886
620.37	9.941
620.56	10.040
620.75	10.091
620.94	10.090
621.14	10.207
621.33	10.143
621.52	10.216
621.71	10.166
621.90	10.218
622.09	10.372
622.28	10.387
622.47	10.375
622.66	10.469
622.85	10.473
623.05	10.383
623.24	10.299
623.43	10.241
623.62	10.130
623.81	10.172
624.00	10.164
624.19	10.132
624.38	10.053
624.57	10.004
624.76	10.075
624.95	9.912
625.15	9.797
625.34	9.831
625.53	9.825
625.72	9.858
625.91	9.836
626.10	9.747
626.29	9.736
626.48	9.740
626.67	9.673
626.86	9.713
627.05	9.653
627.24	9.757
627.43	9.781
627.62	9.816
627.82	9.677
628.01	9.610
628.20	9.713
628.39	9.727
628.58	9.663
628.77	9.563
628.96	9.578
629.15	9.669
629.34	9.618
629.53	9.493
629.72	9.525
629.91	9.538
630.10	9.651
630.29	9.493
630.48	9.523
630.67	9.464
630.86	9.432
631.05	9.505
631.24	9.235
631.43	9.332
631.62	9.360
631.81	9.473
632.00	9.508
632.20	9.473
632.39	9.505
632.58	9.575
632.77	9.571
632.96	9.616
633.15	9.590
633.34	9.663
633.53	9.861
633.72	10.017
633.91	10.027
634.10	9.777
634.29	9.792
634.48	9.749
634.67	9.881
634.86	9.826
635.05	9.755
635.24	9.906
635.43	9.944
635.62	9.885
635.81	9.868
636.00	9.819
636.19	9.799
636.38	9.815
636.57	9.796
636.76	9.890
636.95	9.818
637.14	9.840
637.33	9.664
637.52	9.511
637.71	9.443
637.90	9.501
638.09	9.540
638.28	9.664
638.47	9.580
638.66	9.358
638.85	9.408
639.04	9.436
639.23	9.631
639.41	9.482
639.60	9.522
639.79	9.604
639.98	9.636
640.17	9.520
640.36	9.442
640.55	9.557
640.74	9.481
640.93	9.547
641.12	9.491
641.31	9.560
641.50	9.644
641.69	9.543
641.88	9.486
642.07	9.550
642.26	9.524
642.45	9.413
642.64	9.649
642.83	9.555
643.02	9.617
643.21	9.497
643.40	9.606
643.59	9.647
643.77	9.524
643.96	9.625
644.15	9.556
644.34	9.594
644.53	9.603
644.72	9.583
644.91	9.494
645.10	9.526
645.29	9.590
645.48	9.569
645.67	9.672
645.86	9.573
646.05	9.585
646.24	9.624
646.42	9.822
646.61	9.721
646.80	9.646
646.99	9.661
647.18	9.783
647.37	9.624
647.56	9.627
647.75	9.651
647.94	9.654
648.13	9.754
648.32	9.742
648.50	9.649
648.69	9.712
648.88	9.694
649.07	9.669
649.26	9.742
649.45	9.619
649.64	9.537
649.83	9.623
650.02	9.732
650.21	9.695
650.39	9.660
650.58	9.699
650.77	9.823
650.96	9.745
651.15	9.546
651.34	9.731
651.53	9.648
651.72	9.786
651.90	9.829
652.09	9.954
652.28	9.846
652.47	10.021
652.66	9.827
652.85	9.881
653.04	9.943
653.23	9.799
653.41	9.924
653.60	9.882
653.79	9.947
653.98	9.668
654.17	9.730
654.36	9.792
654.55	9.771
654.73	9.831
654.92	9.948
655.11	9.848
655.30	9.765
655.49	9.744
655.68	9.640
655.87	9.600
656.05	9.587
656.24	9.703
656.43	9.518
656.62	9.729
656.81	9.782
657.00	9.777
657.18	9.786
657.37	9.782
657.56	9.922
657.75	9.970
657.94	10.221
658.13	10.384
658.31	10.173
658.50	10.154
658.69	10.150
658.88	10.111
659.07	10.114
659.26	10.094
659.44	10.067
659.63	10.018
659.82	10.036
660.01	10.039
660.20	9.857
660.38	9.929
660.57	9.819
660.76	9.746
660.95	9.753
661.14	9.768
661.32	9.791
661.51	9.569
661.70	9.477
661.89	9.386
662.08	9.171
662.26	9.250
662.45	9.426
662.64	9.349
662.83	9.291
663.02	9.335
663.20	9.416
663.39	9.407
663.58	9.487
663.77	9.352
663.96	9.205
664.14	9.363
664.33	9.379
664.52	9.452
664.71	9.448
664.89	9.440
665.08	9.289
665.27	9.317
665.46	9.534
665.64	9.536
665.83	9.457
666.02	9.485
666.21	9.502
666.40	9.351
666.58	9.368
666.77	9.432
666.96	9.603
667.15	9.580
667.33	9.623
667.52	9.496
667.71	9.538
667.90	9.726
668.08	9.844
668.27	9.726
668.46	9.727
668.65	9.742
668.83	9.839
669.02	9.866
669.21	9.764
669.40	9.664
669.58	9.540
669.77	9.642
669.96	9.514
670.14	9.509
670.33	9.444
670.52	9.375
670.71	9.296
670.89	9.087
671.08	9.106
671.27	9.192
671.46	9.301
671.64	9.327
671.83	9.131
672.02	9.069
672.20	9.234
672.39	9.258
672.58	8.929
672.77	8.795
672.95	8.832
673.14	8.976
673.33	9.018
673.51	9.023
673.70	8.975
673.89	9.033
674.08	9.001
674.26	9.031
674.45	9.135
674.64	9.145
674.82	9.301
675.01	9.349
675.20	9.415
675.38	9.319
675.57	9.360
675.76	9.525
675.94	9.508
676.13	9.524
676.32	9.424
676.51	9.604
676.69	9.574
676.88	9.537
677.07	9.440
677.25	9.266
677.44	9.420
677.63	9.454
677.81	9.403
678.00	9.420
678.19	9.469
678.37	9.616
678.56	9.617
678.75	9.683
678.93	9.543
679.12	9.383
679.31	9.420
679.49	9.425
679.68	9.436
679.87	9.497
680.05	9.621
680.24	9.804
680.42	9.906
680.61	9.996
680.80	10.123
680.98	10.099
681.17	10.231
681.36	10.372
681.54	10.354
681.73	10.489
681.92	10.561
682.10	10.489
682.29	10.587
682.48	10.687
682.66	10.675
682.85	10.565
683.03	10.589
683.22	10.648
683.41	10.635
683.59	10.359
683.78	10.180
683.97	10.102
684.15	9.875
684.34	9.916
684.52	9.936
684.71	9.834
684.90	9.910
685.08	10.134
685.27	9.989
685.45	10.087
685.64	10.031
685.83	10.017
686.01	10.122
686.20	9.977
686.39	9.936
686.57	9.838
686.76	10.092
686.94	10.092
687.13	9.984
687.31	9.947
687.50	10.225
687.69	10.412
687.87	10.174
688.06	10.213
688.24	10.216
688.43	10.221
688.62	10.313
688.80	10.348
688.99	10.165
689.17	10.120
689.36	9.958
689.55	10.021
689.73	10.097
689.92	9.969
690.10	9.890
690.29	9.826
690.47	9.805
690.66	9.674
690.84	9.646
691.03	9.751
691.22	9.834
691.40	9.821
691.59	9.498
691.77	9.514
691.96	9.352
692.14	9.455
692.33	9.274
692.52	9.363
692.70	9.367
692.89	9.269
693.07	9.176
693.26	9.356
693.44	9.431
693.63	9.275
693.81	9.331
694.00	9.425
694.18	9.482
694.37	9.709
694.55	9.674
694.74	9.619
694.93	9.370
695.11	9.388
695.30	9.364
695.48	9.544
695.67	9.582
695.85	9.746
696.04	9.638
696.22	9.748
696.41	9.542
696.59	9.373
696.78	9.174
696.96	9.219
697.15	9.174
697.33	8.905
697.52	8.952
697.70	9.086
697.89	8.913
698.07	8.570
698.26	8.475
698.44	8.438
698.63	8.567
698.81	8.686
699.00	8.549
699.18	8.538
699.37	8.770
699.55	8.887
699.74	9.001
699.92	9.170
700.11	9.016
700.29	9.053
700.48	9.011
700.66	9.293
700.85	9.320
701.03	9.084
701.22	9.176
701.40	9.264
701.59	9.177
701.77	9.145
701.96	9.410
702.14	9.317
702.33	9.477
702.51	9.291
702.69	9.263
702.88	9.134
703.06	9.083
703.25	8.924
703.43	8.955
703.62	8.891
703.80	8.926
703.99	9.224
704.17	9.180
704.36	9.355
704.54	9.452
704.73	9.409
704.91	9.591
705.09	9.535
705.28	9.641
705.46	9.662
705.65	9.851
705.83	9.977
706.02	10.109
706.20	10.210
706.38	10.274
706.57	10.413
706.75	10.620
706.94	10.892
707.12	10.984
707.31	10.970
707.49	10.663
707.67	10.564
707.86	10.419
708.04	10.473
708.23	10.320
708.41	10.058
708.60	10.072
708.78	10.224
708.96	10.331
709.15	10.254
709.33	10.459
709.52	10.244
709.70	10.110
709.88	10.046
710.07	9.795
710.25	9.989
710.44	10.101
710.62	10.034
710.80	9.972
710.99	9.806
711.17	9.604
711.36	10.061
711.54	9.930
711.72	9.984
711.91	9.996
712.09	10.083
712.28	10.187
712.46	10.115
712.64	9.875
712.83	9.765
713.01	9.603
713.20	9.582
713.38	9.634
713.56	9.642
713.75	9.452
713.93	9.482
714.11	9.288
714.30	8.931
714.48	9.079
714.66	9.005
714.85	8.895
715.03	8.879
715.22	8.918
715.40	8.773
715.58	8.751
715.77	8.760
715.95	8.841
716.13	8.862
716.32	8.896
716.50	9.054
716.68	9.160
716.87	9.375
717.05	8.999
717.23	9.084
717.42	9.167
717.60	9.409
717.78	9.472
717.97	9.701
718.15	10.100
718.33	10.174
718.52	10.020
718.70	10.180
718.88	10.245
719.07	10.037
719.25	10.082
719.43	10.006
719.62	9.873
719.80	9.748
719.98	9.616
720.17	9.707
720.35	9.898
720.53	9.918
720.72	9.831
720.90	10.083
721.08	10.191
721.27	10.029
721.45	9.963
721.63	10.155
721.81	10.159
722.00	10.143
722.18	9.884
722.36	9.881
722.55	9.960
722.73	10.164
722.91	10.123
723.10	10.187
723.28	10.229
723.46	10.439
723.64	10.536
723.83	10.838
724.01	10.766
724.19	10.407
724.38	10.286
724.56	10.223
724.74	9.958
724.92	9.894
725.11	9.784
725.29	9.632
725.47	9.606
725.66	9.380
725.84	9.203
726.02	9.190
726.20	9.127
726.39	9.218
726.57	9.104
726.75	9.185
726.93	9.389
727.12	9.299
727.30	9.177
727.48	9.033
727.66	9.058
727.85	9.009
728.03	9.001
728.21	9.326
728.39	9.232
728.58	9.466
728.76	9.457
728.94	9.781
729.12	9.751
729.31	9.530
729.49	9.834
729.67	9.623
729.85	9.544
730.04	9.761
730.22	9.639
730.40	9.673
730.58	9.507
730.76	9.274
730.95	9.355
731.13	9.330
731.31	9.305
731.49	9.204
731.68	9.508
731.86	9.566
732.04	9.178
732.22	9.323
732.40	9.539
732.59	9.436
732.77	9.410
732.95	9.821
733.13	9.942
733.31	9.701
733.50	9.956
733.68	10.037
733.86	9.784
734.04	9.640
734.22	9.653
734.41	10.033
734.59	10.269
734.77	10.456
734.95	10.472
735.13	10.969
735.32	11.065
735.50	10.902
735.68	10.837
735.86	11.146
736.04	11.288
736.22	10.999
736.41	10.615
736.59	10.431
736.77	10.109
736.95	9.956
737.13	10.054
737.32	9.797
737.50	9.812
737.68	9.945
737.86	9.865
738.04	9.979
738.22	9.769
738.41	9.889
738.59	9.531
738.77	9.418
738.95	9.080
739.13	8.947
739.31	9.171
739.49	9.215
739.68	8.997
739.86	8.653
740.04	8.511
740.22	9.117
740.40	9.223
740.58	9.416
740.76	9.611
740.95	9.571
741.13	9.820
741.31	9.897
741.49	9.823
741.67	9.808
741.85	9.663
742.03	9.577
742.21	9.343
742.40	9.595
742.58	9.654
742.76	9.671
742.94	9.689
743.12	9.499
743.30	9.570
743.48	9.589
743.66	9.927
743.85	10.004
744.03	9.904
744.21	10.036
744.39	9.872
744.57	9.841
744.75	9.809
744.93	9.754
745.11	9.787
745.29	9.933
745.47	10.068
745.66	9.663
745.84	9.730
746.02	9.532
746.20	9.550
746.38	9.817
746.56	9.567
746.74	9.532
746.92	9.538
747.10	9.498
747.28	9.528
747.46	9.208
747.64	9.087
747.83	8.973
748.01	8.751
748.19	8.840
748.37	8.604
748.55	8.485
748.73	8.449
748.91	8.307
749.09	8.253
749.27	8.104
749.45	8.676
749.63	8.569
749.81	8.674
749.99	8.735
750.17	8.429
750.35	8.496
750.53	8.491
750.72	8.627
750.90	8.612
751.08	8.508
751.26	8.626
751.44	8.610
751.62	8.742
751.80	8.833
751.98	8.627
752.16	8.577
752.34	8.756
752.52	8.660
752.70	8.872
752.88	9.104
753.06	9.192
753.24	8.881
753.42	8.919
753.60	9.174
753.78	9.325
753.96	9.553
754.14	9.789
754.32	9.924
754.50	9.931
754.68	9.929
754.86	10.070
755.04	9.850
755.22	10.014
755.40	9.809
755.58	9.900
755.76	10.095
755.94	10.442
756.12	10.443
756.30	10.440
756.48	10.136
756.66	9.987
756.84	10.028
757.02	10.274
757.20	10.307
757.38	9.997
757.56	9.798
757.74	9.671
757.92	9.585
758.10	9.519
758.28	9.253
758.46	9.380
758.64	9.186
758.82	9.473
759.00	9.514
759.18	9.677
759.36	9.625
759.54	9.629
759.72	9.416
759.90	9.338
760.08	9.397
760.26	9.540
760.44	9.418
760.62	9.654
760.80	9.506
760.98	9.536
761.16	9.743
761.33	9.479
761.51	9.638
761.69	9.810
761.87	9.853
762.05	10.042
762.23	9.908
762.41	10.051
762.59	10.011
762.77	9.884
762.95	9.660
763.13	9.721
763.31	9.672
763.49	9.874
763.67	9.651
763.85	9.938
764.03	9.665
764.21	9.713
764.38	9.383
764.56	9.511
764.74	9.654
764.92	9.554
765.10	9.752
765.28	9.736
765.46	9.422
765.64	9.388
765.82	9.167
766.00	9.236
766.18	9.092
766.35	9.110
766.53	9.083
766.71	9.048
766.89	9.011
767.07	8.881
767.25	8.615
767.43	8.830
767.61	8.688
767.79	8.857
767.97	8.748
768.14	8.843
768.32	8.588
768.50	8.337
768.68	8.447
768.86	8.281
769.04	8.134
769.22	8.217
769.40	8.461
769.58	8.788
769.75	8.673
769.93	8.885
770.11	8.657
770.29	8.896
770.47	9.361
770.65	9.331
770.83	9.469
771.00	9.633
771.18	9.706
771.36	9.548
771.54	9.676
771.72	9.823
771.90	9.996
772.08	10.287
772.25	10.565
772.43	10.335
772.61	10.665
772.79	10.726
772.97	10.988
773.15	10.581
773.33	10.069
773.50	10.183
773.68	9.972
773.86	10.068
774.04	10.252
774.22	10.065
774.40	10.020
774.57	9.780
774.75	9.493
774.93	9.479
775.11	9.594
775.29	10.036
775.46	10.171
775.64	9.983
775.82	9.962
776.00	9.754
776.18	10.001
776.36	9.743
776.53	9.860
776.71	9.974
776.89	10.071
777.07	10.229
777.25	10.016
777.42	10.225
777.60	10.435
777.78	10.217
777.96	10.300
778.14	10.479
778.31	10.428
778.49	10.614
778.67	10.829
778.85	10.822
779.03	10.631
779.20	10.178
779.38	10.399
779.56	10.249
779.74	10.455
779.91	10.223
780.09	10.590
780.27	10.367
780.45	10.148
780.63	9.786
780.80	10.032
780.98	10.452
781.16	10.397
781.34	10.186
781.51	10.104
781.69	9.966
781.87	9.958
782.05	10.244
782.22	10.224
782.40	10.141
782.58	10.011
782.76	9.593
782.93	9.984
783.11	10.050
783.29	10.219
783.47	9.771
783.64	9.872
783.82	9.453
784.00	9.430
784.18	9.191
784.35	9.678
784.53	9.545
784.71	9.304
784.89	9.539
785.06	9.868
785.24	9.807
785.42	9.798
785.60	9.661
785.77	9.670
785.95	9.405
786.13	9.226
786.30	9.466
786.48	10.018
786.66	10.112
786.84	9.742
787.01	9.560
787.19	9.878
787.37	9.879
787.54	10.352
787.72	10.104
787.90	10.296
788.07	10.638
788.25	10.999
788.43	10.993
788.61	10.878
788.78	10.650
788.96	10.494
789.14	10.472
789.31	10.670
789.49	10.704
789.67	11.047
789.84	11.166
790.02	10.998
790.20	10.850
790.37	10.402
790.55	10.757
790.73	10.937
790.90	11.127
791.08	11.607
791.26	11.404
791.43	11.981
791.61	11.845
791.79	11.827
791.96	11.831
792.14	12.466
792.32	12.310
792.49	12.332
792.67	12.621
792.85	12.362
793.02	11.740
793.20	11.790
793.38	11.975
793.55	12.113
793.73	12.139
793.91	11.613
794.08	12.202
794.26	11.593
794.44	11.553
794.61	11.402
794.79	11.318
794.97	11.687
795.14	11.404
795.32	11.645
795.49	11.036
795.67	10.788
795.85	10.634
796.02	10.980
796.20	10.884
796.38	10.971
796.55	11.355
796.73	11.842
796.90	12.296
797.08	12.232
797.26	11.789
797.43	12.156
797.61	12.201
797.78	12.057
797.96	12.432
798.14	12.333
798.31	11.872
798.49	11.807
798.66	11.702
798.84	11.771
799.02	11.773
799.19	12.002
799.37	12.088
799.54	11.745
799.72	11.582
799.90	11.979
800.07	12.020
800.25	11.815
800.42	11.793
800.60	11.563
800.78	11.617
800.95	11.727
801.13	12.109
801.30	12.630
801.48	12.024
801.65	12.272
801.83	12.247
802.01	12.514
802.18	12.440
802.36	11.925
802.53	12.297
802.71	12.248
802.88	12.005
803.06	11.883
803.23	11.943
803.41	12.277
803.59	12.475
803.76	12.600
803.94	12.510
804.11	12.517
804.29	12.204
804.46	12.263
804.64	12.685
804.81	11.522
804.99	11.689
805.16	11.706
805.34	11.696
805.52	11.869
805.69	11.987
805.87	11.478
806.04	12.203
806.22	11.481
806.39	11.573
806.57	11.210
806.74	11.220
806.92	10.750
807.09	10.483
807.27	10.119
807.44	10.263
807.62	10.363
807.79	10.161
807.97	9.993
808.14	10.109
808.32	10.343
808.49	10.623
808.67	9.925
808.84	10.465
809.02	10.867
809.19	10.897
809.37	10.685
809.54	11.200
809.72	10.339
809.89	10.900
810.07	10.728
810.24	11.522
810.42	11.978
810.59	12.034
810.77	12.051
810.94	11.849
811.12	11.692
811.29	11.796
811.47	11.774
811.64	11.951
811.82	11.495
811.99	10.718
812.16	11.109
812.34	11.526
812.51	11.952
812.69	11.680
812.86	11.565
813.04	11.549
813.21	11.015
813.39	11.453
813.56	11.751
813.74	11.408
813.91	10.834
814.08	10.333
814.26	11.159
814.43	11.160
814.61	11.447
814.78	11.016
814.96	11.113
815.13	11.568
815.31	11.476
815.48	11.898
815.65	12.230
815.83	12.230
816.00	12.455
816.18	12.194
816.35	11.633
816.53	10.927
816.70	11.374
816.87	11.957
817.05	12.193
817.22	11.786
817.40	12.282
817.57	12.740
817.74	13.088
817.92	12.090
818.09	12.122
818.27	11.963
818.44	11.881
818.62	12.228
818.79	11.783
818.96	12.147
819.14	12.135
819.31	12.156
819.49	12.547
819.66	12.434
819.83	12.242
820.01	12.376
820.18	13.035
820.35	12.956
820.53	13.029
820.70	12.573
820.88	13.016
821.05	12.837
821.22	13.021
821.40	12.622
821.57	13.618
821.74	13.532
821.92	13.411
822.09	13.873
822.27	13.270
822.44	13.619
822.61	13.140
822.79	13.147
822.96	12.799
823.13	13.174
823.31	12.733
823.48	12.660
823.65	12.425
823.83	12.052
824.00	12.044
824.17	11.755
824.35	12.240
824.52	12.068
824.69	11.819
824.87	11.663
825.04	11.962
825.22	10.736
825.39	10.275
825.56	10.793
825.74	9.898
825.91	10.325
826.08	10.301
826.25	10.269
826.43	9.640
826.60	9.583
826.77	8.467
826.95	8.917
827.12	9.177
827.29	9.404
827.47	9.648
827.64	9.675
827.81	9.905
827.99	8.932
828.16	8.627
828.33	9.642
828.51	9.523
828.68	8.909
828.85	9.753
829.02	9.615
829.20	9.680
829.37	10.914
829.54	10.362
829.72	10.055
829.89	10.848
830.06	11.253
830.23	12.202
830.41	12.772
830.58	12.648
830.75	12.477
830.93	13.037
831.10	13.161
831.27	13.144
831.44	13.102
831.62	13.841
831.79	13.898
831.96	13.845
832.13	13.491
832.31	14.358
832.48	14.447
832.65	15.489
832.83	15.213
833.00	14.340
833.17	14.606
833.34	13.892
833.52	13.217
833.69	12.648
833.86	12.097
834.03	12.513
834.21	12.719
834.38	11.908
834.55	12.087
834.72	12.605
834.89	12.469
835.07	12.497
835.24	11.183
835.41	11.116
835.58	10.931
835.76	10.741
835.93	9.851
836.10	9.173
836.27	9.163
836.45	9.027
836.62	10.091
836.79	9.838
836.96	10.776
837.13	10.399
837.31	11.359
837.48	11.731
837.65	11.297
837.82	11.117
837.99	11.943
838.17	11.735
838.34	10.818
838.51	10.269
838.68	9.263
838.85	10.698
839.03	11.214
839.20	11.495
839.37	12.132
839.54	12.459
839.71	12.776
839.89	11.396
840.06	11.502
840.23	10.622
840.40	11.152
840.57	10.523
840.74	11.496
840.92	11.735
841.09	11.244
841.26	10.653
841.43	10.546
841.60	10.334
841.78	9.879
841.95	10.915
842.12	11.842
842.29	12.582
842.46	12.774
842.63	12.818
842.80	11.845
842.98	11.994
843.15	10.961
843.32	10.867
843.49	10.892
843.66	9.634
843.83	10.206
844.00	9.861
844.18	9.833
844.35	9.845
844.52	9.415
844.69	9.677
844.86	10.113
845.03	9.608
845.20	9.754
845.38	9.802
845.55	9.765
845.72	9.987
845.89	8.937
846.06	8.625
846.23	8.003
846.40	7.878
846.57	8.129
846.75	8.969
846.92	9.448
847.09	10.770
847.26	12.404
847.43	12.254
847.60	12.646
847.77	14.525
847.94	14.649
848.11	14.100
848.28	13.571
848.46	13.249
848.63	13.283
848.80	13.671
848.97	14.875
849.14	14.280
849.31	14.076
849.48	14.847
849.65	14.734
849.82	14.360
849.99	14.221
850.16	15.001
850.33	15.466
850.51	16.601
850.68	15.601
850.85	16.103
851.02	16.097
851.19	15.795
851.36	14.804
851.53	14.521
851.70	14.509
851.87	15.282
852.04	15.284
852.21	16.306
852.38	16.172
852.55	15.007
852.72	14.145
852.89	14.269
853.06	14.563
853.24	15.196
853.41	14.562
853.58	14.322
853.75	12.671
853.92	12.713
854.09	13.744
854.26	14.978
854.43	14.364
854.60	14.891
854.77	15.674
854.94	16.530
855.11	16.978
855.28	17.924
855.45	18.492
855.62	18.033
855.79	18.043
855.96	18.912
856.13	20.490
856.30	22.197
856.47	21.301
856.64	21.808
856.81	21.479
856.98	22.564
857.15	23.507
857.32	24.548
857.49	24.100
857.66	21.041
857.83	20.318
858.00	20.182
858.17	20.262
858.34	19.004
858.51	18.187
858.68	17.936
858.85	18.845
859.02	17.197
859.19	18.331
859.36	17.841
859.53	17.021
859.70	15.094
859.87	14.634
860.04	16.431
860.21	15.910
860.38	15.816
860.55	15.622
860.72	14.535
860.89	13.579
861.06	14.597
861.23	14.671
861.40	15.664
861.56	15.693
861.73	15.655
861.90	16.651
862.07	16.963
862.24	16.586
862.41	16.191
862.58	15.875
862.75	15.116
862.92	15.189
863.09	15.214
863.26	14.777
863.43	14.579
863.60	13.743
863.77	13.931
863.94	14.370
864.11	15.612
864.28	17.074
864.44	17.167
864.61	16.877
864.78	19.224
864.95	19.563
865.12	19.603
865.29	18.763
865.46	19.674
865.63	19.891
865.80	19.830
865.97	18.650
866.14	20.010
866.31	22.297
866.47	22.692
866.64	23.009
866.81	25.573
866.98	26.238
867.15	26.237
867.32	26.598
867.49	26.239
867.66	26.513
867.83	26.364
867.99	26.034
868.16	26.598
868.33	26.402
868.50	25.526
868.67	25.067
868.84	24.421
869.01	22.026
869.18	21.516
869.35	23.513
869.51	24.809
869.68	26.382
869.85	24.983
870.02	25.279
870.19	25.526
870.36	25.453
870.53	25.710
870.69	24.500
870.86	24.275
871.03	22.317
871.20	21.452
871.37	20.288
871.54	22.114
871.71	21.525
871.87	19.991
872.04	18.979
872.21	17.468
872.38	17.307
872.55	19.478
872.72	18.087
872.88	17.030
873.05	16.180
873.22	13.500
873.39	15.088
873.56	12.483
873.73	11.409
873.89	10.346
874.06	8.446
874.23	12.179
874.40	12.178
874.57	15.445
874.73	14.733
874.90	14.895
875.07	12.804
875.24	13.057
875.41	13.809
875.57	15.061
875.74	16.274
875.91	16.841
876.08	16.492
876.25	20.775
876.41	16.935
876.58	17.786
876.75	18.017
876.92	15.299
877.09	18.470
877.25	18.331
877.42	18.191
877.59	20.815
877.76	17.613
877.93	17.659
878.09	16.369
878.26	17.157
878.43	19.975
878.60	19.444
878.76	18.039
878.93	18.289
879.10	17.176
879.27	19.432
879.43	20.100
879.60	20.128
879.77	15.947
879.94	19.120
880.10	16.889
880.27	18.079
880.44	19.949
880.61	18.712
880.77	18.356
880.94	18.342
881.11	16.390
881.28	16.529
881.44	16.190
881.61	16.648
881.78	15.953
881.95	14.109
882.11	16.004
882.28	16.261
882.45	16.014
882.62	18.002
882.78	15.705
882.95	14.333
883.12	14.085
883.28	16.504
883.45	15.639
883.62	18.176
883.79	17.235
883.95	16.734
884.12	19.173
884.29	20.973
884.45	18.525
884.62	20.333
884.79	19.717
884.96	22.870
885.12	21.903
885.29	43.464
885.46	20.048
885.62	28.399
885.79	90.640
885.96	64.671
886.12	-7.921
886.29	65.248
886.46	-15.528
886.62	61.850
886.79	-5.639
