178.99	443.590
179.20	443.590
179.42	443.590
179.63	240.741
179.84	183.019
180.06	-236.667
180.27	-637.500
180.49	-58.140
180.70	-400.000
180.92	-174.809
181.13	-2015.172
181.35	-1499.482
181.56	-5900.000
181.77	4865.625
181.99	9045.714
182.20	4131.169
182.42	1757.692
182.63	962.606
182.85	603.512
183.06	520.405
183.28	395.033
183.49	318.680
183.70	254.650
183.92	237.096
184.13	236.043
184.35	228.306
184.56	218.631
184.78	205.188
184.99	188.221
185.21	190.150
185.42	195.085
185.63	184.792
185.85	170.400
186.06	180.843
186.28	179.054
186.49	173.628
186.71	185.784
186.92	193.552
187.13	198.031
187.35	228.428
187.56	243.198
187.78	226.073
187.99	243.056
188.21	298.994
188.42	312.566
188.63	289.650
188.85	290.797
189.06	309.922
189.28	312.858
189.49	286.016
189.71	298.893
189.92	292.993
190.13	289.849
190.35	312.456
190.56	331.250
190.78	326.401
190.99	320.785
191.20	324.532
191.42	293.201
191.63	307.201
191.85	270.463
192.06	231.255
192.28	244.953
192.49	246.515
192.70	228.105
192.92	266.751
193.13	278.540
193.35	281.283
193.56	289.273
193.77	289.174
193.99	320.242
194.20	347.619
194.42	326.167
194.63	330.636
194.84	329.595
195.06	315.699
195.27	308.060
195.49	283.890
195.70	292.145
195.91	318.424
196.13	287.426
196.34	279.668
196.56	307.018
196.77	348.710
196.98	286.254
197.20	319.659
197.41	279.511
197.63	276.506
197.84	280.603
198.05	261.813
198.27	294.634
198.48	305.202
198.70	300.629
198.91	285.800
199.12	312.312
199.34	307.494
199.55	265.699
199.76	285.408
199.98	343.941
200.19	323.001
200.41	313.815
200.62	341.773
200.83	345.714
201.05	309.815
201.26	283.037
201.48	346.673
201.69	307.561
201.90	287.273
202.12	279.100
202.33	269.113
202.54	291.476
202.76	254.203
202.97	241.704
203.19	221.514
203.40	209.537
203.61	197.989
203.83	211.027
204.04	238.879
204.25	232.992
204.47	221.226
204.68	216.958
204.89	201.400
205.11	191.820
205.32	199.695
205.54	209.630
205.75	193.431
205.96	186.270
206.18	204.486
206.39	203.917
206.60	201.183
206.82	206.573
207.03	184.188
207.24	196.900
207.46	204.832
207.67	213.061
207.89	228.319
208.10	220.281
208.31	222.921
208.53	219.799
208.74	219.247
208.95	209.342
209.17	206.375
209.38	220.632
209.59	217.091
209.81	202.662
210.02	196.675
210.23	232.862
210.45	247.317
210.66	234.065
210.87	234.317
211.09	243.711
211.30	233.263
211.51	231.513
211.73	230.333
211.94	229.152
212.15	229.689
212.37	222.323
212.58	222.974
212.79	209.789
213.01	200.494
213.22	192.440
213.43	195.073
213.65	190.486
213.86	196.421
214.07	198.801
214.29	214.536
214.50	220.654
214.71	200.782
214.93	197.267
215.14	181.332
215.35	191.404
215.57	195.238
215.78	198.363
215.99	201.652
216.21	198.017
216.42	200.669
216.63	202.119
216.85	224.541
217.06	222.838
217.27	221.815
217.49	219.739
217.70	236.868
217.91	254.926
218.13	262.007
218.34	233.844
218.55	227.436
218.77	212.131
218.98	210.972
219.19	241.428
219.40	229.282
219.62	225.718
219.83	209.650
220.04	205.094
220.26	206.142
220.47	229.427
220.68	215.826
220.90	215.184
221.11	210.609
221.32	198.022
221.54	204.294
221.75	208.256
221.96	216.083
222.17	215.639
222.39	214.013
222.60	214.301
222.81	228.156
223.03	225.028
223.24	227.588
223.45	225.635
223.67	207.474
223.88	202.285
224.09	217.694
224.30	221.373
224.52	233.313
224.73	229.686
224.94	231.200
225.16	244.811
225.37	265.022
225.58	295.556
225.79	314.904
226.01	314.764
226.22	307.031
226.43	273.288
226.65	265.284
226.86	219.971
227.07	245.115
227.28	227.224
227.50	236.805
227.71	240.663
227.92	250.482
228.14	264.417
228.35	257.533
228.56	259.225
228.77	239.667
228.99	233.723
229.20	250.937
229.41	221.467
229.62	217.380
229.84	206.486
230.05	192.126
230.26	177.347
230.48	178.799
230.69	184.779
230.90	203.635
231.11	215.518
231.33	249.467
231.54	232.511
231.75	251.438
231.96	253.466
232.18	231.344
232.39	217.735
232.60	209.722
232.81	235.580
233.03	226.869
233.24	240.398
233.45	226.332
233.66	208.546
233.88	214.212
234.09	216.796
234.30	212.535
234.51	231.971
234.73	244.690
234.94	258.998
235.15	261.163
235.36	222.184
235.58	200.914
235.79	198.856
236.00	213.611
236.21	213.233
236.43	231.634
236.64	249.871
236.85	273.442
237.06	270.188
237.28	254.043
237.49	237.291
237.70	215.240
237.91	228.321
238.13	241.732
238.34	271.442
238.55	259.169
238.76	248.066
238.98	225.806
239.19	240.138
239.40	230.994
239.61	246.582
239.83	247.129
240.04	265.597
240.25	261.685
240.46	229.352
240.67	224.319
240.89	195.189
241.10	201.427
241.31	199.152
241.52	198.413
241.74	195.843
241.95	200.966
242.16	212.246
242.37	216.687
242.58	215.993
242.80	207.202
243.01	217.404
243.22	214.003
243.43	210.895
243.65	204.921
243.86	211.257
244.07	204.465
244.28	215.171
244.49	206.819
244.71	206.815
244.92	203.371
245.13	210.487
245.34	237.318
245.55	211.516
245.77	196.694
245.98	185.297
246.19	174.060
246.40	174.608
246.62	177.806
246.83	170.610
247.04	166.540
247.25	162.580
247.46	158.487
247.68	166.295
247.89	169.853
248.10	176.592
248.31	165.503
248.52	158.857
248.74	163.440
248.95	171.270
249.16	171.354
249.37	190.899
249.58	175.238
249.79	151.355
250.01	166.999
250.22	170.503
250.43	187.019
250.64	201.425
250.85	203.733
251.07	205.769
251.28	202.265
251.49	194.448
251.70	191.200
251.91	180.198
252.13	181.399
252.34	181.206
252.55	165.084
252.76	168.354
252.97	165.974
253.18	157.863
253.40	157.409
253.61	156.980
253.82	142.929
254.03	149.133
254.24	163.641
254.46	159.274
254.67	165.962
254.88	170.876
255.09	176.692
255.30	167.324
255.51	161.371
255.73	170.959
255.94	183.250
256.15	204.971
256.36	219.231
256.57	209.418
256.78	204.592
257.00	211.508
257.21	216.107
257.42	231.862
257.63	259.344
257.84	252.660
258.05	247.854
258.26	263.741
258.48	269.481
258.69	268.956
258.90	276.895
259.11	266.895
259.32	246.815
259.53	240.617
259.75	266.878
259.96	279.545
260.17	253.846
260.38	238.012
260.59	205.279
260.80	212.641
261.01	210.908
261.23	203.604
261.44	215.957
261.65	203.242
261.86	187.427
262.07	170.972
262.28	160.780
262.49	153.672
262.71	150.944
262.92	149.757
263.13	150.549
263.34	150.934
263.55	152.241
263.76	153.996
263.97	152.342
264.19	152.523
264.40	153.220
264.61	150.127
264.82	155.514
265.03	167.356
265.24	170.193
265.45	175.052
265.66	175.217
265.88	171.155
266.09	174.643
266.30	186.571
266.51	205.355
266.72	218.856
266.93	237.428
267.14	234.518
267.35	255.498
267.57	259.013
267.78	247.962
267.99	245.560
268.20	248.333
268.41	255.238
268.62	258.114
268.83	269.399
269.04	309.656
269.25	285.616
269.47	260.887
269.68	237.581
269.89	239.596
270.10	247.084
270.31	251.910
270.52	256.632
270.73	243.250
270.94	213.641
271.15	217.307
271.37	213.421
271.58	210.358
271.79	211.696
272.00	207.561
272.21	208.551
272.42	221.444
272.63	220.093
272.84	223.740
273.05	207.766
273.26	212.799
273.48	211.504
273.69	213.948
273.90	214.204
274.11	228.696
274.32	208.398
274.53	203.398
274.74	198.803
274.95	209.341
275.16	207.470
275.37	217.627
275.58	202.006
275.80	213.813
276.01	220.060
276.22	217.560
276.43	218.207
276.64	215.725
276.85	197.197
277.06	195.760
277.27	192.783
277.48	203.911
277.69	208.269
277.90	197.157
278.11	192.120
278.32	182.527
278.54	177.978
278.75	183.814
278.96	208.537
279.17	200.208
279.38	186.777
279.59	189.014
279.80	202.859
280.01	208.419
280.22	188.730
280.43	194.379
280.64	187.444
280.85	185.606
281.06	185.338
281.27	200.344
281.48	217.857
281.70	210.580
281.91	206.431
282.12	194.986
282.33	199.243
282.54	213.887
282.75	217.770
282.96	223.742
283.17	229.331
283.38	213.873
283.59	230.387
283.80	232.269
284.01	235.841
284.22	230.485
284.43	230.990
284.64	255.285
284.85	249.541
285.06	263.958
285.27	261.772
285.48	265.791
285.70	249.661
285.91	231.880
286.12	227.139
286.33	238.767
286.54	220.544
286.75	226.882
286.96	216.830
287.17	214.300
287.38	203.717
287.59	199.175
287.80	198.922
288.01	193.084
288.22	191.342
288.43	197.603
288.64	177.944
288.85	175.393
289.06	163.780
289.27	167.127
289.48	164.510
289.69	176.287
289.90	185.501
290.11	184.278
290.32	189.150
290.53	189.193
290.74	188.861
290.95	196.971
291.16	191.002
291.37	200.772
291.58	202.810
291.79	209.266
292.00	204.989
292.21	201.411
292.42	190.865
292.63	190.860
292.84	186.026
293.05	198.424
293.26	192.993
293.47	213.757
293.68	207.143
293.89	207.032
294.10	184.829
294.31	170.817
294.52	168.072
294.73	166.366
294.95	173.309
295.16	167.903
295.37	165.151
295.58	166.250
295.79	163.939
295.99	171.730
296.20	174.964
296.41	167.845
296.62	173.473
296.83	181.225
297.04	191.570
297.25	191.566
297.46	194.047
297.67	210.112
297.88	182.246
298.09	184.834
298.30	187.507
298.51	202.492
298.72	230.448
298.93	222.952
299.14	200.914
299.35	192.162
299.56	186.804
299.77	196.774
299.98	204.942
300.19	186.581
300.40	181.014
300.61	176.717
300.82	179.058
301.03	168.544
301.24	162.693
301.45	159.031
301.66	152.049
301.87	151.239
302.08	154.011
302.29	155.926
302.50	158.638
302.71	158.953
302.92	157.709
303.13	154.021
303.34	153.791
303.55	158.199
303.76	162.755
303.97	159.180
304.18	156.475
304.39	157.861
304.60	167.471
304.81	161.128
305.02	159.824
305.22	164.733
305.43	176.324
305.64	171.302
305.85	186.846
306.06	207.627
306.27	199.710
306.48	195.009
306.69	192.321
306.90	173.951
307.11	166.176
307.32	177.830
307.53	180.829
307.74	192.603
307.95	204.172
308.16	198.739
308.37	224.966
308.58	222.214
308.79	199.565
309.00	197.564
309.21	191.166
309.41	198.946
309.62	190.587
309.83	183.025
310.04	192.363
310.25	180.129
310.46	173.967
310.67	177.118
310.88	173.366
311.09	171.278
311.30	180.515
311.51	171.535
311.72	169.383
311.93	162.833
312.14	151.517
312.34	147.175
312.55	152.087
312.76	144.422
312.97	149.727
313.18	164.464
313.39	164.408
313.60	180.702
313.81	173.220
314.02	177.371
314.23	167.224
314.44	168.385
314.65	173.143
314.86	169.848
315.06	165.305
315.27	171.733
315.48	187.443
315.69	192.042
315.90	217.129
316.11	205.673
316.32	219.013
316.53	209.117
316.74	225.246
316.95	222.369
317.16	206.125
317.36	190.740
317.57	170.585
317.78	161.939
317.99	161.704
318.20	154.622
318.41	161.172
318.62	175.735
318.83	174.775
319.04	160.376
319.24	154.702
319.45	158.842
319.66	157.358
319.87	146.745
320.08	150.876
320.29	143.805
320.50	141.139
320.71	151.183
320.92	153.203
321.12	148.308
321.33	146.166
321.54	152.979
321.75	160.017
321.96	170.760
322.17	171.104
322.38	161.315
322.59	164.649
322.80	152.605
323.00	147.482
323.21	142.355
323.42	144.767
323.63	151.154
323.84	145.401
324.05	145.041
324.26	147.581
324.47	138.430
324.67	144.507
324.88	138.562
325.09	130.731
325.30	133.803
325.51	135.565
325.72	129.430
325.93	128.350
326.13	123.900
326.34	121.803
326.55	120.091
326.76	121.877
326.97	119.440
327.18	121.474
327.39	120.329
327.59	121.747
327.80	124.897
328.01	120.519
328.22	123.798
328.43	119.135
328.64	119.282
328.85	116.965
329.05	112.828
329.26	117.698
329.47	115.777
329.68	111.473
329.89	110.606
330.10	109.347
330.30	109.703
330.51	107.455
330.72	104.750
330.93	104.258
331.14	103.262
331.35	101.119
331.56	98.700
331.76	94.337
331.97	94.300
332.18	90.160
332.39	91.680
332.60	89.258
332.81	86.962
333.01	87.417
333.22	86.617
333.43	85.885
333.64	82.548
333.85	81.160
334.05	82.757
334.26	82.186
334.47	82.439
334.68	82.118
334.89	82.762
335.10	82.590
335.30	82.251
335.51	79.985
335.72	79.116
335.93	79.842
336.14	80.905
336.35	78.285
336.55	76.526
336.76	74.498
336.97	72.523
337.18	72.802
337.39	70.310
337.59	70.392
337.80	69.995
338.01	69.141
338.22	67.729
338.43	65.632
338.63	62.172
338.84	60.478
339.05	59.383
339.26	57.907
339.47	57.081
339.67	56.678
339.88	56.852
340.09	56.606
340.30	55.835
340.51	56.080
340.71	56.130
340.92	57.395
341.13	57.205
341.34	57.394
341.55	57.591
341.75	57.721
341.96	57.508
342.17	57.035
342.38	58.085
342.58	57.483
342.79	57.367
343.00	58.353
343.21	57.671
343.42	56.842
343.62	57.124
343.83	56.720
344.04	56.331
344.25	56.321
344.46	55.855
344.66	54.700
344.87	53.592
345.08	53.082
345.29	52.370
345.49	52.856
345.70	52.623
345.91	52.520
346.12	52.331
346.32	51.935
346.53	51.927
346.74	50.528
346.95	51.093
347.16	51.243
347.36	51.443
347.57	51.418
347.78	51.020
347.99	50.701
348.19	49.824
348.40	49.165
348.61	47.997
348.82	47.581
349.02	47.608
349.23	47.176
349.44	46.857
349.65	46.971
349.85	46.535
350.06	46.249
350.27	45.416
350.48	45.025
350.68	44.537
350.89	43.837
351.10	43.902
351.31	43.561
351.51	42.575
351.72	42.474
351.93	42.438
352.14	42.347
352.34	41.737
352.55	41.784
352.76	42.066
352.96	42.032
353.17	42.727
353.38	42.322
353.59	42.052
353.79	41.960
354.00	41.855
354.21	41.254
354.42	41.078
354.62	40.628
354.83	40.664
355.04	40.492
355.24	40.353
355.45	39.829
355.66	39.746
355.87	39.734
356.07	39.092
356.28	39.078
356.49	38.949
356.70	39.203
356.90	39.103
357.11	39.027
357.32	38.972
357.52	38.114
357.73	37.938
357.94	38.057
358.15	38.175
358.35	37.783
358.56	37.515
358.77	37.203
358.97	37.828
359.18	37.501
359.39	37.792
359.59	37.819
359.80	38.087
360.01	37.540
360.22	37.638
360.42	37.686
360.63	37.716
360.84	37.403
361.04	37.001
361.25	37.321
361.46	37.284
361.66	37.049
361.87	37.054
362.08	37.380
362.29	36.943
362.49	36.768
362.70	36.919
362.91	36.819
363.11	37.067
363.32	36.548
363.53	36.414
363.73	36.261
363.94	36.019
364.15	35.758
364.35	35.573
364.56	35.465
364.77	35.108
364.97	35.025
365.18	35.142
365.39	35.307
365.59	35.113
365.80	35.063
366.01	35.596
366.21	35.507
366.42	35.444
366.63	35.412
366.83	35.410
367.04	35.248
367.25	35.263
367.45	35.048
367.66	35.328
367.87	35.617
368.07	35.465
368.28	35.452
368.49	35.502
368.69	35.707
368.90	35.523
369.11	35.549
369.31	35.321
369.52	35.117
369.73	34.908
369.93	34.857
370.14	34.931
370.35	34.547
370.55	34.596
370.76	34.502
370.97	34.688
371.17	34.692
371.38	34.471
371.58	34.354
371.79	34.411
372.00	34.372
372.20	34.151
372.41	34.199
372.62	34.176
372.82	34.096
373.03	34.082
373.24	34.126
373.44	34.201
373.65	34.328
373.85	34.584
374.06	34.590
374.27	34.360
374.47	33.950
374.68	33.814
374.89	33.670
375.09	33.688
375.30	33.430
375.51	33.224
375.71	33.418
375.92	33.508
376.12	33.347
376.33	33.182
376.54	33.032
376.74	33.006
376.95	32.948
377.15	32.986
377.36	32.953
377.57	32.942
377.77	32.872
377.98	32.840
378.19	32.630
378.39	32.700
378.60	32.914
378.80	33.012
379.01	33.119
379.22	33.112
379.42	32.999
379.63	33.015
379.83	32.993
380.04	32.644
380.25	32.623
380.45	32.601
380.66	32.377
380.86	32.410
381.07	32.247
381.28	32.367
381.48	32.356
381.69	32.049
381.89	32.044
382.10	31.970
382.31	31.982
382.51	32.021
382.72	31.738
382.92	31.516
383.13	31.446
383.33	31.482
383.54	31.407
383.75	31.396
383.95	31.448
384.16	31.469
384.36	31.592
384.57	31.550
384.78	31.546
384.98	31.683
385.19	31.708
385.39	31.813
385.60	31.741
385.80	31.656
386.01	31.761
386.22	31.765
386.42	31.876
386.63	31.843
386.83	31.792
387.04	31.893
387.24	32.037
387.45	32.080
387.65	32.018
387.86	32.050
388.07	32.085
388.27	32.099
388.48	32.052
388.68	32.086
388.89	32.057
389.09	32.061
389.30	32.125
389.50	32.017
389.71	32.061
389.92	31.993
390.12	31.887
390.33	31.891
390.53	31.834
390.74	31.720
390.94	31.635
391.15	31.640
391.35	31.803
391.56	31.701
391.77	31.747
391.97	31.711
392.18	31.719
392.38	31.659
392.59	31.683
392.79	31.742
393.00	31.709
393.20	31.681
393.41	31.680
393.61	31.535
393.82	31.579
394.02	31.574
394.23	31.541
394.43	31.651
394.64	31.694
394.84	31.614
395.05	31.656
395.26	31.692
395.46	31.703
395.67	31.564
395.87	31.571
396.08	31.551
396.28	31.525
396.49	31.519
396.69	31.602
396.90	31.511
397.10	31.393
397.31	31.362
397.51	31.351
397.72	31.360
397.92	31.316
398.13	31.377
398.33	31.293
398.54	31.373
398.74	31.348
398.95	31.380
399.15	31.459
399.36	31.382
399.56	31.350
399.77	31.400
399.97	31.379
400.18	31.334
400.38	31.255
400.59	31.200
400.79	31.274
401.00	31.147
401.20	31.207
401.41	31.249
401.61	31.136
401.82	31.155
402.02	31.163
402.23	31.266
402.43	31.149
402.64	31.199
402.84	31.162
403.05	31.223
403.25	31.243
403.46	31.182
403.66	31.212
403.87	31.123
404.07	30.999
404.27	30.973
404.48	31.056
404.68	31.104
404.89	31.197
405.09	31.170
405.30	31.170
405.50	31.096
405.71	31.134
405.91	31.347
406.12	31.399
406.32	31.422
406.53	31.364
406.73	31.374
406.94	31.301
407.14	31.340
407.34	31.274
407.55	31.231
407.75	31.256
407.96	31.322
408.16	31.417
408.37	31.394
408.57	31.458
408.78	31.466
408.98	31.402
409.19	31.386
409.39	31.422
409.59	31.473
409.80	31.464
410.00	31.445
410.21	31.348
410.41	31.276
410.62	31.208
410.82	31.208
411.03	31.256
411.23	31.237
411.43	31.214
411.64	31.234
411.84	31.184
412.05	31.164
412.25	31.094
412.46	31.070
412.66	31.017
412.86	31.023
413.07	30.918
413.27	30.926
413.48	30.923
413.68	30.840
413.89	30.853
414.09	30.868
414.29	30.869
414.50	30.827
414.70	30.831
414.91	30.825
415.11	30.808
415.32	30.850
415.52	30.864
415.72	30.835
415.93	30.865
416.13	30.881
416.34	30.905
416.54	30.916
416.74	30.926
416.95	30.996
417.15	30.979
417.36	31.114
417.56	31.116
417.76	31.091
417.97	31.097
418.17	31.121
418.38	31.142
418.58	31.122
418.78	31.174
418.99	31.182
419.19	31.187
419.40	31.316
419.60	31.242
419.80	31.236
420.01	31.294
420.21	31.241
420.42	31.276
420.62	31.248
420.82	31.211
421.03	31.168
421.23	31.144
421.44	31.183
421.64	31.143
421.84	31.109
422.05	31.096
422.25	31.083
422.45	31.118
422.66	31.143
422.86	31.151
423.07	31.130
423.27	31.116
423.47	31.093
423.68	30.996
423.88	31.034
424.08	31.037
424.29	30.945
424.49	30.941
424.70	30.902
424.90	30.953
425.10	30.935
425.31	30.950
425.51	31.047
425.71	30.916
425.92	30.839
426.12	30.866
426.32	30.926
426.53	30.954
426.73	30.884
426.93	30.845
427.14	30.851
427.34	30.793
427.55	30.792
427.75	30.794
427.95	30.850
428.16	30.783
428.36	30.811
428.56	30.799
428.77	30.812
428.97	30.783
429.17	30.697
429.38	30.716
429.58	30.704
429.78	30.572
429.99	30.628
430.19	30.667
430.39	30.695
430.60	30.646
430.80	30.620
431.00	30.566
431.21	30.577
431.41	30.535
431.61	30.565
431.82	30.634
432.02	30.660
432.22	30.602
432.43	30.589
432.63	30.587
432.83	30.630
433.04	30.584
433.24	30.583
433.44	30.650
433.65	30.614
433.85	30.624
434.05	30.677
434.25	30.626
434.46	30.582
434.66	30.588
434.86	30.587
435.07	30.578
435.27	30.577
435.47	30.588
435.68	30.591
435.88	30.619
436.08	30.536
436.29	30.502
436.49	30.485
436.69	30.536
436.89	30.463
437.10	30.401
437.30	30.408
437.50	30.405
437.71	30.332
437.91	30.333
438.11	30.302
438.32	30.237
438.52	30.271
438.72	30.291
438.92	30.261
439.13	30.265
439.33	30.210
439.53	30.218
439.74	30.204
439.94	30.265
440.14	30.220
440.34	30.230
440.55	30.209
440.75	30.204
440.95	30.188
441.15	30.209
441.36	30.208
441.56	30.196
441.76	30.191
441.97	30.203
442.17	30.189
442.37	30.211
442.57	30.266
442.78	30.265
442.98	30.238
443.18	30.210
443.38	30.208
443.59	30.231
443.79	30.212
443.99	30.187
444.19	30.091
444.40	30.078
444.60	30.060
444.80	30.089
445.00	30.094
445.21	30.060
445.41	30.088
445.61	30.070
445.81	30.061
446.02	30.029
446.22	30.071
446.42	30.097
446.62	30.076
446.83	30.065
447.03	30.045
447.23	30.017
447.43	30.047
447.64	30.047
447.84	30.022
448.04	29.958
448.24	29.924
448.45	29.901
448.65	29.876
448.85	29.874
449.05	29.862
449.26	29.846
449.46	29.796
449.66	29.743
449.86	29.711
450.06	29.702
450.27	29.681
450.47	29.534
450.67	29.514
450.87	29.504
451.08	29.505
451.28	29.476
451.48	29.500
451.68	29.445
451.88	29.364
452.09	29.384
452.29	29.392
452.49	29.393
452.69	29.403
452.89	29.425
453.10	29.437
453.30	29.424
453.50	29.367
453.70	29.353
453.90	29.308
454.11	29.351
454.31	29.366
454.51	29.373
454.71	29.460
454.91	29.450
455.12	29.404
455.32	29.384
455.52	29.384
455.72	29.360
455.92	29.377
456.13	29.440
456.33	29.378
456.53	29.404
456.73	29.371
456.93	29.329
457.14	29.294
457.34	29.250
457.54	29.225
457.74	29.222
457.94	29.261
458.14	29.264
458.35	29.248
458.55	29.177
458.75	29.172
458.95	29.132
459.15	29.113
459.36	29.107
459.56	29.072
459.76	29.011
459.96	28.968
460.16	28.889
460.36	28.827
460.57	28.855
460.77	28.809
460.97	28.814
461.17	28.838
461.37	28.801
461.57	28.772
461.77	28.743
461.98	28.777
462.18	28.737
462.38	28.687
462.58	28.634
462.78	28.603
462.98	28.590
463.19	28.536
463.39	28.515
463.59	28.505
463.79	28.474
463.99	28.497
464.19	28.490
464.39	28.527
464.60	28.524
464.80	28.457
465.00	28.437
465.20	28.404
465.40	28.361
465.60	28.349
465.80	28.310
466.01	28.272
466.21	28.208
466.41	28.182
466.61	28.206
466.81	28.173
467.01	28.154
467.21	28.094
467.41	28.098
467.62	28.063
467.82	28.070
468.02	28.051
468.22	28.009
468.42	27.980
468.62	27.963
468.82	27.918
469.02	27.930
469.22	27.909
469.43	27.915
469.63	27.901
469.83	27.907
470.03	27.881
470.23	27.890
470.43	27.864
470.63	27.878
470.83	27.836
471.03	27.845
471.24	27.842
471.44	27.831
471.64	27.821
471.84	27.800
472.04	27.762
472.24	27.751
472.44	27.750
472.64	27.735
472.84	27.681
473.04	27.651
473.25	27.590
473.45	27.567
473.65	27.506
473.85	27.484
474.05	27.456
474.25	27.446
474.45	27.411
474.65	27.372
474.85	27.333
475.05	27.319
475.25	27.272
475.45	27.231
475.66	27.206
475.86	27.165
476.06	27.129
476.26	27.054
476.46	27.022
476.66	26.985
476.86	26.942
477.06	26.899
477.26	26.854
477.46	26.850
477.66	26.831
477.86	26.795
478.06	26.735
478.26	26.699
478.46	26.666
478.67	26.611
478.87	26.570
479.07	26.523
479.27	26.476
479.47	26.452
479.67	26.449
479.87	26.404
480.07	26.354
480.27	26.334
480.47	26.315
480.67	26.266
480.87	26.212
481.07	26.180
481.27	26.145
481.47	26.128
481.67	26.081
481.87	26.032
482.07	26.001
482.27	25.985
482.47	25.938
482.67	25.896
482.87	25.864
483.07	25.845
483.28	25.796
483.48	25.757
483.68	25.701
483.88	25.637
484.08	25.609
484.28	25.596
484.48	25.571
484.68	25.546
484.88	25.506
485.08	25.494
485.28	25.459
485.48	25.421
485.68	25.403
485.88	25.380
486.08	25.319
486.28	25.285
486.48	25.225
486.68	25.197
486.88	25.156
487.08	25.117
487.28	25.083
487.48	25.028
487.68	24.986
487.88	24.932
488.08	24.891
488.28	24.854
488.48	24.797
488.68	24.733
488.88	24.694
489.08	24.654
489.28	24.590
489.48	24.529
489.68	24.493
489.88	24.433
490.08	24.371
490.28	24.344
490.48	24.312
490.68	24.289
490.88	24.236
491.08	24.208
491.28	24.172
491.48	24.135
491.68	24.099
491.88	24.055
492.08	24.045
492.28	23.987
492.48	23.941
492.68	23.890
492.88	23.830
493.08	23.782
493.28	23.748
493.48	23.707
493.67	23.665
493.87	23.616
494.07	23.567
494.27	23.529
494.47	23.487
494.67	23.444
494.87	23.389
495.07	23.342
495.27	23.280
495.47	23.217
495.67	23.151
495.87	23.114
496.07	23.076
496.27	23.017
496.47	23.000
496.67	22.928
496.87	22.894
497.07	22.881
497.27	22.829
497.47	22.767
497.67	22.716
497.87	22.688
498.06	22.630
498.26	22.589
498.46	22.540
498.66	22.490
498.86	22.422
499.06	22.396
499.26	22.354
499.46	22.296
499.66	22.241
499.86	22.196
500.06	22.166
500.26	22.137
500.46	22.084
500.66	22.015
500.86	22.006
501.05	21.956
501.25	21.879
501.45	21.839
501.65	21.795
501.85	21.741
502.05	21.682
502.25	21.641
502.45	21.594
502.65	21.532
502.85	21.485
503.05	21.461
503.24	21.399
503.44	21.357
503.64	21.354
503.84	21.301
504.04	21.251
504.24	21.187
504.44	21.116
504.64	21.072
504.84	21.033
505.04	20.998
505.24	20.956
505.43	20.927
505.63	20.883
505.83	20.845
506.03	20.817
506.23	20.781
506.43	20.743
506.63	20.700
506.83	20.678
507.03	20.653
507.22	20.592
507.42	20.543
507.62	20.501
507.82	20.442
508.02	20.432
508.22	20.413
508.42	20.388
508.62	20.369
508.81	20.338
509.01	20.324
509.21	20.290
509.41	20.274
509.61	20.270
509.81	20.247
510.01	20.228
510.21	20.202
510.40	20.184
510.60	20.178
510.80	20.145
511.00	20.139
511.20	20.140
511.40	20.131
511.60	20.122
511.79	20.103
511.99	20.072
512.19	20.062
512.39	20.048
512.59	20.030
512.79	19.992
512.99	20.004
513.18	19.985
513.38	19.945
513.58	19.928
513.78	19.890
513.98	19.868
514.18	19.859
514.37	19.853
514.57	19.840
514.77	19.828
514.97	19.824
515.17	19.801
515.37	19.766
515.56	19.760
515.76	19.754
515.96	19.754
516.16	19.764
516.36	19.751
516.56	19.740
516.75	19.752
516.95	19.758
517.15	19.732
517.35	19.724
517.55	19.737
517.75	19.715
517.94	19.729
518.14	19.736
518.34	19.739
518.54	19.727
518.74	19.725
518.93	19.715
519.13	19.709
519.33	19.701
519.53	19.714
519.73	19.700
519.92	19.717
520.12	19.733
520.32	19.738
520.52	19.740
520.72	19.747
520.91	19.732
521.11	19.749
521.31	19.772
521.51	19.790
521.71	19.800
521.90	19.836
522.10	19.845
522.30	19.857
522.50	19.863
522.70	19.897
522.89	19.922
523.09	19.943
523.29	19.969
523.49	19.996
523.69	20.019
523.88	20.056
524.08	20.077
524.28	20.091
524.48	20.109
524.67	20.150
524.87	20.179
525.07	20.211
525.27	20.240
525.46	20.281
525.66	20.306
525.86	20.342
526.06	20.381
526.26	20.403
526.45	20.441
526.65	20.497
526.85	20.549
527.05	20.586
527.24	20.629
527.44	20.679
527.64	20.713
527.84	20.762
528.03	20.790
528.23	20.828
528.43	20.851
528.63	20.909
528.82	20.948
529.02	20.983
529.22	21.031
529.42	21.081
529.61	21.113
529.81	21.169
530.01	21.207
530.21	21.250
530.40	21.293
530.60	21.348
530.80	21.383
531.00	21.394
531.19	21.459
531.39	21.504
531.59	21.571
531.78	21.626
531.98	21.672
532.18	21.730
532.38	21.786
532.57	21.872
532.77	21.925
532.97	21.975
533.16	22.060
533.36	22.118
533.56	22.168
533.76	22.218
533.95	22.278
534.15	22.358
534.35	22.407
534.55	22.475
534.74	22.533
534.94	22.590
535.14	22.673
535.33	22.743
535.53	22.820
535.73	22.889
535.92	22.982
536.12	23.030
536.32	23.119
536.52	23.193
536.71	23.257
536.91	23.347
537.11	23.462
537.30	23.513
537.50	23.589
537.70	23.672
537.89	23.779
538.09	23.845
538.29	23.929
538.48	24.000
538.68	24.074
538.88	24.161
539.08	24.249
539.27	24.323
539.47	24.408
539.67	24.491
539.86	24.556
540.06	24.630
540.26	24.728
540.45	24.810
540.65	24.885
540.85	24.960
541.04	25.026
541.24	25.081
541.44	25.179
541.63	25.296
541.83	25.385
542.03	25.458
542.22	25.560
542.42	25.620
542.62	25.745
542.81	25.849
543.01	25.927
543.21	26.023
543.40	26.114
543.60	26.198
543.79	26.282
543.99	26.385
544.19	26.471
544.38	26.570
544.58	26.647
544.78	26.751
544.97	26.865
545.17	26.954
545.37	27.061
545.56	27.148
545.76	27.209
545.96	27.318
546.15	27.404
546.35	27.499
546.54	27.625
546.74	27.709
546.94	27.824
547.13	27.937
547.33	28.038
547.53	28.155
547.72	28.255
547.92	28.365
548.11	28.451
548.31	28.558
548.51	28.658
548.70	28.782
548.90	28.888
549.10	28.971
549.29	29.078
549.49	29.163
549.68	29.283
549.88	29.394
550.08	29.493
550.27	29.590
550.47	29.697
550.66	29.809
550.86	29.900
551.06	29.978
551.25	30.079
551.45	30.174
551.64	30.268
551.84	30.352
552.04	30.427
552.23	30.530
552.43	30.629
552.62	30.724
552.82	30.810
553.02	30.917
553.21	31.021
553.41	31.121
553.60	31.236
553.80	31.326
554.00	31.440
554.19	31.553
554.39	31.670
554.58	31.747
554.78	31.822
554.97	31.927
555.17	32.033
555.37	32.120
555.56	32.213
555.76	32.300
555.95	32.406
556.15	32.517
556.34	32.620
556.54	32.723
556.74	32.808
556.93	32.892
557.13	32.981
557.32	33.105
557.52	33.205
557.71	33.284
557.91	33.375
558.10	33.475
558.30	33.540
558.50	33.638
558.69	33.757
558.89	33.850
559.08	33.940
559.28	34.036
559.47	34.146
559.67	34.258
559.86	34.344
560.06	34.441
560.25	34.540
560.45	34.651
560.65	34.738
560.84	34.846
561.04	34.954
561.23	35.049
561.43	35.122
561.62	35.212
561.82	35.327
562.01	35.435
562.21	35.525
562.40	35.638
562.60	35.729
562.79	35.809
562.99	35.908
563.18	36.018
563.38	36.123
563.57	36.199
563.77	36.294
563.96	36.402
564.16	36.497
564.36	36.582
564.55	36.671
564.75	36.791
564.94	36.889
565.14	36.980
565.33	37.060
565.53	37.149
565.72	37.247
565.92	37.344
566.11	37.418
566.31	37.512
566.50	37.613
566.70	37.725
566.89	37.826
567.09	37.906
567.28	37.979
567.48	38.044
567.67	38.142
567.87	38.225
568.06	38.308
568.26	38.382
568.45	38.477
568.64	38.567
568.84	38.640
569.03	38.722
569.23	38.814
569.42	38.905
569.62	38.998
569.81	39.079
570.01	39.146
570.20	39.249
570.40	39.312
570.59	39.396
570.79	39.448
570.98	39.522
571.18	39.640
571.37	39.730
571.57	39.832
571.76	39.920
571.95	39.997
572.15	40.095
572.34	40.195
572.54	40.284
572.73	40.355
572.93	40.427
573.12	40.503
573.32	40.594
573.51	40.672
573.71	40.756
573.90	40.835
574.09	40.921
574.29	40.974
574.48	41.073
574.68	41.140
574.87	41.226
575.07	41.327
575.26	41.385
575.46	41.475
575.65	41.563
575.84	41.636
576.04	41.712
576.23	41.778
576.43	41.842
576.62	41.923
576.82	41.996
577.01	42.080
577.20	42.182
577.40	42.248
577.59	42.329
577.79	42.393
577.98	42.463
578.18	42.539
578.37	42.642
578.56	42.705
578.76	42.774
578.95	42.859
579.15	42.903
579.34	42.963
579.53	43.015
579.73	43.057
579.92	43.152
580.12	43.221
580.31	43.292
580.50	43.376
580.70	43.450
580.89	43.517
581.09	43.602
581.28	43.660
581.47	43.744
581.67	43.823
581.86	43.878
582.06	43.974
582.25	44.017
582.44	44.069
582.64	44.133
582.83	44.211
583.03	44.267
583.22	44.352
583.41	44.419
583.61	44.504
583.80	44.597
583.99	44.646
584.19	44.721
584.38	44.787
584.58	44.849
584.77	44.906
584.96	44.976
585.16	45.040
585.35	45.109
585.54	45.178
585.74	45.218
585.93	45.299
586.13	45.329
586.32	45.403
586.51	45.456
586.71	45.508
586.90	45.571
587.09	45.626
587.29	45.683
587.48	45.742
587.67	45.792
587.87	45.831
588.06	45.892
588.25	45.955
588.45	46.032
588.64	46.094
588.83	46.143
589.03	46.193
589.22	46.220
589.41	46.269
589.61	46.318
589.80	46.371
589.99	46.429
590.19	46.497
590.38	46.544
590.57	46.600
590.77	46.658
590.96	46.696
591.15	46.739
591.35	46.796
591.54	46.859
591.73	46.904
591.93	46.978
592.12	47.003
592.31	47.044
592.51	47.084
592.70	47.114
592.89	47.165
593.09	47.216
593.28	47.285
593.47	47.326
593.67	47.355
593.86	47.412
594.05	47.461
594.25	47.507
594.44	47.565
594.63	47.642
594.82	47.721
595.02	47.743
595.21	47.798
595.40	47.854
595.60	47.902
595.79	47.955
595.98	47.987
596.17	48.057
596.37	48.099
596.56	48.124
596.75	48.174
596.95	48.251
597.14	48.317
597.33	48.367
597.52	48.437
597.72	48.488
597.91	48.558
598.10	48.611
598.30	48.651
598.49	48.721
598.68	48.756
598.87	48.768
599.07	48.823
599.26	48.891
599.45	48.941
599.65	48.979
599.84	49.012
600.03	49.048
600.22	49.093
600.42	49.153
600.61	49.215
600.80	49.248
600.99	49.269
601.19	49.273
601.38	49.311
601.57	49.341
601.76	49.372
601.96	49.403
602.15	49.457
602.34	49.515
602.53	49.554
602.73	49.590
602.92	49.648
603.11	49.710
603.30	49.756
603.50	49.794
603.69	49.852
603.88	49.895
604.07	49.936
604.26	49.975
604.46	50.001
604.65	50.044
604.84	50.105
605.03	50.170
605.23	50.236
605.42	50.274
605.61	50.298
605.80	50.363
606.00	50.388
606.19	50.398
606.38	50.430
606.57	50.435
606.76	50.467
606.96	50.501
607.15	50.530
607.34	50.546
607.53	50.576
607.72	50.601
607.92	50.652
608.11	50.696
608.30	50.748
608.49	50.807
608.68	50.842
608.88	50.881
609.07	50.892
609.26	50.924
609.45	50.952
609.64	51.004
609.84	51.034
610.03	51.082
610.22	51.109
610.41	51.164
610.60	51.223
610.80	51.273
610.99	51.317
611.18	51.364
611.37	51.419
611.56	51.446
611.76	51.508
611.95	51.543
612.14	51.579
612.33	51.587
612.52	51.618
612.71	51.659
612.91	51.673
613.10	51.729
613.29	51.761
613.48	51.792
613.67	51.816
613.86	51.863
614.06	51.902
614.25	51.950
614.44	51.964
614.63	51.999
614.82	52.044
615.01	52.083
615.20	52.132
615.40	52.146
615.59	52.173
615.78	52.203
615.97	52.257
616.16	52.287
616.35	52.314
616.55	52.322
616.74	52.353
616.93	52.406
617.12	52.426
617.31	52.469
617.50	52.531
617.69	52.557
617.88	52.593
618.08	52.640
618.27	52.655
618.46	52.689
618.65	52.715
618.84	52.745
619.03	52.768
619.22	52.780
619.42	52.852
619.61	52.884
619.80	52.894
619.99	52.903
620.18	52.931
620.37	52.978
620.56	53.017
620.75	53.034
620.94	53.074
621.14	53.126
621.33	53.162
621.52	53.157
621.71	53.212
621.90	53.218
622.09	53.236
622.28	53.290
622.47	53.328
622.66	53.351
622.85	53.363
623.05	53.387
623.24	53.414
623.43	53.412
623.62	53.441
623.81	53.467
624.00	53.502
624.19	53.528
624.38	53.571
624.57	53.604
624.76	53.636
624.95	53.665
625.15	53.670
625.34	53.697
625.53	53.736
625.72	53.736
625.91	53.781
626.10	53.791
626.29	53.797
626.48	53.815
626.67	53.863
626.86	53.901
627.05	53.942
627.24	53.948
627.43	53.978
627.62	54.003
627.82	54.053
628.01	54.079
628.20	54.126
628.39	54.114
628.58	54.121
628.77	54.177
628.96	54.200
629.15	54.222
629.34	54.236
629.53	54.265
629.72	54.314
629.91	54.328
630.10	54.362
630.29	54.399
630.48	54.425
630.67	54.441
630.86	54.454
631.05	54.469
631.24	54.522
631.43	54.577
631.62	54.618
631.81	54.623
632.00	54.654
632.20	54.675
632.39	54.714
632.58	54.772
632.77	54.783
632.96	54.817
633.15	54.843
633.34	54.870
633.53	54.911
633.72	54.929
633.91	54.953
634.10	54.974
634.29	55.003
634.48	55.032
634.67	55.058
634.86	55.110
635.05	55.134
635.24	55.161
635.43	55.168
635.62	55.191
635.81	55.202
636.00	55.222
636.19	55.252
636.38	55.286
636.57	55.311
636.76	55.324
636.95	55.338
637.14	55.369
637.33	55.412
637.52	55.411
637.71	55.438
637.90	55.459
638.09	55.510
638.28	55.536
638.47	55.593
638.66	55.616
638.85	55.629
639.04	55.667
639.23	55.674
639.41	55.686
639.60	55.719
639.79	55.776
639.98	55.805
640.17	55.797
640.36	55.829
640.55	55.843
640.74	55.880
640.93	55.895
641.12	55.916
641.31	55.946
641.50	55.969
641.69	55.994
641.88	56.029
642.07	56.043
642.26	56.048
642.45	56.056
642.64	56.081
642.83	56.090
643.02	56.101
643.21	56.123
643.40	56.146
643.59	56.158
643.77	56.173
643.96	56.177
644.15	56.234
644.34	56.255
644.53	56.269
644.72	56.280
644.91	56.292
645.10	56.306
645.29	56.300
645.48	56.330
645.67	56.363
645.86	56.347
646.05	56.365
646.24	56.426
646.42	56.434
646.61	56.454
646.80	56.515
646.99	56.540
647.18	56.586
647.37	56.585
647.56	56.604
647.75	56.593
647.94	56.625
648.13	56.635
648.32	56.671
648.50	56.711
648.69	56.717
648.88	56.760
649.07	56.779
649.26	56.776
649.45	56.807
649.64	56.814
649.83	56.861
650.02	56.867
650.21	56.873
650.39	56.913
650.58	56.912
650.77	56.894
650.96	56.892
651.15	56.910
651.34	56.959
651.53	56.971
651.72	57.018
651.90	57.050
652.09	57.083
652.28	57.110
652.47	57.129
652.66	57.163
652.85	57.151
653.04	57.217
653.23	57.286
653.41	57.311
653.60	57.347
653.79	57.370
653.98	57.410
654.17	57.445
654.36	57.440
654.55	57.492
654.73	57.502
654.92	57.542
655.11	57.545
655.30	57.584
655.49	57.578
655.68	57.605
655.87	57.599
656.05	57.581
656.24	57.581
656.43	57.604
656.62	57.621
656.81	57.653
657.00	57.628
657.18	57.636
657.37	57.644
657.56	57.677
657.75	57.681
657.94	57.686
658.13	57.662
658.31	57.696
658.50	57.733
658.69	57.761
658.88	57.786
659.07	57.831
659.26	57.828
659.44	57.878
659.63	57.878
659.82	57.930
660.01	57.955
660.20	57.964
660.38	57.982
660.57	58.004
660.76	58.046
660.95	58.059
661.14	58.081
661.32	58.110
661.51	58.102
661.70	58.137
661.89	58.157
662.08	58.215
662.26	58.241
662.45	58.231
662.64	58.256
662.83	58.274
663.02	58.292
663.20	58.304
663.39	58.359
663.58	58.412
663.77	58.411
663.96	58.449
664.14	58.474
664.33	58.493
664.52	58.538
664.71	58.525
664.89	58.554
665.08	58.570
665.27	58.563
665.46	58.568
665.64	58.599
665.83	58.602
666.02	58.608
666.21	58.601
666.40	58.639
666.58	58.653
666.77	58.667
666.96	58.654
667.15	58.649
667.33	58.635
667.52	58.614
667.71	58.644
667.90	58.641
668.08	58.668
668.27	58.689
668.46	58.650
668.65	58.688
668.83	58.724
669.02	58.712
669.21	58.748
669.40	58.751
669.58	58.765
669.77	58.825
669.96	58.843
670.14	58.878
670.33	58.866
670.52	58.885
670.71	58.900
670.89	58.932
671.08	58.955
671.27	58.984
671.46	59.000
671.64	58.993
671.83	59.016
672.02	59.030
672.20	59.033
672.39	59.111
672.58	59.108
672.77	59.089
672.95	59.125
673.14	59.126
673.33	59.165
673.51	59.159
673.70	59.166
673.89	59.185
674.08	59.215
674.26	59.238
674.45	59.234
674.64	59.246
674.82	59.246
675.01	59.275
675.20	59.294
675.38	59.316
675.57	59.331
675.76	59.351
675.94	59.363
676.13	59.398
676.32	59.378
676.51	59.392
676.69	59.426
676.88	59.451
677.07	59.469
677.25	59.482
677.44	59.501
677.63	59.483
677.81	59.501
678.00	59.509
678.19	59.540
678.37	59.581
678.56	59.611
678.75	59.626
678.93	59.656
679.12	59.660
679.31	59.681
679.49	59.694
679.68	59.723
679.87	59.730
680.05	59.713
680.24	59.740
680.42	59.764
680.61	59.780
680.80	59.771
680.98	59.788
681.17	59.815
681.36	59.855
681.54	59.893
681.73	59.887
681.92	59.893
682.10	59.888
682.29	59.912
682.48	59.920
682.66	59.915
682.85	59.921
683.03	59.919
683.22	59.949
683.41	59.950
683.59	59.956
683.78	59.958
683.97	59.993
684.15	59.994
684.34	60.009
684.52	60.016
684.71	60.038
684.90	60.058
685.08	60.057
685.27	60.060
685.45	60.073
685.64	60.107
685.83	60.102
686.01	60.100
686.20	60.117
686.39	60.131
686.57	60.186
686.76	60.208
686.94	60.211
687.13	60.215
687.31	60.255
687.50	60.256
687.69	60.281
687.87	60.299
688.06	60.295
688.24	60.300
688.43	60.312
688.62	60.328
688.80	60.355
688.99	60.351
689.17	60.371
689.36	60.374
689.55	60.373
689.73	60.387
689.92	60.445
690.10	60.435
690.29	60.425
690.47	60.447
690.66	60.429
690.84	60.454
691.03	60.473
691.22	60.452
691.40	60.496
691.59	60.493
691.77	60.496
691.96	60.528
692.14	60.559
692.33	60.572
692.52	60.602
692.70	60.609
692.89	60.622
693.07	60.624
693.26	60.648
693.44	60.686
693.63	60.695
693.81	60.693
694.00	60.700
694.18	60.759
694.37	60.748
694.55	60.779
694.74	60.828
694.93	60.824
695.11	60.859
695.30	60.857
695.48	60.909
695.67	60.894
695.85	60.925
696.04	60.911
696.22	60.933
696.41	60.918
696.59	60.899
696.78	60.938
696.96	60.936
697.15	60.959
697.33	60.957
697.52	60.967
697.70	60.981
697.89	61.021
698.07	61.013
698.26	61.028
698.44	61.045
698.63	61.031
698.81	61.067
699.00	61.096
699.18	61.141
699.37	61.125
699.55	61.178
699.74	61.187
699.92	61.231
700.11	61.269
700.29	61.289
700.48	61.327
700.66	61.336
700.85	61.406
701.03	61.404
701.22	61.404
701.40	61.439
701.59	61.438
701.77	61.430
701.96	61.436
702.14	61.470
702.33	61.465
702.51	61.486
702.69	61.470
702.88	61.496
703.06	61.483
703.25	61.495
703.43	61.522
703.62	61.525
703.80	61.529
703.99	61.496
704.17	61.515
704.36	61.552
704.54	61.546
704.73	61.499
704.91	61.523
705.09	61.514
705.28	61.520
705.46	61.542
705.65	61.558
705.83	61.564
706.02	61.598
706.20	61.647
706.38	61.661
706.57	61.666
706.75	61.632
706.94	61.613
707.12	61.613
707.31	61.581
707.49	61.595
707.67	61.613
707.86	61.627
708.04	61.647
708.23	61.671
708.41	61.734
708.60	61.782
708.78	61.784
708.96	61.809
709.15	61.815
709.33	61.824
709.52	61.849
709.70	61.891
709.88	61.869
710.07	61.870
710.25	61.874
710.44	61.914
710.62	61.993
710.80	62.061
710.99	62.087
711.17	62.142
711.36	62.148
711.54	62.158
711.72	62.196
711.91	62.181
712.09	62.150
712.28	62.113
712.46	62.105
712.64	62.100
712.83	62.136
713.01	62.178
713.20	62.189
713.38	62.178
713.56	62.160
713.75	62.169
713.93	62.166
714.11	62.150
714.30	62.138
714.48	62.108
714.66	62.098
714.85	62.103
715.03	62.078
715.22	62.099
715.40	62.116
715.58	62.097
715.77	62.156
715.95	62.164
716.13	62.153
716.32	62.177
716.50	62.233
716.68	62.259
716.87	62.242
717.05	62.254
717.23	62.269
717.42	62.250
717.60	62.245
717.78	62.231
717.97	62.262
718.15	62.272
718.33	62.270
718.52	62.293
718.70	62.335
718.88	62.364
719.07	62.377
719.25	62.377
719.43	62.426
719.62	62.399
719.80	62.400
719.98	62.432
720.17	62.426
720.35	62.395
720.53	62.398
720.72	62.386
720.90	62.427
721.08	62.463
721.27	62.531
721.45	62.548
721.63	62.587
721.81	62.607
722.00	62.620
722.18	62.658
722.36	62.641
722.55	62.623
722.73	62.622
722.91	62.659
723.10	62.689
723.28	62.700
723.46	62.739
723.64	62.777
723.83	62.793
724.01	62.811
724.19	62.825
724.38	62.806
724.56	62.843
724.74	62.822
724.92	62.829
725.11	62.795
725.29	62.807
725.47	62.853
725.66	62.891
725.84	62.917
726.02	62.906
726.20	62.950
726.39	62.981
726.57	63.001
726.75	62.969
726.93	62.982
727.12	63.009
727.30	62.978
727.48	62.975
727.66	63.016
727.85	63.029
728.03	63.049
728.21	63.049
728.39	63.032
728.58	63.062
728.76	63.051
728.94	63.061
729.12	63.080
729.31	63.080
729.49	63.076
729.67	63.108
729.85	63.169
730.04	63.141
730.22	63.182
730.40	63.178
730.58	63.191
730.76	63.183
730.95	63.201
731.13	63.257
731.31	63.305
731.49	63.295
731.68	63.324
731.86	63.324
732.04	63.362
732.22	63.383
732.40	63.414
732.59	63.456
732.77	63.485
732.95	63.531
733.13	63.500
733.31	63.494
733.50	63.491
733.68	63.476
733.86	63.518
734.04	63.505
734.22	63.540
734.41	63.584
734.59	63.613
734.77	63.570
734.95	63.536
735.13	63.510
735.32	63.502
735.50	63.498
735.68	63.551
735.86	63.570
736.04	63.621
736.22	63.605
736.41	63.605
736.59	63.612
736.77	63.605
736.95	63.660
737.13	63.695
737.32	63.707
737.50	63.712
737.68	63.676
737.86	63.671
738.04	63.654
738.22	63.602
738.41	63.614
738.59	63.618
738.77	63.628
738.95	63.645
739.13	63.690
739.31	63.705
739.49	63.726
739.68	63.711
739.86	63.683
740.04	63.691
740.22	63.667
740.40	63.654
740.58	63.683
740.76	63.681
740.95	63.688
741.13	63.704
741.31	63.713
741.49	63.741
741.67	63.739
741.85	63.717
742.03	63.734
742.21	63.746
742.40	63.788
742.58	63.821
742.76	63.826
742.94	63.829
743.12	63.860
743.30	63.812
743.48	63.852
743.66	63.881
743.85	63.909
744.03	63.928
744.21	63.973
744.39	63.940
744.57	63.932
744.75	63.930
744.93	63.949
745.11	63.963
745.29	63.951
745.47	63.968
745.66	64.043
745.84	64.071
746.02	64.061
746.20	64.089
746.38	64.101
746.56	64.087
746.74	64.066
746.92	64.045
747.10	64.056
747.28	64.060
747.46	64.072
747.64	64.039
747.83	64.035
748.01	64.014
748.19	64.066
748.37	64.036
748.55	64.015
748.73	63.997
748.91	63.984
749.09	64.027
749.27	64.052
749.45	64.026
749.63	64.058
749.81	64.110
749.99	64.099
750.17	64.105
750.35	64.098
750.53	64.171
750.72	64.140
750.90	64.150
751.08	64.154
751.26	64.162
751.44	64.183
751.62	64.233
751.80	64.255
751.98	64.214
752.16	64.278
752.34	64.341
752.52	64.321
752.70	64.342
752.88	64.373
753.06	64.375
753.24	64.406
753.42	64.396
753.60	64.374
753.78	64.383
753.96	64.407
754.14	64.473
754.32	64.410
754.50	64.455
754.68	64.465
754.86	64.488
755.04	64.459
755.22	64.460
755.40	64.440
755.58	64.509
755.76	64.521
755.94	64.512
756.12	64.505
756.30	64.555
756.48	64.564
756.66	64.559
756.84	64.572
757.02	64.561
757.20	64.540
757.38	64.532
757.56	64.561
757.74	64.552
757.92	64.526
758.10	64.538
758.28	64.546
758.46	64.537
758.64	64.491
758.82	64.509
759.00	64.526
759.18	64.521
759.36	64.457
759.54	64.428
759.72	64.448
759.90	64.476
760.08	64.484
760.26	64.464
760.44	64.452
760.62	64.476
760.80	64.480
760.98	64.525
761.16	64.515
761.33	64.489
761.51	64.505
761.69	64.531
761.87	64.577
762.05	64.580
762.23	64.624
762.41	64.657
762.59	64.693
762.77	64.670
762.95	64.706
763.13	64.735
763.31	64.788
763.49	64.750
763.67	64.749
763.85	64.731
764.03	64.738
764.21	64.780
764.38	64.755
764.56	64.798
764.74	64.813
764.92	64.858
765.10	64.858
765.28	64.863
765.46	64.894
765.64	64.882
765.82	64.898
766.00	64.929
766.18	64.947
766.35	64.938
766.53	64.970
766.71	64.929
766.89	64.931
767.07	64.955
767.25	64.959
767.43	64.941
767.61	64.969
767.79	65.014
767.97	65.009
768.14	65.027
768.32	65.039
768.50	65.032
768.68	65.032
768.86	65.029
769.04	65.075
769.22	65.056
769.40	65.041
769.58	65.041
769.75	65.023
769.93	64.981
770.11	64.987
770.29	64.971
770.47	65.016
770.65	65.047
770.83	65.052
771.00	65.127
771.18	65.178
771.36	65.158
771.54	65.165
771.72	65.163
771.90	65.171
772.08	65.133
772.25	65.152
772.43	65.171
772.61	65.176
772.79	65.146
772.97	65.157
773.15	65.233
773.33	65.225
773.50	65.201
773.68	65.210
773.86	65.211
774.04	65.232
774.22	65.290
774.40	65.312
774.57	65.306
774.75	65.240
774.93	65.242
775.11	65.290
775.29	65.246
775.46	65.282
775.64	65.286
775.82	65.304
776.00	65.285
776.18	65.302
776.36	65.349
776.53	65.323
776.71	65.318
776.89	65.245
777.07	65.273
777.25	65.315
777.42	65.350
777.60	65.385
777.78	65.442
777.96	65.413
778.14	65.406
778.31	65.407
778.49	65.443
778.67	65.419
778.85	65.432
779.03	65.469
779.20	65.440
779.38	65.451
779.56	65.482
779.74	65.485
779.91	65.480
780.09	65.459
780.27	65.534
780.45	65.570
780.63	65.625
780.80	65.636
780.98	65.608
781.16	65.641
781.34	65.632
781.51	65.620
781.69	65.622
781.87	65.627
782.05	65.665
782.22	65.702
782.40	65.686
782.58	65.680
782.76	65.731
782.93	65.713
783.11	65.754
783.29	65.745
783.47	65.774
783.64	65.769
783.82	65.794
784.00	65.801
784.18	65.801
784.35	65.755
784.53	65.759
784.71	65.766
784.89	65.780
785.06	65.810
785.24	65.817
785.42	65.872
785.60	65.835
785.77	65.871
785.95	65.861
786.13	65.914
786.30	65.885
786.48	65.898
786.66	65.954
786.84	65.930
787.01	65.974
787.19	65.954
787.37	65.965
787.54	65.999
787.72	65.982
787.90	65.941
788.07	66.011
788.25	66.041
788.43	66.043
788.61	66.047
788.78	66.053
788.96	66.114
789.14	66.062
789.31	66.120
789.49	66.100
789.67	66.098
789.84	66.092
790.02	66.154
790.20	66.166
790.37	66.184
790.55	66.206
790.73	66.156
790.90	66.193
791.08	66.205
791.26	66.134
791.43	66.105
791.61	66.132
791.79	66.179
791.96	66.189
792.14	66.234
792.32	66.262
792.49	66.277
792.67	66.222
792.85	66.211
793.02	66.190
793.20	66.176
793.38	66.201
793.55	66.160
793.73	66.162
793.91	66.110
794.08	66.076
794.26	66.052
794.44	66.005
794.61	66.035
794.79	66.028
794.97	66.113
795.14	66.193
795.32	66.251
795.49	66.244
795.67	66.178
795.85	66.195
796.02	66.185
796.20	66.186
796.38	66.212
796.55	66.284
796.73	66.294
796.90	66.279
797.08	66.254
797.26	66.261
797.43	66.241
797.61	66.298
797.78	66.284
797.96	66.381
798.14	66.513
798.31	66.509
798.49	66.531
798.66	66.519
798.84	66.469
799.02	66.460
799.19	66.475
799.37	66.537
799.54	66.542
799.72	66.570
799.90	66.516
800.07	66.499
800.25	66.500
800.42	66.547
800.60	66.598
800.78	66.603
800.95	66.729
801.13	66.746
801.30	66.708
801.48	66.798
801.65	66.731
801.83	66.691
802.01	66.712
802.18	66.724
802.36	66.705
802.53	66.724
802.71	66.732
802.88	66.751
803.06	66.756
803.23	66.725
803.41	66.705
803.59	66.733
803.76	66.783
803.94	66.715
804.11	66.752
804.29	66.744
804.46	66.841
804.64	66.771
804.81	66.790
804.99	66.842
805.16	66.830
805.34	66.843
805.52	66.898
805.69	66.824
805.87	66.856
806.04	66.919
806.22	66.865
806.39	66.869
806.57	66.779
806.74	66.885
806.92	66.886
807.09	66.868
807.27	66.933
807.44	66.881
807.62	66.978
807.79	66.907
807.97	66.882
808.14	66.865
808.32	66.854
808.49	66.884
808.67	66.853
808.84	66.849
809.02	66.914
809.19	66.889
809.37	66.892
809.54	66.840
809.72	66.823
809.89	66.901
810.07	66.856
810.24	66.872
810.42	66.820
810.59	66.868
810.77	66.935
810.94	66.899
811.12	66.919
811.29	66.849
811.47	66.929
811.64	66.948
811.82	66.987
811.99	67.064
812.16	67.009
812.34	67.025
812.51	67.038
812.69	66.981
812.86	67.041
813.04	67.182
813.21	67.231
813.39	67.297
813.56	67.282
813.74	67.292
813.91	67.314
814.08	67.252
814.26	67.274
814.43	67.273
814.61	67.285
814.78	67.300
814.96	67.366
815.13	67.339
815.31	67.371
815.48	67.363
815.65	67.364
815.83	67.409
816.00	67.381
816.18	67.355
816.35	67.344
816.53	67.305
816.70	67.282
816.87	67.302
817.05	67.237
817.22	67.277
817.40	67.338
817.57	67.359
817.74	67.403
817.92	67.377
818.09	67.373
818.27	67.442
818.44	67.478
818.62	67.433
818.79	67.316
818.96	67.313
819.14	67.294
819.31	67.263
819.49	67.278
819.66	67.394
819.83	67.343
820.01	67.374
820.18	67.377
820.35	67.387
820.53	67.346
820.70	67.408
820.88	67.420
821.05	67.426
821.22	67.464
821.40	67.423
821.57	67.476
821.74	67.484
821.92	67.496
822.09	67.508
822.27	67.571
822.44	67.650
822.61	67.701
822.79	67.715
822.96	67.675
823.13	67.687
823.31	67.630
823.48	67.707
823.65	67.754
823.83	67.770
824.00	67.757
824.17	67.876
824.35	67.827
824.52	67.753
824.69	67.807
824.87	67.819
825.04	67.865
825.22	67.837
825.39	67.826
825.56	67.734
825.74	67.689
825.91	67.661
826.08	67.687
826.25	67.713
826.43	67.663
826.60	67.762
826.77	67.766
826.95	67.781
827.12	67.794
827.29	67.693
827.47	67.700
827.64	67.745
827.81	67.680
827.99	67.679
828.16	67.735
828.33	67.750
828.51	67.780
828.68	67.750
828.85	67.740
829.02	67.761
829.20	67.766
829.37	67.802
829.54	67.876
829.72	67.876
829.89	67.885
830.06	68.048
830.23	67.971
830.41	68.005
830.58	68.089
830.75	68.050
830.93	68.073
831.10	68.074
831.27	68.091
831.44	68.047
831.62	68.162
831.79	68.067
831.96	68.078
832.13	68.021
832.31	68.112
832.48	68.257
832.65	68.280
832.83	68.290
833.00	68.327
833.17	68.274
833.34	68.316
833.52	68.230
833.69	68.088
833.86	68.153
834.03	68.123
834.21	68.054
834.38	68.112
834.55	68.075
834.72	68.114
834.89	68.038
835.07	68.094
835.24	68.017
835.41	68.104
835.58	68.016
835.76	68.038
835.93	67.983
836.10	67.924
836.27	67.875
836.45	67.894
836.62	67.891
836.79	67.878
836.96	67.932
837.13	67.925
837.31	68.018
837.48	68.007
837.65	68.054
837.82	68.041
837.99	67.972
838.17	68.060
838.34	67.925
838.51	68.035
838.68	68.112
838.85	68.018
839.03	68.118
839.20	68.056
839.37	67.995
839.54	68.116
839.71	68.060
839.89	68.142
840.06	68.229
840.23	68.172
840.40	68.312
840.57	68.259
840.74	68.274
840.92	68.269
841.09	68.266
841.26	68.176
841.43	68.198
841.60	68.280
841.78	68.357
841.95	68.437
842.12	68.357
842.29	68.295
842.46	68.504
842.63	68.426
842.80	68.476
842.98	68.563
843.15	68.487
843.32	68.509
843.49	68.448
843.66	68.393
843.83	68.425
844.00	68.422
844.18	68.324
844.35	68.421
844.52	68.411
844.69	68.405
844.86	68.455
845.03	68.414
845.20	68.347
845.38	68.208
845.55	68.264
845.72	68.352
845.89	68.335
846.06	68.205
846.23	68.290
846.40	68.341
846.57	68.346
846.75	68.376
846.92	68.287
847.09	68.347
847.26	68.316
847.43	68.295
847.60	68.182
847.77	68.333
847.94	68.278
848.11	68.192
848.28	68.213
848.46	68.213
848.63	68.245
848.80	68.318
848.97	68.477
849.14	68.453
849.31	68.391
849.48	68.437
849.65	68.519
849.82	68.512
849.99	68.512
850.16	68.607
850.33	68.541
850.51	68.615
850.68	68.608
850.85	68.669
851.02	68.698
851.19	68.763
851.36	68.784
851.53	68.880
851.70	68.903
851.87	68.976
852.04	68.946
852.21	69.100
852.38	69.096
852.55	68.991
852.72	68.968
852.89	68.973
853.06	68.903
853.24	68.753
853.41	68.804
853.58	68.813
853.75	68.685
853.92	68.707
854.09	68.658
854.26	68.748
854.43	68.862
854.60	68.923
854.77	68.895
854.94	68.883
855.11	68.743
855.28	68.824
855.45	68.770
855.62	68.726
855.79	68.583
855.96	68.682
856.13	68.771
856.30	68.803
856.47	68.807
856.64	68.868
856.81	68.959
856.98	68.785
857.15	68.812
857.32	68.814
857.49	68.820
857.66	68.829
857.83	68.719
858.00	68.602
858.17	68.658
858.34	68.762
858.51	68.725
858.68	68.764
858.85	68.622
859.02	68.634
859.19	68.815
859.36	68.825
859.53	68.763
859.70	68.670
859.87	68.802
860.04	68.758
860.21	68.637
860.38	68.782
860.55	68.878
860.72	68.869
860.89	68.839
861.06	68.878
861.23	69.007
861.40	69.008
861.56	69.075
861.73	68.958
861.90	68.814
862.07	68.985
862.24	68.920
862.41	69.106
862.58	69.047
862.75	69.071
862.92	69.103
863.09	69.154
863.26	69.182
863.43	69.134
863.60	69.189
863.77	69.383
863.94	69.309
864.11	69.289
864.28	69.373
864.44	69.466
864.61	69.543
864.78	69.502
864.95	69.530
865.12	69.557
865.29	69.526
865.46	69.611
865.63	69.389
865.80	69.481
865.97	69.459
866.14	69.650
866.31	69.505
866.47	69.595
866.64	69.556
866.81	69.612
866.98	69.636
867.15	69.582
867.32	69.666
867.49	69.857
867.66	69.886
867.83	69.808
867.99	69.922
868.16	69.893
868.33	69.938
868.50	69.996
868.67	69.998
868.84	69.932
869.01	69.922
869.18	70.235
869.35	70.223
869.51	70.242
869.68	70.021
869.85	70.146
870.02	70.104
870.19	70.160
870.36	70.238
870.53	70.313
870.69	70.345
870.86	70.193
871.03	69.867
871.20	69.954
871.37	69.985
871.54	69.825
871.71	69.932
871.87	70.005
872.04	70.084
872.21	69.972
872.38	70.108
872.55	70.123
872.72	69.948
872.88	70.037
873.05	70.108
873.22	70.313
873.39	70.135
873.56	70.215
873.73	70.049
873.89	69.985
874.06	69.868
874.23	69.992
874.40	69.949
874.57	70.128
874.73	70.089
874.90	69.892
875.07	69.829
875.24	69.788
875.41	69.725
875.57	69.765
875.74	69.839
875.91	69.927
876.08	69.917
876.25	69.835
876.41	69.699
876.58	69.580
876.75	69.561
876.92	69.740
877.09	69.668
877.25	69.841
877.42	69.858
877.59	69.921
877.76	69.923
877.93	69.962
878.09	69.919
878.26	69.992
878.43	70.257
878.60	70.611
878.76	70.595
878.93	70.647
879.10	70.653
879.27	70.696
879.43	70.710
879.60	70.710
879.77	70.644
879.94	70.712
880.10	70.606
880.27	70.654
880.44	70.781
880.61	70.827
880.77	70.739
880.94	70.790
881.11	70.671
881.28	70.675
881.44	70.771
881.61	70.806
881.78	70.667
881.95	70.791
882.11	70.709
882.28	70.630
882.45	70.538
882.62	70.395
882.78	70.461
882.95	70.513
883.12	70.731
883.28	71.079
883.45	71.227
883.62	71.224
883.79	71.303
883.95	71.291
884.12	71.306
884.29	71.461
884.45	71.428
884.62	71.563
884.79	71.552
884.96	71.463
885.12	71.371
885.29	66.248
885.46	74.367
885.62	72.976
885.79	72.185
885.96	72.352
886.12	69.807
886.29	72.048
886.46	71.791
886.62	69.392
886.79	69.046
