178.99	-0.084
179.20	-0.084
179.42	-0.084
179.63	-0.421
179.84	0.291
180.06	-0.000
180.27	0.612
180.49	-1.362
180.70	0.936
180.92	0.070
181.13	-0.135
181.35	-0.223
181.56	-0.222
181.77	-0.318
181.99	-0.290
182.20	-0.622
182.42	-0.532
182.63	-0.254
182.85	-0.259
183.06	-0.144
183.28	-0.157
183.49	-0.113
183.70	-0.062
183.92	-0.029
184.13	-0.037
184.35	-0.014
184.56	-0.004
184.78	-0.011
184.99	0.059
185.21	0.114
185.42	0.094
185.63	0.067
185.85	0.115
186.06	0.110
186.28	0.119
186.49	0.161
186.71	0.214
186.92	0.204
187.13	0.179
187.35	0.182
187.56	0.201
187.78	0.215
187.99	0.149
188.21	0.138
188.42	0.141
188.63	0.158
188.85	0.156
189.06	0.158
189.28	0.169
189.49	0.159
189.71	0.096
189.92	0.117
190.13	0.148
190.35	0.130
190.56	0.131
190.78	0.151
190.99	0.097
191.20	0.086
191.42	0.103
191.63	0.088
191.85	0.069
192.06	0.025
192.28	0.039
192.49	0.076
192.70	0.069
192.92	0.030
193.13	0.034
193.35	0.034
193.56	0.028
193.77	0.011
193.99	0.004
194.20	0.037
194.42	0.035
194.63	-0.007
194.84	-0.017
195.06	-0.024
195.27	-0.031
195.49	-0.013
195.70	0.016
195.91	0.006
196.13	0.045
196.34	0.106
196.56	0.136
196.77	0.128
196.98	0.166
197.20	0.144
197.41	0.163
197.63	0.141
197.84	0.198
198.05	0.216
198.27	0.231
198.48	0.190
198.70	0.183
198.91	0.172
199.12	0.213
199.34	0.238
199.55	0.247
199.76	0.266
199.98	0.207
200.19	0.197
200.41	0.197
200.62	0.175
200.83	0.154
201.05	0.134
201.26	0.124
201.48	0.083
201.69	0.088
201.90	0.141
202.12	0.132
202.33	0.092
202.54	0.073
202.76	0.065
202.97	0.098
203.19	0.100
203.40	0.104
203.61	0.088
203.83	0.119
204.04	0.108
204.25	0.111
204.47	0.096
204.68	0.102
204.89	0.099
205.11	0.070
205.32	0.045
205.54	0.064
205.75	0.071
205.96	0.095
206.18	0.057
206.39	0.026
206.60	0.064
206.82	0.099
207.03	0.144
207.24	0.181
207.46	0.155
207.67	0.148
207.89	0.124
208.10	0.160
208.31	0.135
208.53	0.131
208.74	0.113
208.95	0.138
209.17	0.125
209.38	0.077
209.59	0.102
209.81	0.096
210.02	0.108
210.23	0.084
210.45	0.086
210.66	0.173
210.87	0.166
211.09	0.141
211.30	0.123
211.51	0.086
211.73	0.011
211.94	-0.001
212.15	-0.008
212.37	0.004
212.58	0.004
212.79	0.005
213.01	0.010
213.22	0.022
213.43	0.028
213.65	0.042
213.86	0.064
214.07	0.046
214.29	0.049
214.50	0.034
214.71	0.077
214.93	0.090
215.14	0.089
215.35	0.101
215.57	0.104
215.78	0.063
215.99	0.066
216.21	0.139
216.42	0.200
216.63	0.213
216.85	0.250
217.06	0.257
217.27	0.306
217.49	0.304
217.70	0.291
217.91	0.287
218.13	0.270
218.34	0.317
218.55	0.361
218.77	0.367
218.98	0.343
219.19	0.239
219.40	0.161
219.62	0.110
219.83	0.107
220.04	0.098
220.26	0.089
220.47	0.070
220.68	0.034
220.90	-0.003
221.11	-0.007
221.32	-0.043
221.54	-0.052
221.75	-0.059
221.96	-0.086
222.17	-0.074
222.39	-0.054
222.60	-0.037
222.81	-0.057
223.03	-0.030
223.24	-0.039
223.45	0.004
223.67	0.047
223.88	0.057
224.09	0.065
224.30	0.083
224.52	0.068
224.73	0.081
224.94	0.123
225.16	0.172
225.37	0.226
225.58	0.236
225.79	0.199
226.01	0.150
226.22	0.135
226.43	0.145
226.65	0.109
226.86	0.141
227.07	0.129
227.28	0.193
227.50	0.176
227.71	0.169
227.92	0.146
228.14	0.082
228.35	0.079
228.56	0.126
228.77	0.115
228.99	0.087
229.20	0.099
229.41	0.076
229.62	0.083
229.84	0.065
230.05	0.038
230.26	0.064
230.48	0.086
230.69	0.109
230.90	0.074
231.11	0.084
231.33	0.052
231.54	0.033
231.75	-0.013
231.96	-0.014
232.18	-0.039
232.39	-0.010
232.60	0.026
232.81	0.042
233.03	-0.003
233.24	0.009
233.45	0.028
233.66	0.045
233.88	0.031
234.09	0.041
234.30	0.053
234.51	0.085
234.73	0.069
234.94	0.068
235.15	0.092
235.36	0.145
235.58	0.135
235.79	0.128
236.00	0.174
236.21	0.197
236.43	0.226
236.64	0.294
236.85	0.204
237.06	0.210
237.28	0.204
237.49	0.175
237.70	0.142
237.91	0.126
238.13	0.120
238.34	0.135
238.55	0.105
238.76	0.108
238.98	0.088
239.19	0.071
239.40	0.077
239.61	0.040
239.83	0.004
240.04	0.021
240.25	0.042
240.46	0.026
240.67	0.065
240.89	0.018
241.10	0.024
241.31	0.056
241.52	0.032
241.74	0.040
241.95	0.103
242.16	0.111
242.37	0.155
242.58	0.161
242.80	0.099
243.01	0.105
243.22	0.119
243.43	0.184
243.65	0.268
243.86	0.319
244.07	0.320
244.28	0.308
244.49	0.338
244.71	0.324
244.92	0.270
245.13	0.233
245.34	0.310
245.55	0.278
245.77	0.283
245.98	0.261
246.19	0.276
246.40	0.238
246.62	0.234
246.83	0.229
247.04	0.185
247.25	0.231
247.46	0.197
247.68	0.164
247.89	0.169
248.10	0.115
248.31	0.073
248.52	0.078
248.74	0.090
248.95	0.081
249.16	0.048
249.37	0.050
249.58	0.048
249.79	0.005
250.01	0.010
250.22	-0.003
250.43	0.005
250.64	0.008
250.85	0.038
251.07	0.036
251.28	0.041
251.49	0.042
251.70	0.035
251.91	0.055
252.13	0.044
252.34	0.006
252.55	0.046
252.76	0.093
252.97	0.084
253.18	0.094
253.40	0.098
253.61	0.099
253.82	0.131
254.03	0.130
254.24	0.150
254.46	0.175
254.67	0.127
254.88	0.143
255.09	0.117
255.30	0.061
255.51	0.075
255.73	0.139
255.94	0.152
256.15	0.138
256.36	0.159
256.57	0.168
256.78	0.172
257.00	0.168
257.21	0.149
257.42	0.147
257.63	0.136
257.84	0.124
258.05	0.150
258.26	0.126
258.48	0.099
258.69	0.139
258.90	0.130
259.11	0.169
259.32	0.153
259.53	0.166
259.75	0.181
259.96	0.194
260.17	0.118
260.38	0.115
260.59	0.146
260.80	0.096
261.01	0.104
261.23	0.126
261.44	0.105
261.65	0.105
261.86	0.092
262.07	0.093
262.28	0.113
262.49	0.099
262.71	0.107
262.92	0.118
263.13	0.071
263.34	0.070
263.55	0.056
263.76	0.061
263.97	0.032
264.19	0.053
264.40	0.023
264.61	0.057
264.82	0.067
265.03	0.098
265.24	0.166
265.45	0.173
265.66	0.177
265.88	0.168
266.09	0.189
266.30	0.188
266.51	0.209
266.72	0.169
266.93	0.166
267.14	0.158
267.35	0.155
267.57	0.164
267.78	0.172
267.99	0.144
268.20	0.133
268.41	0.139
268.62	0.122
268.83	0.113
269.04	0.105
269.25	0.088
269.47	0.055
269.68	0.035
269.89	0.036
270.10	0.017
270.31	0.041
270.52	0.043
270.73	0.034
270.94	0.018
271.15	0.032
271.37	0.022
271.58	-0.000
271.79	0.037
272.00	0.045
272.21	0.043
272.42	0.072
272.63	0.081
272.84	0.126
273.05	0.143
273.26	0.176
273.48	0.187
273.69	0.225
273.90	0.207
274.11	0.186
274.32	0.161
274.53	0.221
274.74	0.201
274.95	0.197
275.16	0.219
275.37	0.206
275.58	0.243
275.80	0.243
276.01	0.246
276.22	0.202
276.43	0.207
276.64	0.175
276.85	0.192
277.06	0.198
277.27	0.187
277.48	0.156
277.69	0.164
277.90	0.160
278.11	0.145
278.32	0.171
278.54	0.216
278.75	0.223
278.96	0.168
279.17	0.152
279.38	0.111
279.59	0.120
279.80	0.116
280.01	0.094
280.22	0.116
280.43	0.126
280.64	0.129
280.85	0.112
281.06	0.149
281.27	0.126
281.48	0.154
281.70	0.139
281.91	0.155
282.12	0.173
282.33	0.180
282.54	0.204
282.75	0.199
282.96	0.163
283.17	0.191
283.38	0.184
283.59	0.224
283.80	0.252
284.01	0.244
284.22	0.266
284.43	0.260
284.64	0.245
284.85	0.257
285.06	0.238
285.27	0.293
285.48	0.271
285.70	0.260
285.91	0.205
286.12	0.191
286.33	0.171
286.54	0.159
286.75	0.125
286.96	0.122
287.17	0.116
287.38	0.071
287.59	0.047
287.80	0.078
288.01	0.066
288.22	0.117
288.43	0.097
288.64	0.098
288.85	0.102
289.06	0.098
289.27	0.106
289.48	0.134
289.69	0.066
289.90	0.060
290.11	0.032
290.32	0.080
290.53	0.109
290.74	0.159
290.95	0.107
291.16	0.158
291.37	0.156
291.58	0.146
291.79	0.155
292.00	0.159
292.21	0.138
292.42	0.137
292.63	0.101
292.84	0.085
293.05	0.063
293.26	0.082
293.47	0.060
293.68	0.029
293.89	0.008
294.10	0.032
294.31	0.045
294.52	0.083
294.73	0.098
294.95	0.086
295.16	0.098
295.37	0.139
295.58	0.122
295.79	0.118
295.99	0.111
296.20	0.125
296.41	0.149
296.62	0.163
296.83	0.168
297.04	0.160
297.25	0.204
297.46	0.224
297.67	0.222
297.88	0.236
298.09	0.259
298.30	0.244
298.51	0.268
298.72	0.249
298.93	0.232
299.14	0.192
299.35	0.166
299.56	0.132
299.77	0.140
299.98	0.108
300.19	0.130
300.40	0.148
300.61	0.143
300.82	0.133
301.03	0.121
301.24	0.121
301.45	0.118
301.66	0.140
301.87	0.163
302.08	0.146
302.29	0.146
302.50	0.131
302.71	0.136
302.92	0.118
303.13	0.094
303.34	0.103
303.55	0.125
303.76	0.127
303.97	0.125
304.18	0.113
304.39	0.132
304.60	0.085
304.81	0.093
305.02	0.111
305.22	0.110
305.43	0.119
305.64	0.106
305.85	0.114
306.06	0.097
306.27	0.062
306.48	0.055
306.69	0.053
306.90	0.064
307.11	0.095
307.32	0.097
307.53	0.110
307.74	0.109
307.95	0.117
308.16	0.121
308.37	0.140
308.58	0.163
308.79	0.143
309.00	0.177
309.21	0.163
309.41	0.144
309.62	0.170
309.83	0.154
310.04	0.186
310.25	0.198
310.46	0.167
310.67	0.193
310.88	0.215
311.09	0.215
311.30	0.234
311.51	0.193
311.72	0.219
311.93	0.253
312.14	0.257
312.34	0.195
312.55	0.191
312.76	0.168
312.97	0.142
313.18	0.199
313.39	0.257
313.60	0.229
313.81	0.233
314.02	0.212
314.23	0.269
314.44	0.248
314.65	0.239
314.86	0.256
315.06	0.278
315.27	0.270
315.48	0.263
315.69	0.245
315.90	0.223
316.11	0.222
316.32	0.203
316.53	0.255
316.74	0.246
316.95	0.292
317.16	0.288
317.36	0.283
317.57	0.250
317.78	0.238
317.99	0.193
318.20	0.198
318.41	0.202
318.62	0.149
318.83	0.176
319.04	0.195
319.24	0.210
319.45	0.184
319.66	0.213
319.87	0.193
320.08	0.206
320.29	0.186
320.50	0.181
320.71	0.202
320.92	0.159
321.12	0.213
321.33	0.195
321.54	0.204
321.75	0.199
321.96	0.190
322.17	0.156
322.38	0.225
322.59	0.216
322.80	0.194
323.00	0.198
323.21	0.192
323.42	0.163
323.63	0.154
323.84	0.141
324.05	0.107
324.26	0.176
324.47	0.159
324.67	0.205
324.88	0.207
325.09	0.189
325.30	0.195
325.51	0.172
325.72	0.187
325.93	0.198
326.13	0.200
326.34	0.197
326.55	0.238
326.76	0.243
326.97	0.257
327.18	0.263
327.39	0.282
327.59	0.288
327.80	0.297
328.01	0.279
328.22	0.315
328.43	0.302
328.64	0.282
328.85	0.281
329.05	0.290
329.26	0.310
329.47	0.300
329.68	0.299
329.89	0.294
330.10	0.290
330.30	0.251
330.51	0.261
330.72	0.271
330.93	0.234
331.14	0.222
331.35	0.196
331.56	0.212
331.76	0.231
331.97	0.225
332.18	0.234
332.39	0.288
332.60	0.277
332.81	0.296
333.01	0.280
333.22	0.293
333.43	0.300
333.64	0.286
333.85	0.304
334.05	0.301
334.26	0.316
334.47	0.335
334.68	0.364
334.89	0.358
335.10	0.386
335.30	0.394
335.51	0.412
335.72	0.453
335.93	0.437
336.14	0.413
336.35	0.427
336.55	0.423
336.76	0.396
336.97	0.383
337.18	0.383
337.39	0.387
337.59	0.389
337.80	0.386
338.01	0.384
338.22	0.376
338.43	0.374
338.63	0.359
338.84	0.346
339.05	0.348
339.26	0.366
339.47	0.353
339.67	0.359
339.88	0.361
340.09	0.379
340.30	0.374
340.51	0.367
340.71	0.359
340.92	0.354
341.13	0.363
341.34	0.375
341.55	0.372
341.75	0.383
341.96	0.378
342.17	0.373
342.38	0.381
342.58	0.380
342.79	0.388
343.00	0.393
343.21	0.391
343.42	0.378
343.62	0.367
343.83	0.367
344.04	0.371
344.25	0.371
344.46	0.355
344.66	0.366
344.87	0.371
345.08	0.368
345.29	0.368
345.49	0.368
345.70	0.365
345.91	0.364
346.12	0.366
346.32	0.374
346.53	0.377
346.74	0.369
346.95	0.371
347.16	0.368
347.36	0.369
347.57	0.369
347.78	0.375
347.99	0.387
348.19	0.387
348.40	0.388
348.61	0.383
348.82	0.387
349.02	0.387
349.23	0.396
349.44	0.400
349.65	0.406
349.85	0.401
350.06	0.405
350.27	0.409
350.48	0.408
350.68	0.405
350.89	0.400
351.10	0.400
351.31	0.400
351.51	0.409
351.72	0.409
351.93	0.416
352.14	0.420
352.34	0.412
352.55	0.415
352.76	0.418
352.96	0.421
353.17	0.418
353.38	0.418
353.59	0.417
353.79	0.422
354.00	0.417
354.21	0.418
354.42	0.418
354.62	0.418
354.83	0.417
355.04	0.419
355.24	0.426
355.45	0.428
355.66	0.428
355.87	0.422
356.07	0.424
356.28	0.422
356.49	0.423
356.70	0.426
356.90	0.422
357.11	0.418
357.32	0.421
357.52	0.421
357.73	0.422
357.94	0.423
358.15	0.418
358.35	0.419
358.56	0.421
358.77	0.422
358.97	0.422
359.18	0.421
359.39	0.424
359.59	0.427
359.80	0.429
360.01	0.431
360.22	0.434
360.42	0.430
360.63	0.433
360.84	0.435
361.04	0.437
361.25	0.445
361.46	0.447
361.66	0.446
361.87	0.448
362.08	0.448
362.29	0.450
362.49	0.453
362.70	0.453
362.91	0.454
363.11	0.454
363.32	0.454
363.53	0.455
363.73	0.453
363.94	0.452
364.15	0.452
364.35	0.453
364.56	0.454
364.77	0.461
364.97	0.460
365.18	0.460
365.39	0.458
365.59	0.455
365.80	0.457
366.01	0.456
366.21	0.457
366.42	0.456
366.63	0.453
366.83	0.452
367.04	0.455
367.25	0.456
367.45	0.457
367.66	0.461
367.87	0.461
368.07	0.462
368.28	0.465
368.49	0.464
368.69	0.466
368.90	0.467
369.11	0.464
369.31	0.468
369.52	0.470
369.73	0.470
369.93	0.472
370.14	0.471
370.35	0.474
370.55	0.474
370.76	0.476
370.97	0.476
371.17	0.474
371.38	0.477
371.58	0.477
371.79	0.480
372.00	0.479
372.20	0.481
372.41	0.480
372.62	0.479
372.82	0.483
373.03	0.484
373.24	0.484
373.44	0.484
373.65	0.484
373.85	0.485
374.06	0.487
374.27	0.488
374.47	0.491
374.68	0.492
374.89	0.493
375.09	0.494
375.30	0.495
375.51	0.499
375.71	0.501
375.92	0.501
376.12	0.500
376.33	0.501
376.54	0.501
376.74	0.504
376.95	0.503
377.15	0.503
377.36	0.503
377.57	0.504
377.77	0.505
377.98	0.504
378.19	0.504
378.39	0.507
378.60	0.507
378.80	0.506
379.01	0.506
379.22	0.507
379.42	0.509
379.63	0.512
379.83	0.511
380.04	0.511
380.25	0.509
380.45	0.510
380.66	0.510
380.86	0.511
381.07	0.510
381.28	0.510
381.48	0.510
381.69	0.509
381.89	0.509
382.10	0.510
382.31	0.513
382.51	0.512
382.72	0.511
382.92	0.509
383.13	0.509
383.33	0.509
383.54	0.509
383.75	0.510
383.95	0.511
384.16	0.509
384.36	0.510
384.57	0.513
384.78	0.513
384.98	0.514
385.19	0.515
385.39	0.515
385.60	0.517
385.80	0.516
386.01	0.518
386.22	0.517
386.42	0.515
386.63	0.514
386.83	0.514
387.04	0.514
387.24	0.515
387.45	0.516
387.65	0.517
387.86	0.517
388.07	0.516
388.27	0.516
388.48	0.517
388.68	0.515
388.89	0.517
389.09	0.517
389.30	0.517
389.50	0.517
389.71	0.518
389.92	0.519
390.12	0.519
390.33	0.519
390.53	0.521
390.74	0.523
390.94	0.524
391.15	0.525
391.35	0.524
391.56	0.525
391.77	0.524
391.97	0.523
392.18	0.523
392.38	0.522
392.59	0.523
392.79	0.524
393.00	0.525
393.20	0.524
393.41	0.524
393.61	0.524
393.82	0.523
394.02	0.523
394.23	0.523
394.43	0.525
394.64	0.526
394.84	0.526
395.05	0.524
395.26	0.524
395.46	0.524
395.67	0.524
395.87	0.524
396.08	0.525
396.28	0.527
396.49	0.528
396.69	0.530
396.90	0.531
397.10	0.530
397.31	0.531
397.51	0.532
397.72	0.532
397.92	0.533
398.13	0.535
398.33	0.535
398.54	0.536
398.74	0.536
398.95	0.538
399.15	0.538
399.36	0.539
399.56	0.541
399.77	0.542
399.97	0.543
400.18	0.543
400.38	0.544
400.59	0.544
400.79	0.544
401.00	0.544
401.20	0.545
401.41	0.546
401.61	0.547
401.82	0.547
402.02	0.549
402.23	0.549
402.43	0.551
402.64	0.551
402.84	0.551
403.05	0.552
403.25	0.551
403.46	0.553
403.66	0.553
403.87	0.552
404.07	0.553
404.27	0.554
404.48	0.556
404.68	0.556
404.89	0.557
405.09	0.554
405.30	0.554
405.50	0.553
405.71	0.554
405.91	0.554
406.12	0.553
406.32	0.553
406.53	0.553
406.73	0.553
406.94	0.555
407.14	0.555
407.34	0.557
407.55	0.557
407.75	0.557
407.96	0.558
408.16	0.560
408.37	0.560
408.57	0.560
408.78	0.559
408.98	0.561
409.19	0.563
409.39	0.567
409.59	0.568
409.80	0.569
410.00	0.569
410.21	0.570
410.41	0.572
410.62	0.574
410.82	0.575
411.03	0.575
411.23	0.575
411.43	0.576
411.64	0.577
411.84	0.578
412.05	0.579
412.25	0.580
412.46	0.580
412.66	0.581
412.86	0.583
413.07	0.585
413.27	0.585
413.48	0.584
413.68	0.585
413.89	0.585
414.09	0.585
414.29	0.588
414.50	0.589
414.70	0.589
414.91	0.588
415.11	0.589
415.32	0.589
415.52	0.590
415.72	0.590
415.93	0.589
416.13	0.589
416.34	0.590
416.54	0.590
416.74	0.591
416.95	0.593
417.15	0.592
417.36	0.593
417.56	0.593
417.76	0.595
417.97	0.595
418.17	0.597
418.38	0.598
418.58	0.597
418.78	0.597
418.99	0.597
419.19	0.599
419.40	0.601
419.60	0.602
419.80	0.603
420.01	0.605
420.21	0.607
420.42	0.608
420.62	0.608
420.82	0.609
421.03	0.609
421.23	0.609
421.44	0.611
421.64	0.611
421.84	0.611
422.05	0.610
422.25	0.613
422.45	0.613
422.66	0.615
422.86	0.616
423.07	0.618
423.27	0.617
423.47	0.618
423.68	0.618
423.88	0.618
424.08	0.618
424.29	0.618
424.49	0.619
424.70	0.619
424.90	0.620
425.10	0.621
425.31	0.622
425.51	0.622
425.71	0.623
425.92	0.624
426.12	0.625
426.32	0.626
426.53	0.626
426.73	0.627
426.93	0.627
427.14	0.629
427.34	0.629
427.55	0.630
427.75	0.632
427.95	0.632
428.16	0.632
428.36	0.633
428.56	0.634
428.77	0.634
428.97	0.635
429.17	0.635
429.38	0.635
429.58	0.636
429.78	0.635
429.99	0.636
430.19	0.637
430.39	0.639
430.60	0.639
430.80	0.638
431.00	0.639
431.21	0.640
431.41	0.640
431.61	0.640
431.82	0.641
432.02	0.642
432.22	0.643
432.43	0.644
432.63	0.645
432.83	0.645
433.04	0.646
433.24	0.646
433.44	0.647
433.65	0.647
433.85	0.649
434.05	0.650
434.25	0.651
434.46	0.650
434.66	0.649
434.86	0.650
435.07	0.651
435.27	0.650
435.47	0.651
435.68	0.651
435.88	0.652
436.08	0.653
436.29	0.652
436.49	0.652
436.69	0.653
436.89	0.654
437.10	0.654
437.30	0.653
437.50	0.653
437.71	0.654
437.91	0.655
438.11	0.654
438.32	0.655
438.52	0.655
438.72	0.656
438.92	0.657
439.13	0.658
439.33	0.658
439.53	0.658
439.74	0.658
439.94	0.659
440.14	0.658
440.34	0.658
440.55	0.659
440.75	0.660
440.95	0.660
441.15	0.660
441.36	0.661
441.56	0.662
441.76	0.663
441.97	0.662
442.17	0.663
442.37	0.663
442.57	0.663
442.78	0.663
442.98	0.662
443.18	0.662
443.38	0.662
443.59	0.662
443.79	0.662
443.99	0.661
444.19	0.661
444.40	0.663
444.60	0.662
444.80	0.662
445.00	0.662
445.21	0.660
445.41	0.661
445.61	0.661
445.81	0.660
446.02	0.659
446.22	0.660
446.42	0.660
446.62	0.659
446.83	0.659
447.03	0.659
447.23	0.659
447.43	0.658
447.64	0.659
447.84	0.659
448.04	0.659
448.24	0.659
448.45	0.660
448.65	0.659
448.85	0.659
449.05	0.659
449.26	0.659
449.46	0.659
449.66	0.658
449.86	0.657
450.06	0.657
450.27	0.657
450.47	0.656
450.67	0.656
450.87	0.656
451.08	0.655
451.28	0.656
451.48	0.656
451.68	0.657
451.88	0.657
452.09	0.657
452.29	0.657
452.49	0.658
452.69	0.656
452.89	0.657
453.10	0.656
453.30	0.656
453.50	0.656
453.70	0.656
453.90	0.656
454.11	0.658
454.31	0.657
454.51	0.658
454.71	0.658
454.91	0.657
455.12	0.657
455.32	0.657
455.52	0.658
455.72	0.657
455.92	0.656
456.13	0.655
456.33	0.655
456.53	0.655
456.73	0.653
456.93	0.654
457.14	0.652
457.34	0.652
457.54	0.652
457.74	0.651
457.94	0.652
458.14	0.652
458.35	0.651
458.55	0.650
458.75	0.650
458.95	0.651
459.15	0.651
459.36	0.651
459.56	0.651
459.76	0.651
459.96	0.651
460.16	0.651
460.36	0.650
460.57	0.651
460.77	0.651
460.97	0.651
461.17	0.650
461.37	0.650
461.57	0.650
461.77	0.649
461.98	0.649
462.18	0.648
462.38	0.647
462.58	0.647
462.78	0.647
462.98	0.647
463.19	0.645
463.39	0.645
463.59	0.644
463.79	0.644
463.99	0.643
464.19	0.641
464.39	0.641
464.60	0.641
464.80	0.640
465.00	0.640
465.20	0.639
465.40	0.640
465.60	0.640
465.80	0.640
466.01	0.640
466.21	0.640
466.41	0.641
466.61	0.640
466.81	0.640
467.01	0.639
467.21	0.640
467.41	0.640
467.62	0.640
467.82	0.640
468.02	0.640
468.22	0.640
468.42	0.640
468.62	0.640
468.82	0.640
469.02	0.640
469.22	0.640
469.43	0.639
469.63	0.639
469.83	0.638
470.03	0.638
470.23	0.639
470.43	0.638
470.63	0.638
470.83	0.638
471.03	0.637
471.24	0.637
471.44	0.636
471.64	0.635
471.84	0.635
472.04	0.635
472.24	0.635
472.44	0.634
472.64	0.633
472.84	0.633
473.04	0.633
473.25	0.633
473.45	0.632
473.65	0.633
473.85	0.632
474.05	0.633
474.25	0.633
474.45	0.632
474.65	0.632
474.85	0.632
475.05	0.631
475.25	0.631
475.45	0.631
475.66	0.631
475.86	0.631
476.06	0.631
476.26	0.631
476.46	0.630
476.66	0.630
476.86	0.630
477.06	0.631
477.26	0.630
477.46	0.630
477.66	0.630
477.86	0.630
478.06	0.630
478.26	0.629
478.46	0.628
478.67	0.628
478.87	0.629
479.07	0.628
479.27	0.628
479.47	0.628
479.67	0.628
479.87	0.628
480.07	0.628
480.27	0.628
480.47	0.628
480.67	0.628
480.87	0.628
481.07	0.628
481.27	0.627
481.47	0.627
481.67	0.627
481.87	0.627
482.07	0.627
482.27	0.627
482.47	0.627
482.67	0.627
482.87	0.627
483.07	0.627
483.28	0.627
483.48	0.626
483.68	0.626
483.88	0.626
484.08	0.626
484.28	0.627
484.48	0.627
484.68	0.627
484.88	0.627
485.08	0.627
485.28	0.627
485.48	0.627
485.68	0.627
485.88	0.627
486.08	0.626
486.28	0.626
486.48	0.626
486.68	0.626
486.88	0.626
487.08	0.626
487.28	0.626
487.48	0.627
487.68	0.627
487.88	0.628
488.08	0.628
488.28	0.628
488.48	0.628
488.68	0.628
488.88	0.628
489.08	0.628
489.28	0.628
489.48	0.628
489.68	0.628
489.88	0.629
490.08	0.629
490.28	0.630
490.48	0.631
490.68	0.631
490.88	0.631
491.08	0.630
491.28	0.631
491.48	0.630
491.68	0.630
491.88	0.631
492.08	0.631
492.28	0.631
492.48	0.631
492.68	0.631
492.88	0.631
493.08	0.632
493.28	0.632
493.48	0.633
493.67	0.633
493.87	0.633
494.07	0.633
494.27	0.633
494.47	0.633
494.67	0.633
494.87	0.633
495.07	0.634
495.27	0.634
495.47	0.634
495.67	0.635
495.87	0.635
496.07	0.635
496.27	0.636
496.47	0.636
496.67	0.636
496.87	0.636
497.07	0.637
497.27	0.637
497.47	0.637
497.67	0.637
497.87	0.638
498.06	0.638
498.26	0.638
498.46	0.639
498.66	0.639
498.86	0.640
499.06	0.641
499.26	0.640
499.46	0.641
499.66	0.641
499.86	0.642
500.06	0.642
500.26	0.643
500.46	0.643
500.66	0.643
500.86	0.644
501.05	0.645
501.25	0.645
501.45	0.645
501.65	0.646
501.85	0.646
502.05	0.646
502.25	0.646
502.45	0.647
502.65	0.648
502.85	0.648
503.05	0.648
503.24	0.648
503.44	0.649
503.64	0.649
503.84	0.649
504.04	0.650
504.24	0.650
504.44	0.651
504.64	0.651
504.84	0.651
505.04	0.651
505.24	0.652
505.43	0.652
505.63	0.653
505.83	0.653
506.03	0.653
506.23	0.653
506.43	0.653
506.63	0.653
506.83	0.653
507.03	0.654
507.22	0.654
507.42	0.654
507.62	0.654
507.82	0.654
508.02	0.654
508.22	0.654
508.42	0.654
508.62	0.654
508.81	0.654
509.01	0.654
509.21	0.654
509.41	0.654
509.61	0.654
509.81	0.654
510.01	0.654
510.21	0.654
510.40	0.655
510.60	0.655
510.80	0.655
511.00	0.655
511.20	0.655
511.40	0.655
511.60	0.656
511.79	0.656
511.99	0.656
512.19	0.657
512.39	0.656
512.59	0.657
512.79	0.658
512.99	0.658
513.18	0.658
513.38	0.658
513.58	0.658
513.78	0.658
513.98	0.658
514.18	0.658
514.37	0.658
514.57	0.658
514.77	0.659
514.97	0.659
515.17	0.659
515.37	0.659
515.56	0.659
515.76	0.659
515.96	0.659
516.16	0.658
516.36	0.658
516.56	0.658
516.75	0.657
516.95	0.657
517.15	0.656
517.35	0.656
517.55	0.655
517.75	0.655
517.94	0.656
518.14	0.655
518.34	0.655
518.54	0.654
518.74	0.654
518.93	0.653
519.13	0.653
519.33	0.653
519.53	0.652
519.73	0.652
519.92	0.651
520.12	0.651
520.32	0.651
520.52	0.651
520.72	0.651
520.91	0.651
521.11	0.650
521.31	0.650
521.51	0.649
521.71	0.649
521.90	0.648
522.10	0.648
522.30	0.647
522.50	0.646
522.70	0.645
522.89	0.645
523.09	0.645
523.29	0.644
523.49	0.644
523.69	0.643
523.88	0.642
524.08	0.642
524.28	0.641
524.48	0.640
524.67	0.639
524.87	0.639
525.07	0.638
525.27	0.637
525.46	0.637
525.66	0.636
525.86	0.635
526.06	0.634
526.26	0.633
526.45	0.633
526.65	0.632
526.85	0.631
527.05	0.630
527.24	0.629
527.44	0.628
527.64	0.626
527.84	0.625
528.03	0.624
528.23	0.623
528.43	0.622
528.63	0.620
528.82	0.619
529.02	0.618
529.22	0.617
529.42	0.615
529.61	0.614
529.81	0.612
530.01	0.611
530.21	0.610
530.40	0.609
530.60	0.607
530.80	0.606
531.00	0.605
531.19	0.603
531.39	0.602
531.59	0.600
531.78	0.599
531.98	0.598
532.18	0.596
532.38	0.595
532.57	0.594
532.77	0.593
532.97	0.591
533.16	0.590
533.36	0.589
533.56	0.587
533.76	0.586
533.95	0.585
534.15	0.583
534.35	0.581
534.55	0.580
534.74	0.579
534.94	0.578
535.14	0.576
535.33	0.575
535.53	0.573
535.73	0.572
535.92	0.570
536.12	0.568
536.32	0.567
536.52	0.565
536.71	0.564
536.91	0.562
537.11	0.561
537.30	0.560
537.50	0.558
537.70	0.557
537.89	0.555
538.09	0.554
538.29	0.552
538.48	0.551
538.68	0.549
538.88	0.547
539.08	0.545
539.27	0.543
539.47	0.542
539.67	0.540
539.86	0.538
540.06	0.536
540.26	0.534
540.45	0.532
540.65	0.531
540.85	0.529
541.04	0.527
541.24	0.525
541.44	0.523
541.63	0.521
541.83	0.519
542.03	0.518
542.22	0.516
542.42	0.514
542.62	0.513
542.81	0.511
543.01	0.510
543.21	0.508
543.40	0.506
543.60	0.505
543.79	0.503
543.99	0.502
544.19	0.500
544.38	0.499
544.58	0.497
544.78	0.496
544.97	0.494
545.17	0.492
545.37	0.491
545.56	0.489
545.76	0.487
545.96	0.485
546.15	0.484
546.35	0.482
546.54	0.480
546.74	0.479
546.94	0.477
547.13	0.475
547.33	0.474
547.53	0.472
547.72	0.470
547.92	0.469
548.11	0.467
548.31	0.465
548.51	0.464
548.70	0.462
548.90	0.460
549.10	0.459
549.29	0.457
549.49	0.456
549.68	0.454
549.88	0.453
550.08	0.451
550.27	0.449
550.47	0.448
550.66	0.446
550.86	0.444
551.06	0.443
551.25	0.441
551.45	0.439
551.64	0.438
551.84	0.436
552.04	0.434
552.23	0.432
552.43	0.431
552.62	0.429
552.82	0.427
553.02	0.426
553.21	0.425
553.41	0.423
553.60	0.422
553.80	0.420
554.00	0.418
554.19	0.417
554.39	0.416
554.58	0.414
554.78	0.413
554.97	0.411
555.17	0.410
555.37	0.408
555.56	0.407
555.76	0.406
555.95	0.404
556.15	0.403
556.34	0.401
556.54	0.400
556.74	0.398
556.93	0.397
557.13	0.395
557.32	0.393
557.52	0.392
557.71	0.390
557.91	0.389
558.10	0.388
558.30	0.386
558.50	0.385
558.69	0.383
558.89	0.382
559.08	0.380
559.28	0.379
559.47	0.378
559.67	0.376
559.86	0.375
560.06	0.373
560.25	0.372
560.45	0.371
560.65	0.370
560.84	0.368
561.04	0.367
561.23	0.366
561.43	0.365
561.62	0.363
561.82	0.362
562.01	0.361
562.21	0.360
562.40	0.358
562.60	0.357
562.79	0.356
562.99	0.354
563.18	0.353
563.38	0.352
563.57	0.351
563.77	0.350
563.96	0.348
564.16	0.347
564.36	0.345
564.55	0.344
564.75	0.343
564.94	0.342
565.14	0.340
565.33	0.339
565.53	0.338
565.72	0.337
565.92	0.336
566.11	0.335
566.31	0.333
566.50	0.332
566.70	0.331
566.89	0.330
567.09	0.329
567.28	0.328
567.48	0.327
567.67	0.325
567.87	0.324
568.06	0.323
568.26	0.322
568.45	0.321
568.64	0.320
568.84	0.319
569.03	0.318
569.23	0.317
569.42	0.316
569.62	0.315
569.81	0.314
570.01	0.313
570.20	0.312
570.40	0.310
570.59	0.310
570.79	0.308
570.98	0.307
571.18	0.306
571.37	0.306
571.57	0.305
571.76	0.304
571.95	0.303
572.15	0.302
572.34	0.301
572.54	0.300
572.73	0.299
572.93	0.298
573.12	0.297
573.32	0.296
573.51	0.295
573.71	0.294
573.90	0.293
574.09	0.292
574.29	0.291
574.48	0.291
574.68	0.290
574.87	0.289
575.07	0.288
575.26	0.287
575.46	0.286
575.65	0.285
575.84	0.284
576.04	0.283
576.23	0.282
576.43	0.282
576.62	0.281
576.82	0.280
577.01	0.279
577.20	0.278
577.40	0.277
577.59	0.276
577.79	0.276
577.98	0.275
578.18	0.274
578.37	0.273
578.56	0.273
578.76	0.272
578.95	0.271
579.15	0.270
579.34	0.269
579.53	0.269
579.73	0.268
579.92	0.267
580.12	0.266
580.31	0.265
580.50	0.264
580.70	0.264
580.89	0.263
581.09	0.262
581.28	0.261
581.47	0.260
581.67	0.260
581.86	0.259
582.06	0.258
582.25	0.257
582.44	0.256
582.64	0.255
582.83	0.254
583.03	0.254
583.22	0.253
583.41	0.252
583.61	0.251
583.80	0.251
583.99	0.250
584.19	0.249
584.38	0.249
584.58	0.248
584.77	0.247
584.96	0.247
585.16	0.246
585.35	0.246
585.54	0.245
585.74	0.244
585.93	0.243
586.13	0.243
586.32	0.242
586.51	0.242
586.71	0.241
586.90	0.241
587.09	0.240
587.29	0.240
587.48	0.239
587.67	0.239
587.87	0.238
588.06	0.237
588.25	0.237
588.45	0.236
588.64	0.235
588.83	0.235
589.03	0.234
589.22	0.234
589.41	0.233
589.61	0.233
589.80	0.232
589.99	0.232
590.19	0.231
590.38	0.230
590.57	0.230
590.77	0.229
590.96	0.229
591.15	0.228
591.35	0.228
591.54	0.227
591.73	0.226
591.93	0.226
592.12	0.225
592.31	0.225
592.51	0.224
592.70	0.224
592.89	0.223
593.09	0.222
593.28	0.222
593.47	0.221
593.67	0.220
593.86	0.220
594.05	0.219
594.25	0.219
594.44	0.218
594.63	0.218
594.82	0.217
595.02	0.216
595.21	0.216
595.40	0.215
595.60	0.215
595.79	0.215
595.98	0.214
596.17	0.214
596.37	0.213
596.56	0.212
596.75	0.212
596.95	0.212
597.14	0.212
597.33	0.211
597.52	0.211
597.72	0.210
597.91	0.210
598.10	0.210
598.30	0.209
598.49	0.208
598.68	0.208
598.87	0.207
599.07	0.207
599.26	0.206
599.45	0.206
599.65	0.205
599.84	0.205
600.03	0.205
600.22	0.204
600.42	0.204
600.61	0.203
600.80	0.203
600.99	0.203
601.19	0.202
601.38	0.202
601.57	0.201
601.76	0.201
601.96	0.200
602.15	0.200
602.34	0.200
602.53	0.199
602.73	0.199
602.92	0.198
603.11	0.198
603.30	0.197
603.50	0.197
603.69	0.196
603.88	0.196
604.07	0.196
604.26	0.195
604.46	0.195
604.65	0.194
604.84	0.194
605.03	0.194
605.23	0.193
605.42	0.193
605.61	0.193
605.80	0.192
606.00	0.192
606.19	0.191
606.38	0.191
606.57	0.191
606.76	0.190
606.96	0.190
607.15	0.190
607.34	0.189
607.53	0.189
607.72	0.189
607.92	0.188
608.11	0.188
608.30	0.187
608.49	0.187
608.68	0.187
608.88	0.187
609.07	0.186
609.26	0.186
609.45	0.186
609.64	0.185
609.84	0.185
610.03	0.184
610.22	0.184
610.41	0.183
610.60	0.183
610.80	0.183
610.99	0.183
611.18	0.182
611.37	0.182
611.56	0.181
611.76	0.181
611.95	0.181
612.14	0.181
612.33	0.180
612.52	0.180
612.71	0.179
612.91	0.179
613.10	0.178
613.29	0.178
613.48	0.178
613.67	0.177
613.86	0.177
614.06	0.177
614.25	0.177
614.44	0.176
614.63	0.176
614.82	0.176
615.01	0.175
615.20	0.175
615.40	0.175
615.59	0.174
615.78	0.174
615.97	0.174
616.16	0.174
616.35	0.173
616.55	0.173
616.74	0.173
616.93	0.172
617.12	0.172
617.31	0.172
617.50	0.172
617.69	0.171
617.88	0.171
618.08	0.170
618.27	0.170
618.46	0.170
618.65	0.169
618.84	0.169
619.03	0.169
619.22	0.168
619.42	0.168
619.61	0.168
619.80	0.167
619.99	0.167
620.18	0.167
620.37	0.167
620.56	0.166
620.75	0.166
620.94	0.166
621.14	0.165
621.33	0.165
621.52	0.165
621.71	0.165
621.90	0.164
622.09	0.164
622.28	0.164
622.47	0.164
622.66	0.164
622.85	0.164
623.05	0.163
623.24	0.163
623.43	0.163
623.62	0.162
623.81	0.162
624.00	0.162
624.19	0.161
624.38	0.161
624.57	0.161
624.76	0.161
624.95	0.161
625.15	0.161
625.34	0.160
625.53	0.160
625.72	0.160
625.91	0.160
626.10	0.159
626.29	0.159
626.48	0.159
626.67	0.158
626.86	0.158
627.05	0.158
627.24	0.158
627.43	0.157
627.62	0.157
627.82	0.157
628.01	0.157
628.20	0.157
628.39	0.156
628.58	0.156
628.77	0.156
628.96	0.155
629.15	0.155
629.34	0.155
629.53	0.155
629.72	0.154
629.91	0.154
630.10	0.154
630.29	0.154
630.48	0.154
630.67	0.153
630.86	0.153
631.05	0.153
631.24	0.152
631.43	0.152
631.62	0.152
631.81	0.152
632.00	0.151
632.20	0.151
632.39	0.151
632.58	0.150
632.77	0.150
632.96	0.150
633.15	0.150
633.34	0.150
633.53	0.149
633.72	0.149
633.91	0.149
634.10	0.149
634.29	0.149
634.48	0.149
634.67	0.148
634.86	0.148
635.05	0.148
635.24	0.148
635.43	0.148
635.62	0.148
635.81	0.148
636.00	0.148
636.19	0.148
636.38	0.148
636.57	0.147
636.76	0.147
636.95	0.147
637.14	0.146
637.33	0.147
637.52	0.146
637.71	0.146
637.90	0.146
638.09	0.146
638.28	0.145
638.47	0.145
638.66	0.145
638.85	0.144
639.04	0.144
639.23	0.144
639.41	0.144
639.60	0.144
639.79	0.144
639.98	0.143
640.17	0.143
640.36	0.143
640.55	0.143
640.74	0.143
640.93	0.143
641.12	0.142
641.31	0.142
641.50	0.142
641.69	0.141
641.88	0.141
642.07	0.141
642.26	0.141
642.45	0.141
642.64	0.141
642.83	0.141
643.02	0.141
643.21	0.140
643.40	0.140
643.59	0.140
643.77	0.140
643.96	0.140
644.15	0.140
644.34	0.139
644.53	0.139
644.72	0.139
644.91	0.138
645.10	0.138
645.29	0.138
645.48	0.138
645.67	0.138
645.86	0.138
646.05	0.137
646.24	0.137
646.42	0.137
646.61	0.137
646.80	0.137
646.99	0.136
647.18	0.136
647.37	0.136
647.56	0.136
647.75	0.136
647.94	0.135
648.13	0.135
648.32	0.135
648.50	0.135
648.69	0.135
648.88	0.135
649.07	0.134
649.26	0.134
649.45	0.134
649.64	0.134
649.83	0.134
650.02	0.134
650.21	0.133
650.39	0.133
650.58	0.133
650.77	0.133
650.96	0.133
651.15	0.133
651.34	0.133
651.53	0.133
651.72	0.132
651.90	0.132
652.09	0.132
652.28	0.132
652.47	0.132
652.66	0.132
652.85	0.132
653.04	0.131
653.23	0.131
653.41	0.131
653.60	0.131
653.79	0.131
653.98	0.131
654.17	0.131
654.36	0.131
654.55	0.130
654.73	0.130
654.92	0.130
655.11	0.130
655.30	0.130
655.49	0.130
655.68	0.130
655.87	0.130
656.05	0.129
656.24	0.129
656.43	0.129
656.62	0.129
656.81	0.129
657.00	0.129
657.18	0.129
657.37	0.128
657.56	0.128
657.75	0.128
657.94	0.128
658.13	0.128
658.31	0.127
658.50	0.127
658.69	0.127
658.88	0.127
659.07	0.127
659.26	0.127
659.44	0.127
659.63	0.127
659.82	0.126
660.01	0.126
660.20	0.126
660.38	0.126
660.57	0.126
660.76	0.125
660.95	0.125
661.14	0.125
661.32	0.125
661.51	0.125
661.70	0.125
661.89	0.124
662.08	0.124
662.26	0.124
662.45	0.124
662.64	0.124
662.83	0.124
663.02	0.124
663.20	0.123
663.39	0.123
663.58	0.123
663.77	0.123
663.96	0.123
664.14	0.123
664.33	0.123
664.52	0.123
664.71	0.123
664.89	0.123
665.08	0.123
665.27	0.123
665.46	0.123
665.64	0.123
665.83	0.122
666.02	0.122
666.21	0.122
666.40	0.122
666.58	0.122
666.77	0.122
666.96	0.122
667.15	0.121
667.33	0.121
667.52	0.121
667.71	0.121
667.90	0.121
668.08	0.121
668.27	0.120
668.46	0.120
668.65	0.120
668.83	0.120
669.02	0.120
669.21	0.120
669.40	0.120
669.58	0.119
669.77	0.120
669.96	0.119
670.14	0.119
670.33	0.119
670.52	0.119
670.71	0.119
670.89	0.119
671.08	0.119
671.27	0.119
671.46	0.118
671.64	0.118
671.83	0.118
672.02	0.118
672.20	0.118
672.39	0.118
672.58	0.118
672.77	0.118
672.95	0.118
673.14	0.118
673.33	0.118
673.51	0.117
673.70	0.117
673.89	0.117
674.08	0.117
674.26	0.117
674.45	0.117
674.64	0.117
674.82	0.116
675.01	0.116
675.20	0.116
675.38	0.116
675.57	0.116
675.76	0.116
675.94	0.115
676.13	0.115
676.32	0.115
676.51	0.115
676.69	0.115
676.88	0.115
677.07	0.115
677.25	0.115
677.44	0.115
677.63	0.115
677.81	0.115
678.00	0.115
678.19	0.115
678.37	0.115
678.56	0.115
678.75	0.114
678.93	0.114
679.12	0.114
679.31	0.114
679.49	0.114
679.68	0.114
679.87	0.114
680.05	0.114
680.24	0.114
680.42	0.114
680.61	0.114
680.80	0.114
680.98	0.114
681.17	0.114
681.36	0.113
681.54	0.113
681.73	0.113
681.92	0.113
682.10	0.113
682.29	0.113
682.48	0.113
682.66	0.113
682.85	0.113
683.03	0.113
683.22	0.112
683.41	0.113
683.59	0.113
683.78	0.112
683.97	0.112
684.15	0.112
684.34	0.111
684.52	0.111
684.71	0.111
684.90	0.111
685.08	0.111
685.27	0.111
685.45	0.111
685.64	0.111
685.83	0.111
686.01	0.111
686.20	0.110
686.39	0.110
686.57	0.110
686.76	0.110
686.94	0.110
687.13	0.110
687.31	0.110
687.50	0.110
687.69	0.110
687.87	0.110
688.06	0.110
688.24	0.110
688.43	0.110
688.62	0.110
688.80	0.110
688.99	0.110
689.17	0.110
689.36	0.110
689.55	0.110
689.73	0.109
689.92	0.109
690.10	0.109
690.29	0.109
690.47	0.109
690.66	0.109
690.84	0.109
691.03	0.109
691.22	0.109
691.40	0.109
691.59	0.109
691.77	0.108
691.96	0.108
692.14	0.108
692.33	0.108
692.52	0.108
692.70	0.108
692.89	0.108
693.07	0.107
693.26	0.107
693.44	0.107
693.63	0.107
693.81	0.107
694.00	0.107
694.18	0.107
694.37	0.107
694.55	0.107
694.74	0.106
694.93	0.106
695.11	0.106
695.30	0.106
695.48	0.106
695.67	0.106
695.85	0.106
696.04	0.106
696.22	0.106
696.41	0.106
696.59	0.106
696.78	0.106
696.96	0.106
697.15	0.106
697.33	0.106
697.52	0.106
697.70	0.106
697.89	0.106
698.07	0.106
698.26	0.106
698.44	0.106
698.63	0.106
698.81	0.106
699.00	0.106
699.18	0.106
699.37	0.106
699.55	0.105
699.74	0.105
699.92	0.105
700.11	0.105
700.29	0.105
700.48	0.105
700.66	0.105
700.85	0.105
701.03	0.104
701.22	0.104
701.40	0.104
701.59	0.104
701.77	0.104
701.96	0.104
702.14	0.104
702.33	0.104
702.51	0.104
702.69	0.104
702.88	0.103
703.06	0.103
703.25	0.103
703.43	0.103
703.62	0.102
703.80	0.102
703.99	0.102
704.17	0.102
704.36	0.102
704.54	0.102
704.73	0.102
704.91	0.101
705.09	0.101
705.28	0.101
705.46	0.101
705.65	0.101
705.83	0.101
706.02	0.101
706.20	0.101
706.38	0.101
706.57	0.101
706.75	0.101
706.94	0.101
707.12	0.100
707.31	0.101
707.49	0.101
707.67	0.100
707.86	0.100
708.04	0.101
708.23	0.100
708.41	0.100
708.60	0.100
708.78	0.100
708.96	0.100
709.15	0.100
709.33	0.100
709.52	0.100
709.70	0.100
709.88	0.100
710.07	0.100
710.25	0.100
710.44	0.100
710.62	0.100
710.80	0.100
710.99	0.100
711.17	0.100
711.36	0.100
711.54	0.100
711.72	0.099
711.91	0.099
712.09	0.099
712.28	0.099
712.46	0.099
712.64	0.099
712.83	0.099
713.01	0.099
713.20	0.099
713.38	0.099
713.56	0.099
713.75	0.099
713.93	0.099
714.11	0.099
714.30	0.098
714.48	0.098
714.66	0.098
714.85	0.098
715.03	0.098
715.22	0.098
715.40	0.098
715.58	0.098
715.77	0.098
715.95	0.097
716.13	0.097
716.32	0.097
716.50	0.097
716.68	0.097
716.87	0.097
717.05	0.097
717.23	0.097
717.42	0.096
717.60	0.096
717.78	0.097
717.97	0.096
718.15	0.097
718.33	0.096
718.52	0.096
718.70	0.096
718.88	0.096
719.07	0.096
719.25	0.096
719.43	0.096
719.62	0.096
719.80	0.096
719.98	0.096
720.17	0.096
720.35	0.096
720.53	0.096
720.72	0.096
720.90	0.096
721.08	0.096
721.27	0.096
721.45	0.096
721.63	0.096
721.81	0.096
722.00	0.096
722.18	0.096
722.36	0.096
722.55	0.096
722.73	0.095
722.91	0.095
723.10	0.096
723.28	0.096
723.46	0.096
723.64	0.096
723.83	0.096
724.01	0.096
724.19	0.095
724.38	0.096
724.56	0.095
724.74	0.095
724.92	0.095
725.11	0.095
725.29	0.095
725.47	0.095
725.66	0.095
725.84	0.095
726.02	0.094
726.20	0.094
726.39	0.094
726.57	0.094
726.75	0.094
726.93	0.094
727.12	0.094
727.30	0.094
727.48	0.094
727.66	0.094
727.85	0.094
728.03	0.093
728.21	0.093
728.39	0.094
728.58	0.093
728.76	0.094
728.94	0.094
729.12	0.094
729.31	0.093
729.49	0.094
729.67	0.093
729.85	0.094
730.04	0.093
730.22	0.093
730.40	0.094
730.58	0.093
730.76	0.093
730.95	0.093
731.13	0.093
731.31	0.093
731.49	0.093
731.68	0.093
731.86	0.093
732.04	0.093
732.22	0.093
732.40	0.093
732.59	0.093
732.77	0.093
732.95	0.093
733.13	0.093
733.31	0.092
733.50	0.092
733.68	0.092
733.86	0.092
734.04	0.092
734.22	0.092
734.41	0.092
734.59	0.091
734.77	0.092
734.95	0.092
735.13	0.091
735.32	0.091
735.50	0.091
735.68	0.091
735.86	0.091
736.04	0.092
736.22	0.091
736.41	0.091
736.59	0.091
736.77	0.091
736.95	0.091
737.13	0.091
737.32	0.091
737.50	0.091
737.68	0.091
737.86	0.091
738.04	0.090
738.22	0.090
738.41	0.090
738.59	0.090
738.77	0.090
738.95	0.090
739.13	0.090
739.31	0.089
739.49	0.089
739.68	0.089
739.86	0.089
740.04	0.089
740.22	0.089
740.40	0.089
740.58	0.089
740.76	0.089
740.95	0.089
741.13	0.089
741.31	0.089
741.49	0.089
741.67	0.089
741.85	0.089
742.03	0.089
742.21	0.089
742.40	0.089
742.58	0.089
742.76	0.089
742.94	0.089
743.12	0.089
743.30	0.089
743.48	0.089
743.66	0.089
743.85	0.089
744.03	0.089
744.21	0.089
744.39	0.089
744.57	0.089
744.75	0.089
744.93	0.089
745.11	0.089
745.29	0.089
745.47	0.089
745.66	0.089
745.84	0.089
746.02	0.089
746.20	0.089
746.38	0.089
746.56	0.089
746.74	0.088
746.92	0.088
747.10	0.088
747.28	0.088
747.46	0.088
747.64	0.088
747.83	0.088
748.01	0.088
748.19	0.087
748.37	0.087
748.55	0.087
748.73	0.088
748.91	0.087
749.09	0.087
749.27	0.087
749.45	0.087
749.63	0.087
749.81	0.087
749.99	0.087
750.17	0.087
750.35	0.087
750.53	0.087
750.72	0.087
750.90	0.087
751.08	0.087
751.26	0.087
751.44	0.087
751.62	0.087
751.80	0.087
751.98	0.087
752.16	0.086
752.34	0.086
752.52	0.086
752.70	0.086
752.88	0.086
753.06	0.086
753.24	0.086
753.42	0.086
753.60	0.086
753.78	0.085
753.96	0.085
754.14	0.085
754.32	0.085
754.50	0.085
754.68	0.085
754.86	0.085
755.04	0.085
755.22	0.085
755.40	0.085
755.58	0.085
755.76	0.085
755.94	0.085
756.12	0.085
756.30	0.085
756.48	0.085
756.66	0.085
756.84	0.085
757.02	0.085
757.20	0.085
757.38	0.085
757.56	0.086
757.74	0.085
757.92	0.085
758.10	0.085
758.28	0.085
758.46	0.085
758.64	0.086
758.82	0.086
759.00	0.086
759.18	0.086
759.36	0.085
759.54	0.085
759.72	0.085
759.90	0.085
760.08	0.085
760.26	0.085
760.44	0.084
760.62	0.084
760.80	0.084
760.98	0.084
761.16	0.084
761.33	0.084
761.51	0.084
761.69	0.084
761.87	0.084
762.05	0.084
762.23	0.084
762.41	0.084
762.59	0.084
762.77	0.084
762.95	0.084
763.13	0.084
763.31	0.084
763.49	0.084
763.67	0.084
763.85	0.084
764.03	0.084
764.21	0.084
764.38	0.084
764.56	0.084
764.74	0.084
764.92	0.084
765.10	0.084
765.28	0.084
765.46	0.084
765.64	0.084
765.82	0.084
766.00	0.084
766.18	0.084
766.35	0.083
766.53	0.084
766.71	0.083
766.89	0.083
767.07	0.083
767.25	0.083
767.43	0.083
767.61	0.083
767.79	0.083
767.97	0.082
768.14	0.083
768.32	0.082
768.50	0.082
768.68	0.082
768.86	0.082
769.04	0.082
769.22	0.082
769.40	0.082
769.58	0.082
769.75	0.082
769.93	0.082
770.11	0.081
770.29	0.081
770.47	0.081
770.65	0.081
770.83	0.081
771.00	0.081
771.18	0.081
771.36	0.081
771.54	0.081
771.72	0.081
771.90	0.081
772.08	0.081
772.25	0.081
772.43	0.081
772.61	0.081
772.79	0.081
772.97	0.081
773.15	0.081
773.33	0.081
773.50	0.081
773.68	0.081
773.86	0.081
774.04	0.081
774.22	0.081
774.40	0.081
774.57	0.081
774.75	0.081
774.93	0.081
775.11	0.081
775.29	0.081
775.46	0.081
775.64	0.081
775.82	0.081
776.00	0.081
776.18	0.081
776.36	0.081
776.53	0.081
776.71	0.081
776.89	0.080
777.07	0.081
777.25	0.080
777.42	0.080
777.60	0.080
777.78	0.080
777.96	0.080
778.14	0.080
778.31	0.080
778.49	0.080
778.67	0.080
778.85	0.079
779.03	0.079
779.20	0.079
779.38	0.079
779.56	0.079
779.74	0.079
779.91	0.079
780.09	0.079
780.27	0.079
780.45	0.078
780.63	0.079
780.80	0.078
780.98	0.079
781.16	0.079
781.34	0.079
781.51	0.079
781.69	0.078
781.87	0.078
782.05	0.078
782.22	0.078
782.40	0.078
782.58	0.078
782.76	0.078
782.93	0.078
783.11	0.078
783.29	0.078
783.47	0.078
783.64	0.078
783.82	0.078
784.00	0.078
784.18	0.079
784.35	0.079
784.53	0.079
784.71	0.079
784.89	0.078
785.06	0.079
785.24	0.079
785.42	0.079
785.60	0.079
785.77	0.079
785.95	0.079
786.13	0.079
786.30	0.079
786.48	0.079
786.66	0.079
786.84	0.079
787.01	0.078
787.19	0.078
787.37	0.078
787.54	0.078
787.72	0.078
787.90	0.077
788.07	0.077
788.25	0.077
788.43	0.077
788.61	0.077
788.78	0.077
788.96	0.077
789.14	0.077
789.31	0.076
789.49	0.076
789.67	0.076
789.84	0.077
790.02	0.077
790.20	0.077
790.37	0.077
790.55	0.077
790.73	0.077
790.90	0.077
791.08	0.077
791.26	0.077
791.43	0.077
791.61	0.077
791.79	0.077
791.96	0.077
792.14	0.077
792.32	0.077
792.49	0.077
792.67	0.077
792.85	0.077
793.02	0.077
793.20	0.077
793.38	0.077
793.55	0.077
793.73	0.076
793.91	0.077
794.08	0.076
794.26	0.076
794.44	0.076
794.61	0.076
794.79	0.076
794.97	0.076
795.14	0.075
795.32	0.075
795.49	0.075
795.67	0.075
795.85	0.075
796.02	0.075
796.20	0.075
796.38	0.075
796.55	0.075
796.73	0.075
796.90	0.075
797.08	0.075
797.26	0.075
797.43	0.075
797.61	0.075
797.78	0.075
797.96	0.075
798.14	0.075
798.31	0.076
798.49	0.076
798.66	0.076
798.84	0.076
799.02	0.076
799.19	0.076
799.37	0.076
799.54	0.076
799.72	0.076
799.90	0.076
800.07	0.076
800.25	0.075
800.42	0.075
800.60	0.075
800.78	0.075
800.95	0.075
801.13	0.075
801.30	0.075
801.48	0.075
801.65	0.075
801.83	0.075
802.01	0.075
802.18	0.075
802.36	0.075
802.53	0.075
802.71	0.075
802.88	0.075
803.06	0.075
803.23	0.075
803.41	0.075
803.59	0.075
803.76	0.075
803.94	0.075
804.11	0.075
804.29	0.075
804.46	0.075
804.64	0.075
804.81	0.074
804.99	0.074
805.16	0.074
805.34	0.073
805.52	0.074
805.69	0.074
805.87	0.074
806.04	0.073
806.22	0.073
806.39	0.072
806.57	0.072
806.74	0.072
806.92	0.072
807.09	0.072
807.27	0.072
807.44	0.072
807.62	0.072
807.79	0.073
807.97	0.073
808.14	0.072
808.32	0.073
808.49	0.073
808.67	0.073
808.84	0.073
809.02	0.073
809.19	0.073
809.37	0.072
809.54	0.072
809.72	0.072
809.89	0.073
810.07	0.073
810.24	0.073
810.42	0.073
810.59	0.073
810.77	0.073
810.94	0.073
811.12	0.073
811.29	0.074
811.47	0.073
811.64	0.073
811.82	0.073
811.99	0.073
812.16	0.072
812.34	0.072
812.51	0.072
812.69	0.072
812.86	0.072
813.04	0.072
813.21	0.072
813.39	0.072
813.56	0.071
813.74	0.071
813.91	0.071
814.08	0.072
814.26	0.072
814.43	0.072
814.61	0.072
814.78	0.072
814.96	0.071
815.13	0.072
815.31	0.072
815.48	0.072
815.65	0.072
815.83	0.072
816.00	0.073
816.18	0.073
816.35	0.073
816.53	0.073
816.70	0.073
816.87	0.073
817.05	0.073
817.22	0.073
817.40	0.073
817.57	0.073
817.74	0.072
817.92	0.072
818.09	0.072
818.27	0.071
818.44	0.071
818.62	0.071
818.79	0.071
818.96	0.072
819.14	0.071
819.31	0.071
819.49	0.071
819.66	0.071
819.83	0.070
820.01	0.070
820.18	0.070
820.35	0.070
820.53	0.070
820.70	0.070
820.88	0.070
821.05	0.070
821.22	0.071
821.40	0.071
821.57	0.071
821.74	0.072
821.92	0.071
822.09	0.071
822.27	0.071
822.44	0.071
822.61	0.071
822.79	0.071
822.96	0.070
823.13	0.070
823.31	0.070
823.48	0.071
823.65	0.070
823.83	0.071
824.00	0.071
824.17	0.071
824.35	0.070
824.52	0.071
824.69	0.070
824.87	0.070
825.04	0.070
825.22	0.070
825.39	0.070
825.56	0.070
825.74	0.070
825.91	0.069
826.08	0.068
826.25	0.069
826.43	0.069
826.60	0.069
826.77	0.070
826.95	0.069
827.12	0.069
827.29	0.069
827.47	0.069
827.64	0.069
827.81	0.069
827.99	0.069
828.16	0.069
828.33	0.069
828.51	0.069
828.68	0.068
828.85	0.069
829.02	0.069
829.20	0.069
829.37	0.069
829.54	0.070
829.72	0.071
829.89	0.071
830.06	0.071
830.23	0.071
830.41	0.070
830.58	0.071
830.75	0.071
830.93	0.071
831.10	0.072
831.27	0.072
831.44	0.071
831.62	0.072
831.79	0.072
831.96	0.072
832.13	0.072
832.31	0.072
832.48	0.072
832.65	0.072
832.83	0.072
833.00	0.072
833.17	0.072
833.34	0.072
833.52	0.072
833.69	0.072
833.86	0.072
834.03	0.073
834.21	0.072
834.38	0.072
834.55	0.072
834.72	0.071
834.89	0.071
835.07	0.072
835.24	0.072
835.41	0.072
835.58	0.071
835.76	0.071
835.93	0.071
836.10	0.071
836.27	0.070
836.45	0.070
836.62	0.070
836.79	0.071
836.96	0.070
837.13	0.070
837.31	0.070
837.48	0.069
837.65	0.069
837.82	0.069
837.99	0.069
838.17	0.070
838.34	0.070
838.51	0.069
838.68	0.069
838.85	0.068
839.03	0.067
839.20	0.068
839.37	0.068
839.54	0.067
839.71	0.068
839.89	0.068
840.06	0.067
840.23	0.067
840.40	0.067
840.57	0.068
840.74	0.067
840.92	0.067
841.09	0.067
841.26	0.067
841.43	0.067
841.60	0.067
841.78	0.067
841.95	0.067
842.12	0.067
842.29	0.067
842.46	0.067
842.63	0.068
842.80	0.067
842.98	0.067
843.15	0.067
843.32	0.066
843.49	0.067
843.66	0.067
843.83	0.067
844.00	0.067
844.18	0.067
844.35	0.067
844.52	0.067
844.69	0.067
844.86	0.066
845.03	0.066
845.20	0.066
845.38	0.066
845.55	0.066
845.72	0.066
845.89	0.066
846.06	0.066
846.23	0.066
846.40	0.066
846.57	0.067
846.75	0.067
846.92	0.066
847.09	0.066
847.26	0.066
847.43	0.066
847.60	0.066
847.77	0.065
847.94	0.066
848.11	0.066
848.28	0.066
848.46	0.066
848.63	0.066
848.80	0.067
848.97	0.067
849.14	0.068
849.31	0.068
849.48	0.067
849.65	0.067
849.82	0.067
849.99	0.067
850.16	0.066
850.33	0.066
850.51	0.067
850.68	0.067
850.85	0.068
851.02	0.068
851.19	0.068
851.36	0.068
851.53	0.067
851.70	0.067
851.87	0.068
852.04	0.067
852.21	0.068
852.38	0.068
852.55	0.067
852.72	0.067
852.89	0.066
853.06	0.067
853.24	0.066
853.41	0.066
853.58	0.067
853.75	0.067
853.92	0.067
854.09	0.066
854.26	0.067
854.43	0.066
854.60	0.066
854.77	0.066
854.94	0.067
855.11	0.066
855.28	0.065
855.45	0.066
855.62	0.065
855.79	0.065
855.96	0.064
856.13	0.065
856.30	0.065
856.47	0.066
856.64	0.066
856.81	0.066
856.98	0.066
857.15	0.067
857.32	0.066
857.49	0.067
857.66	0.066
857.83	0.066
858.00	0.065
858.17	0.065
858.34	0.065
858.51	0.064
858.68	0.064
858.85	0.065
859.02	0.064
859.19	0.065
859.36	0.066
859.53	0.066
859.70	0.065
859.87	0.065
860.04	0.065
860.21	0.065
860.38	0.065
860.55	0.064
860.72	0.064
860.89	0.065
861.06	0.065
861.23	0.065
861.40	0.066
861.56	0.066
861.73	0.066
861.90	0.066
862.07	0.066
862.24	0.067
862.41	0.066
862.58	0.067
862.75	0.066
862.92	0.066
863.09	0.065
863.26	0.065
863.43	0.066
863.60	0.066
863.77	0.065
863.94	0.065
864.11	0.066
864.28	0.065
864.44	0.066
864.61	0.066
864.78	0.066
864.95	0.065
865.12	0.065
865.29	0.065
865.46	0.065
865.63	0.065
865.80	0.065
865.97	0.065
866.14	0.065
866.31	0.064
866.47	0.064
866.64	0.063
866.81	0.063
866.98	0.063
867.15	0.064
867.32	0.065
867.49	0.065
867.66	0.065
867.83	0.065
867.99	0.065
868.16	0.065
868.33	0.064
868.50	0.065
868.67	0.065
868.84	0.065
869.01	0.065
869.18	0.067
869.35	0.066
869.51	0.065
869.68	0.065
869.85	0.065
870.02	0.064
870.19	0.065
870.36	0.066
870.53	0.065
870.69	0.065
870.86	0.065
871.03	0.064
871.20	0.064
871.37	0.064
871.54	0.063
871.71	0.062
871.87	0.062
872.04	0.062
872.21	0.063
872.38	0.063
872.55	0.063
872.72	0.062
872.88	0.063
873.05	0.063
873.22	0.064
873.39	0.063
873.56	0.064
873.73	0.064
873.89	0.064
874.06	0.065
874.23	0.064
874.40	0.064
874.57	0.064
874.73	0.064
874.90	0.064
875.07	0.066
875.24	0.066
875.41	0.065
875.57	0.065
875.74	0.064
875.91	0.064
876.08	0.064
876.25	0.064
876.41	0.065
876.58	0.065
876.75	0.065
876.92	0.066
877.09	0.066
877.25	0.066
877.42	0.065
877.59	0.065
877.76	0.066
877.93	0.066
878.09	0.066
878.26	0.064
878.43	0.065
878.60	0.065
878.76	0.066
878.93	0.067
879.10	0.065
879.27	0.065
879.43	0.065
879.60	0.065
879.77	0.065
879.94	0.065
880.10	0.065
880.27	0.066
880.44	0.065
880.61	0.064
880.77	0.065
880.94	0.065
881.11	0.064
881.28	0.065
881.44	0.065
881.61	0.065
881.78	0.066
881.95	0.066
882.11	0.066
882.28	0.065
882.45	0.064
882.62	0.066
882.78	0.066
882.95	0.065
883.12	0.065
883.28	0.064
883.45	0.063
883.62	0.063
883.79	0.062
883.95	0.062
884.12	0.063
884.29	0.062
884.45	0.062
884.62	0.062
884.79	0.061
884.96	0.062
885.12	0.063
885.29	0.064
885.46	0.061
885.62	0.045
885.79	0.069
885.96	0.063
886.12	0.046
886.29	0.068
886.46	0.084
886.62	0.070
886.79	0.091
