178.99	-1.763
179.20	-1.763
179.42	-1.763
179.63	-0.000
179.84	0.009
180.06	-0.000
180.27	-0.000
180.49	-0.831
180.70	-0.000
180.92	-1.083
181.13	-1.162
181.35	-1.122
181.56	-1.270
181.77	-0.848
181.99	-1.360
182.20	-0.567
182.42	-0.408
182.63	-0.498
182.85	-0.507
183.06	-0.382
183.28	-0.343
183.49	-0.382
183.70	-0.281
183.92	-0.337
184.13	-0.285
184.35	-0.196
184.56	-0.191
184.78	-0.160
184.99	-0.181
185.21	-0.141
185.42	-0.085
185.63	-0.064
185.85	-0.034
186.06	0.017
186.28	0.026
186.49	0.056
186.71	0.089
186.92	0.108
187.13	0.152
187.35	0.165
187.56	0.208
187.78	0.181
187.99	0.210
188.21	0.235
188.42	0.278
188.63	0.318
188.85	0.349
189.06	0.388
189.28	0.458
189.49	0.431
189.71	0.411
189.92	0.347
190.13	0.316
190.35	0.276
190.56	0.203
190.78	0.174
190.99	0.192
191.20	0.145
191.42	0.146
191.63	0.165
191.85	0.177
192.06	0.180
192.28	0.198
192.49	0.224
192.70	0.173
192.92	0.158
193.13	0.171
193.35	0.153
193.56	0.140
193.77	0.087
193.99	0.049
194.20	-0.034
194.42	0.015
194.63	0.047
194.84	0.052
195.06	0.065
195.27	0.094
195.49	0.064
195.70	0.062
195.91	0.066
196.13	0.016
196.34	-0.018
196.56	-0.038
196.77	-0.108
196.98	-0.162
197.20	-0.040
197.41	-0.016
197.63	-0.086
197.84	-0.058
198.05	-0.058
198.27	-0.080
198.48	-0.006
198.70	0.039
198.91	0.008
199.12	-0.044
199.34	-0.027
199.55	0.013
199.76	0.015
199.98	0.048
200.19	0.065
200.41	0.055
200.62	0.077
200.83	0.101
201.05	0.120
201.26	0.160
201.48	0.183
201.69	0.105
201.90	0.104
202.12	0.113
202.33	0.092
202.54	0.128
202.76	0.129
202.97	0.145
203.19	0.136
203.40	0.117
203.61	0.136
203.83	0.092
204.04	0.103
204.25	0.076
204.47	0.034
204.68	0.024
204.89	0.036
205.11	0.076
205.32	0.025
205.54	0.036
205.75	0.065
205.96	0.127
206.18	0.117
206.39	0.122
206.60	0.156
206.82	0.162
207.03	0.175
207.24	0.175
207.46	0.156
207.67	0.186
207.89	0.200
208.10	0.218
208.31	0.264
208.53	0.251
208.74	0.290
208.95	0.274
209.17	0.309
209.38	0.257
209.59	0.234
209.81	0.292
210.02	0.276
210.23	0.216
210.45	0.188
210.66	0.196
210.87	0.188
211.09	0.141
211.30	0.172
211.51	0.158
211.73	0.164
211.94	0.115
212.15	0.103
212.37	0.072
212.58	0.023
212.79	0.001
213.01	-0.017
213.22	-0.052
213.43	-0.025
213.65	-0.030
213.86	-0.008
214.07	-0.055
214.29	-0.066
214.50	-0.072
214.71	-0.042
214.93	-0.052
215.14	-0.037
215.35	-0.066
215.57	-0.056
215.78	-0.098
215.99	-0.059
216.21	-0.078
216.42	-0.030
216.63	-0.041
216.85	-0.008
217.06	0.036
217.27	0.054
217.49	0.085
217.70	0.113
217.91	0.060
218.13	0.067
218.34	0.021
218.55	0.026
218.77	0.005
218.98	0.021
219.19	0.021
219.40	0.011
219.62	0.007
219.83	0.037
220.04	0.065
220.26	0.053
220.47	0.037
220.68	0.073
220.90	0.045
221.11	0.009
221.32	0.039
221.54	0.010
221.75	0.010
221.96	-0.006
222.17	-0.020
222.39	-0.004
222.60	-0.025
222.81	0.017
223.03	0.032
223.24	0.053
223.45	0.036
223.67	0.009
223.88	0.012
224.09	0.001
224.30	0.003
224.52	-0.005
224.73	-0.009
224.94	-0.038
225.16	-0.099
225.37	-0.076
225.58	-0.015
225.79	-0.038
226.01	-0.021
226.22	-0.014
226.43	-0.054
226.65	-0.057
226.86	-0.055
227.07	-0.035
227.28	-0.054
227.50	-0.024
227.71	-0.036
227.92	-0.042
228.14	-0.029
228.35	-0.007
228.56	-0.049
228.77	-0.050
228.99	-0.046
229.20	-0.042
229.41	-0.024
229.62	0.004
229.84	0.000
230.05	-0.045
230.26	-0.045
230.48	-0.036
230.69	-0.040
230.90	-0.026
231.11	-0.000
231.33	0.032
231.54	0.035
231.75	0.029
231.96	-0.003
232.18	0.016
232.39	0.035
232.60	0.065
232.81	0.085
233.03	0.138
233.24	0.127
233.45	0.125
233.66	0.097
233.88	0.124
234.09	0.140
234.30	0.130
234.51	0.176
234.73	0.177
234.94	0.155
235.15	0.115
235.36	0.111
235.58	0.054
235.79	0.011
236.00	0.027
236.21	0.061
236.43	0.108
236.64	0.011
236.85	0.018
237.06	-0.016
237.28	-0.009
237.49	0.030
237.70	0.010
237.91	0.027
238.13	0.061
238.34	0.042
238.55	0.043
238.76	0.046
238.98	0.047
239.19	0.040
239.40	0.081
239.61	0.095
239.83	0.083
240.04	0.096
240.25	0.082
240.46	0.066
240.67	0.023
240.89	0.011
241.10	0.088
241.31	0.010
241.52	-0.007
241.74	-0.076
241.95	-0.103
242.16	-0.094
242.37	-0.089
242.58	-0.081
242.80	-0.075
243.01	-0.079
243.22	-0.068
243.43	-0.060
243.65	-0.035
243.86	-0.057
244.07	-0.058
244.28	-0.041
244.49	-0.017
244.71	-0.013
244.92	-0.012
245.13	-0.010
245.34	-0.020
245.55	-0.043
245.77	-0.002
245.98	0.027
246.19	0.075
246.40	0.086
246.62	0.102
246.83	0.130
247.04	0.104
247.25	0.149
247.46	0.174
247.68	0.178
247.89	0.202
248.10	0.150
248.31	0.094
248.52	0.111
248.74	0.126
248.95	0.106
249.16	0.089
249.37	0.021
249.58	0.047
249.79	0.064
250.01	0.081
250.22	0.099
250.43	0.102
250.64	0.085
250.85	0.056
251.07	0.040
251.28	-0.034
251.49	-0.045
251.70	-0.062
251.91	-0.033
252.13	-0.027
252.34	-0.063
252.55	-0.050
252.76	-0.076
252.97	-0.066
253.18	-0.058
253.40	-0.040
253.61	-0.006
253.82	0.082
254.03	0.059
254.24	0.039
254.46	0.041
254.67	0.036
254.88	0.018
255.09	-0.015
255.30	0.028
255.51	0.022
255.73	0.014
255.94	0.053
256.15	0.020
256.36	0.010
256.57	0.008
256.78	0.018
257.00	0.027
257.21	0.079
257.42	0.062
257.63	0.076
257.84	0.097
258.05	0.076
258.26	0.064
258.48	0.102
258.69	0.082
258.90	0.077
259.11	0.082
259.32	0.100
259.53	0.144
259.75	0.096
259.96	0.106
260.17	0.191
260.38	0.210
260.59	0.237
260.80	0.210
261.01	0.180
261.23	0.175
261.44	0.190
261.65	0.171
261.86	0.177
262.07	0.200
262.28	0.184
262.49	0.202
262.71	0.248
262.92	0.220
263.13	0.225
263.34	0.294
263.55	0.272
263.76	0.284
263.97	0.248
264.19	0.289
264.40	0.357
264.61	0.284
264.82	0.212
265.03	0.193
265.24	0.248
265.45	0.287
265.66	0.270
265.88	0.276
266.09	0.326
266.30	0.321
266.51	0.260
266.72	0.321
266.93	0.304
267.14	0.258
267.35	0.274
267.57	0.335
267.78	0.271
267.99	0.273
268.20	0.207
268.41	0.257
268.62	0.275
268.83	0.246
269.04	0.235
269.25	0.283
269.47	0.368
269.68	0.320
269.89	0.287
270.10	0.350
270.31	0.355
270.52	0.332
270.73	0.370
270.94	0.283
271.15	0.242
271.37	0.272
271.58	0.257
271.79	0.259
272.00	0.228
272.21	0.193
272.42	0.207
272.63	0.256
272.84	0.227
273.05	0.210
273.26	0.214
273.48	0.235
273.69	0.198
273.90	0.143
274.11	0.174
274.32	0.171
274.53	0.178
274.74	0.171
274.95	0.149
275.16	0.156
275.37	0.178
275.58	0.173
275.80	0.144
276.01	0.156
276.22	0.142
276.43	0.128
276.64	0.145
276.85	0.142
277.06	0.110
277.27	0.140
277.48	0.126
277.69	0.142
277.90	0.146
278.11	0.131
278.32	0.137
278.54	0.158
278.75	0.165
278.96	0.160
279.17	0.170
279.38	0.174
279.59	0.197
279.80	0.211
280.01	0.209
280.22	0.245
280.43	0.202
280.64	0.251
280.85	0.381
281.06	0.362
281.27	0.336
281.48	0.377
281.70	0.284
281.91	0.303
282.12	0.208
282.33	0.201
282.54	0.214
282.75	0.212
282.96	0.162
283.17	0.198
283.38	0.144
283.59	0.114
283.80	0.096
284.01	0.039
284.22	0.028
284.43	0.031
284.64	0.040
284.85	0.030
285.06	0.044
285.27	0.011
285.48	0.005
285.70	0.023
285.91	0.017
286.12	0.029
286.33	0.014
286.54	0.007
286.75	-0.005
286.96	0.008
287.17	0.012
287.38	0.021
287.59	-0.000
287.80	0.041
288.01	0.068
288.22	0.097
288.43	0.119
288.64	0.141
288.85	0.148
289.06	0.105
289.27	0.163
289.48	0.149
289.69	0.160
289.90	0.174
290.11	0.156
290.32	0.146
290.53	0.143
290.74	0.191
290.95	0.217
291.16	0.230
291.37	0.212
291.58	0.179
291.79	0.188
292.00	0.193
292.21	0.227
292.42	0.230
292.63	0.214
292.84	0.215
293.05	0.167
293.26	0.136
293.47	0.160
293.68	0.126
293.89	0.125
294.10	0.120
294.31	0.129
294.52	0.143
294.73	0.204
294.95	0.231
295.16	0.211
295.37	0.188
295.58	0.163
295.79	0.139
295.99	0.161
296.20	0.137
296.41	0.124
296.62	0.082
296.83	0.081
297.04	0.092
297.25	0.108
297.46	0.145
297.67	0.155
297.88	0.167
298.09	0.156
298.30	0.182
298.51	0.196
298.72	0.200
298.93	0.166
299.14	0.146
299.35	0.123
299.56	0.095
299.77	0.117
299.98	0.142
300.19	0.168
300.40	0.158
300.61	0.156
300.82	0.166
301.03	0.202
301.24	0.214
301.45	0.187
301.66	0.165
301.87	0.155
302.08	0.191
302.29	0.196
302.50	0.222
302.71	0.202
302.92	0.197
303.13	0.174
303.34	0.227
303.55	0.193
303.76	0.165
303.97	0.216
304.18	0.190
304.39	0.164
304.60	0.133
304.81	0.143
305.02	0.180
305.22	0.191
305.43	0.193
305.64	0.155
305.85	0.134
306.06	0.130
306.27	0.177
306.48	0.142
306.69	0.115
306.90	0.119
307.11	0.065
307.32	0.024
307.53	0.025
307.74	0.020
307.95	0.042
308.16	0.074
308.37	0.076
308.58	0.079
308.79	0.098
309.00	0.106
309.21	0.059
309.41	0.030
309.62	-0.003
309.83	-0.021
310.04	-0.002
310.25	0.011
310.46	-0.005
310.67	-0.039
310.88	-0.050
311.09	-0.055
311.30	-0.088
311.51	-0.057
311.72	-0.044
311.93	-0.027
312.14	-0.039
312.34	-0.028
312.55	-0.044
312.76	-0.087
312.97	-0.084
313.18	-0.111
313.39	-0.089
313.60	-0.049
313.81	-0.035
314.02	0.011
314.23	0.014
314.44	-0.017
314.65	-0.031
314.86	-0.036
315.06	-0.019
315.27	-0.010
315.48	0.011
315.69	0.056
315.90	0.068
316.11	0.072
316.32	0.034
316.53	0.043
316.74	0.044
316.95	0.058
317.16	0.118
317.36	0.112
317.57	0.125
317.78	0.132
317.99	0.141
318.20	0.132
318.41	0.124
318.62	0.155
318.83	0.202
319.04	0.196
319.24	0.190
319.45	0.159
319.66	0.125
319.87	0.141
320.08	0.135
320.29	0.156
320.50	0.168
320.71	0.177
320.92	0.187
321.12	0.162
321.33	0.182
321.54	0.147
321.75	0.152
321.96	0.143
322.17	0.118
322.38	0.138
322.59	0.181
322.80	0.165
323.00	0.135
323.21	0.128
323.42	0.156
323.63	0.192
323.84	0.214
324.05	0.257
324.26	0.242
324.47	0.250
324.67	0.235
324.88	0.220
325.09	0.213
325.30	0.174
325.51	0.182
325.72	0.194
325.93	0.180
326.13	0.185
326.34	0.179
326.55	0.193
326.76	0.167
326.97	0.145
327.18	0.151
327.39	0.164
327.59	0.155
327.80	0.148
328.01	0.137
328.22	0.152
328.43	0.118
328.64	0.125
328.85	0.119
329.05	0.109
329.26	0.143
329.47	0.155
329.68	0.168
329.89	0.165
330.10	0.140
330.30	0.180
330.51	0.185
330.72	0.200
330.93	0.219
331.14	0.230
331.35	0.230
331.56	0.232
331.76	0.214
331.97	0.217
332.18	0.215
332.39	0.207
332.60	0.200
332.81	0.213
333.01	0.197
333.22	0.198
333.43	0.182
333.64	0.183
333.85	0.190
334.05	0.200
334.26	0.204
334.47	0.207
334.68	0.202
334.89	0.200
335.10	0.202
335.30	0.188
335.51	0.175
335.72	0.177
335.93	0.177
336.14	0.188
336.35	0.196
336.55	0.210
336.76	0.226
336.97	0.227
337.18	0.233
337.39	0.242
337.59	0.239
337.80	0.264
338.01	0.241
338.22	0.241
338.43	0.248
338.63	0.248
338.84	0.244
339.05	0.232
339.26	0.241
339.47	0.239
339.67	0.233
339.88	0.248
340.09	0.249
340.30	0.257
340.51	0.260
340.71	0.261
340.92	0.249
341.13	0.250
341.34	0.259
341.55	0.259
341.75	0.263
341.96	0.268
342.17	0.265
342.38	0.271
342.58	0.267
342.79	0.265
343.00	0.269
343.21	0.274
343.42	0.282
343.62	0.281
343.83	0.289
344.04	0.310
344.25	0.310
344.46	0.311
344.66	0.303
344.87	0.292
345.08	0.291
345.29	0.300
345.49	0.308
345.70	0.304
345.91	0.309
346.12	0.314
346.32	0.313
346.53	0.307
346.74	0.312
346.95	0.317
347.16	0.321
347.36	0.324
347.57	0.325
347.78	0.324
347.99	0.328
348.19	0.329
348.40	0.320
348.61	0.320
348.82	0.322
349.02	0.331
349.23	0.343
349.44	0.342
349.65	0.338
349.85	0.333
350.06	0.341
350.27	0.345
350.48	0.347
350.68	0.349
350.89	0.354
351.10	0.356
351.31	0.355
351.51	0.359
351.72	0.356
351.93	0.357
352.14	0.358
352.34	0.353
352.55	0.352
352.76	0.353
352.96	0.354
353.17	0.354
353.38	0.353
353.59	0.354
353.79	0.355
354.00	0.366
354.21	0.367
354.42	0.363
354.62	0.360
354.83	0.356
355.04	0.355
355.24	0.358
355.45	0.357
355.66	0.362
355.87	0.364
356.07	0.366
356.28	0.366
356.49	0.371
356.70	0.376
356.90	0.376
357.11	0.375
357.32	0.376
357.52	0.378
357.73	0.379
357.94	0.382
358.15	0.390
358.35	0.389
358.56	0.387
358.77	0.392
358.97	0.395
359.18	0.399
359.39	0.402
359.59	0.406
359.80	0.407
360.01	0.409
360.22	0.409
360.42	0.410
360.63	0.415
360.84	0.416
361.04	0.416
361.25	0.420
361.46	0.423
361.66	0.423
361.87	0.426
362.08	0.431
362.29	0.427
362.49	0.425
362.70	0.423
362.91	0.427
363.11	0.427
363.32	0.426
363.53	0.423
363.73	0.420
363.94	0.419
364.15	0.420
364.35	0.420
364.56	0.417
364.77	0.417
364.97	0.416
365.18	0.413
365.39	0.417
365.59	0.419
365.80	0.419
366.01	0.418
366.21	0.417
366.42	0.416
366.63	0.420
366.83	0.424
367.04	0.426
367.25	0.429
367.45	0.428
367.66	0.430
367.87	0.433
368.07	0.435
368.28	0.435
368.49	0.435
368.69	0.435
368.90	0.436
369.11	0.435
369.31	0.436
369.52	0.441
369.73	0.440
369.93	0.440
370.14	0.441
370.35	0.446
370.55	0.446
370.76	0.445
370.97	0.447
371.17	0.443
371.38	0.443
371.58	0.442
371.79	0.443
372.00	0.445
372.20	0.445
372.41	0.447
372.62	0.448
372.82	0.453
373.03	0.454
373.24	0.457
373.44	0.460
373.65	0.464
373.85	0.465
374.06	0.466
374.27	0.465
374.47	0.467
374.68	0.468
374.89	0.470
375.09	0.471
375.30	0.470
375.51	0.472
375.71	0.472
375.92	0.474
376.12	0.476
376.33	0.475
376.54	0.478
376.74	0.476
376.95	0.477
377.15	0.475
377.36	0.478
377.57	0.478
377.77	0.478
377.98	0.476
378.19	0.475
378.39	0.476
378.60	0.478
378.80	0.482
379.01	0.480
379.22	0.481
379.42	0.483
379.63	0.484
379.83	0.486
380.04	0.488
380.25	0.489
380.45	0.489
380.66	0.492
380.86	0.494
381.07	0.498
381.28	0.500
381.48	0.501
381.69	0.501
381.89	0.503
382.10	0.504
382.31	0.506
382.51	0.507
382.72	0.507
382.92	0.509
383.13	0.508
383.33	0.510
383.54	0.511
383.75	0.513
383.95	0.512
384.16	0.513
384.36	0.512
384.57	0.512
384.78	0.511
384.98	0.511
385.19	0.510
385.39	0.510
385.60	0.510
385.80	0.509
386.01	0.510
386.22	0.509
386.42	0.511
386.63	0.512
386.83	0.513
387.04	0.515
387.24	0.515
387.45	0.515
387.65	0.516
387.86	0.517
388.07	0.516
388.27	0.516
388.48	0.518
388.68	0.519
388.89	0.518
389.09	0.521
389.30	0.521
389.50	0.521
389.71	0.521
389.92	0.522
390.12	0.525
390.33	0.526
390.53	0.527
390.74	0.526
390.94	0.526
391.15	0.527
391.35	0.528
391.56	0.529
391.77	0.530
391.97	0.530
392.18	0.530
392.38	0.533
392.59	0.534
392.79	0.533
393.00	0.535
393.20	0.538
393.41	0.539
393.61	0.541
393.82	0.543
394.02	0.544
394.23	0.543
394.43	0.542
394.64	0.543
394.84	0.544
395.05	0.547
395.26	0.548
395.46	0.549
395.67	0.549
395.87	0.550
396.08	0.550
396.28	0.550
396.49	0.552
396.69	0.551
396.90	0.552
397.10	0.553
397.31	0.555
397.51	0.556
397.72	0.556
397.92	0.557
398.13	0.557
398.33	0.561
398.54	0.562
398.74	0.564
398.95	0.566
399.15	0.567
399.36	0.568
399.56	0.569
399.77	0.571
399.97	0.572
400.18	0.572
400.38	0.574
400.59	0.575
400.79	0.576
401.00	0.578
401.20	0.579
401.41	0.579
401.61	0.581
401.82	0.582
402.02	0.583
402.23	0.585
402.43	0.586
402.64	0.586
402.84	0.588
403.05	0.590
403.25	0.591
403.46	0.593
403.66	0.595
403.87	0.596
404.07	0.597
404.27	0.598
404.48	0.600
404.68	0.601
404.89	0.603
405.09	0.603
405.30	0.605
405.50	0.606
405.71	0.608
405.91	0.609
406.12	0.610
406.32	0.612
406.53	0.613
406.73	0.614
406.94	0.614
407.14	0.617
407.34	0.617
407.55	0.616
407.75	0.616
407.96	0.616
408.16	0.617
408.37	0.616
408.57	0.617
408.78	0.618
408.98	0.620
409.19	0.621
409.39	0.623
409.59	0.624
409.80	0.625
410.00	0.628
410.21	0.630
410.41	0.630
410.62	0.630
410.82	0.631
411.03	0.632
411.23	0.634
411.43	0.636
411.64	0.637
411.84	0.640
412.05	0.642
412.25	0.644
412.46	0.645
412.66	0.647
412.86	0.650
413.07	0.651
413.27	0.654
413.48	0.655
413.68	0.657
413.89	0.659
414.09	0.660
414.29	0.660
414.50	0.660
414.70	0.663
414.91	0.664
415.11	0.665
415.32	0.667
415.52	0.668
415.72	0.668
415.93	0.671
416.13	0.671
416.34	0.673
416.54	0.674
416.74	0.675
416.95	0.677
417.15	0.678
417.36	0.677
417.56	0.678
417.76	0.679
417.97	0.679
418.17	0.680
418.38	0.681
418.58	0.684
418.78	0.684
418.99	0.685
419.19	0.687
419.40	0.688
419.60	0.690
419.80	0.691
420.01	0.691
420.21	0.693
420.42	0.695
420.62	0.696
420.82	0.698
421.03	0.701
421.23	0.701
421.44	0.702
421.64	0.704
421.84	0.706
422.05	0.710
422.25	0.711
422.45	0.714
422.66	0.716
422.86	0.717
423.07	0.720
423.27	0.720
423.47	0.722
423.68	0.723
423.88	0.723
424.08	0.723
424.29	0.725
424.49	0.725
424.70	0.726
424.90	0.727
425.10	0.728
425.31	0.729
425.51	0.730
425.71	0.731
425.92	0.732
426.12	0.730
426.32	0.730
426.53	0.730
426.73	0.731
426.93	0.730
427.14	0.731
427.34	0.730
427.55	0.731
427.75	0.732
427.95	0.733
428.16	0.734
428.36	0.734
428.56	0.736
428.77	0.736
428.97	0.737
429.17	0.737
429.38	0.738
429.58	0.738
429.78	0.740
429.99	0.741
430.19	0.741
430.39	0.741
430.60	0.743
430.80	0.743
431.00	0.743
431.21	0.745
431.41	0.746
431.61	0.747
431.82	0.748
432.02	0.749
432.22	0.748
432.43	0.750
432.63	0.751
432.83	0.752
433.04	0.752
433.24	0.752
433.44	0.753
433.65	0.752
433.85	0.753
434.05	0.753
434.25	0.754
434.46	0.754
434.66	0.755
434.86	0.755
435.07	0.756
435.27	0.756
435.47	0.755
435.68	0.755
435.88	0.755
436.08	0.755
436.29	0.755
436.49	0.756
436.69	0.757
436.89	0.757
437.10	0.756
437.30	0.757
437.50	0.758
437.71	0.758
437.91	0.759
438.11	0.757
438.32	0.757
438.52	0.757
438.72	0.757
438.92	0.758
439.13	0.758
439.33	0.758
439.53	0.758
439.74	0.759
439.94	0.759
440.14	0.759
440.34	0.759
440.55	0.758
440.75	0.757
440.95	0.757
441.15	0.757
441.36	0.758
441.56	0.757
441.76	0.758
441.97	0.758
442.17	0.759
442.37	0.760
442.57	0.760
442.78	0.760
442.98	0.759
443.18	0.759
443.38	0.759
443.59	0.759
443.79	0.759
443.99	0.758
444.19	0.757
444.40	0.757
444.60	0.757
444.80	0.757
445.00	0.758
445.21	0.757
445.41	0.756
445.61	0.756
445.81	0.756
446.02	0.756
446.22	0.755
446.42	0.754
446.62	0.753
446.83	0.752
447.03	0.751
447.23	0.751
447.43	0.750
447.64	0.750
447.84	0.750
448.04	0.749
448.24	0.749
448.45	0.749
448.65	0.748
448.85	0.749
449.05	0.748
449.26	0.747
449.46	0.748
449.66	0.748
449.86	0.747
450.06	0.746
450.27	0.744
450.47	0.744
450.67	0.743
450.87	0.743
451.08	0.742
451.28	0.741
451.48	0.742
451.68	0.741
451.88	0.741
452.09	0.740
452.29	0.741
452.49	0.738
452.69	0.738
452.89	0.737
453.10	0.737
453.30	0.736
453.50	0.736
453.70	0.735
453.90	0.735
454.11	0.734
454.31	0.734
454.51	0.733
454.71	0.734
454.91	0.732
455.12	0.731
455.32	0.732
455.52	0.732
455.72	0.731
455.92	0.729
456.13	0.730
456.33	0.728
456.53	0.727
456.73	0.727
456.93	0.726
457.14	0.726
457.34	0.725
457.54	0.726
457.74	0.724
457.94	0.723
458.14	0.722
458.35	0.721
458.55	0.720
458.75	0.720
458.95	0.718
459.15	0.719
459.36	0.717
459.56	0.716
459.76	0.716
459.96	0.715
460.16	0.716
460.36	0.713
460.57	0.713
460.77	0.712
460.97	0.711
461.17	0.710
461.37	0.709
461.57	0.708
461.77	0.706
461.98	0.705
462.18	0.705
462.38	0.704
462.58	0.704
462.78	0.703
462.98	0.702
463.19	0.702
463.39	0.701
463.59	0.700
463.79	0.698
463.99	0.698
464.19	0.697
464.39	0.695
464.60	0.694
464.80	0.694
465.00	0.693
465.20	0.694
465.40	0.692
465.60	0.691
465.80	0.691
466.01	0.690
466.21	0.689
466.41	0.689
466.61	0.687
466.81	0.687
467.01	0.686
467.21	0.684
467.41	0.684
467.62	0.683
467.82	0.682
468.02	0.682
468.22	0.681
468.42	0.681
468.62	0.680
468.82	0.680
469.02	0.679
469.22	0.678
469.43	0.677
469.63	0.676
469.83	0.676
470.03	0.675
470.23	0.674
470.43	0.673
470.63	0.671
470.83	0.672
471.03	0.670
471.24	0.669
471.44	0.669
471.64	0.667
471.84	0.667
472.04	0.666
472.24	0.665
472.44	0.664
472.64	0.663
472.84	0.663
473.04	0.662
473.25	0.661
473.45	0.660
473.65	0.660
473.85	0.658
474.05	0.658
474.25	0.657
474.45	0.656
474.65	0.656
474.85	0.656
475.05	0.655
475.25	0.655
475.45	0.654
475.66	0.654
475.86	0.653
476.06	0.652
476.26	0.652
476.46	0.651
476.66	0.651
476.86	0.651
477.06	0.650
477.26	0.649
477.46	0.649
477.66	0.648
477.86	0.647
478.06	0.646
478.26	0.645
478.46	0.645
478.67	0.644
478.87	0.643
479.07	0.642
479.27	0.642
479.47	0.640
479.67	0.639
479.87	0.639
480.07	0.638
480.27	0.638
480.47	0.637
480.67	0.637
480.87	0.635
481.07	0.635
481.27	0.634
481.47	0.633
481.67	0.633
481.87	0.632
482.07	0.632
482.27	0.631
482.47	0.630
482.67	0.629
482.87	0.629
483.07	0.629
483.28	0.628
483.48	0.627
483.68	0.627
483.88	0.626
484.08	0.625
484.28	0.625
484.48	0.624
484.68	0.624
484.88	0.623
485.08	0.623
485.28	0.623
485.48	0.621
485.68	0.621
485.88	0.620
486.08	0.620
486.28	0.620
486.48	0.619
486.68	0.618
486.88	0.617
487.08	0.617
487.28	0.616
487.48	0.616
487.68	0.616
487.88	0.616
488.08	0.615
488.28	0.615
488.48	0.614
488.68	0.614
488.88	0.612
489.08	0.612
489.28	0.611
489.48	0.610
489.68	0.610
489.88	0.609
490.08	0.609
490.28	0.608
490.48	0.607
490.68	0.607
490.88	0.607
491.08	0.606
491.28	0.605
491.48	0.605
491.68	0.604
491.88	0.604
492.08	0.603
492.28	0.603
492.48	0.601
492.68	0.602
492.88	0.601
493.08	0.601
493.28	0.600
493.48	0.599
493.67	0.599
493.87	0.599
494.07	0.598
494.27	0.598
494.47	0.597
494.67	0.596
494.87	0.595
495.07	0.595
495.27	0.594
495.47	0.594
495.67	0.594
495.87	0.593
496.07	0.592
496.27	0.592
496.47	0.592
496.67	0.591
496.87	0.590
497.07	0.590
497.27	0.589
497.47	0.589
497.67	0.588
497.87	0.588
498.06	0.587
498.26	0.587
498.46	0.587
498.66	0.587
498.86	0.586
499.06	0.586
499.26	0.585
499.46	0.585
499.66	0.584
499.86	0.584
500.06	0.584
500.26	0.584
500.46	0.583
500.66	0.583
500.86	0.582
501.05	0.582
501.25	0.582
501.45	0.581
501.65	0.581
501.85	0.581
502.05	0.580
502.25	0.579
502.45	0.579
502.65	0.579
502.85	0.578
503.05	0.577
503.24	0.577
503.44	0.577
503.64	0.576
503.84	0.576
504.04	0.575
504.24	0.574
504.44	0.574
504.64	0.573
504.84	0.573
505.04	0.573
505.24	0.572
505.43	0.572
505.63	0.572
505.83	0.571
506.03	0.570
506.23	0.570
506.43	0.570
506.63	0.569
506.83	0.568
507.03	0.568
507.22	0.567
507.42	0.567
507.62	0.567
507.82	0.566
508.02	0.566
508.22	0.565
508.42	0.565
508.62	0.564
508.81	0.564
509.01	0.564
509.21	0.564
509.41	0.564
509.61	0.563
509.81	0.563
510.01	0.563
510.21	0.563
510.40	0.562
510.60	0.562
510.80	0.562
511.00	0.562
511.20	0.561
511.40	0.561
511.60	0.561
511.79	0.560
511.99	0.560
512.19	0.559
512.39	0.559
512.59	0.559
512.79	0.559
512.99	0.558
513.18	0.557
513.38	0.556
513.58	0.556
513.78	0.555
513.98	0.555
514.18	0.554
514.37	0.553
514.57	0.553
514.77	0.552
514.97	0.552
515.17	0.551
515.37	0.551
515.56	0.550
515.76	0.550
515.96	0.549
516.16	0.549
516.36	0.548
516.56	0.548
516.75	0.547
516.95	0.546
517.15	0.546
517.35	0.546
517.55	0.545
517.75	0.544
517.94	0.543
518.14	0.543
518.34	0.542
518.54	0.542
518.74	0.541
518.93	0.541
519.13	0.540
519.33	0.539
519.53	0.538
519.73	0.538
519.92	0.537
520.12	0.536
520.32	0.536
520.52	0.535
520.72	0.534
520.91	0.533
521.11	0.533
521.31	0.532
521.51	0.531
521.71	0.530
521.90	0.530
522.10	0.529
522.30	0.529
522.50	0.528
522.70	0.528
522.89	0.527
523.09	0.526
523.29	0.526
523.49	0.525
523.69	0.524
523.88	0.524
524.08	0.523
524.28	0.522
524.48	0.521
524.67	0.521
524.87	0.520
525.07	0.519
525.27	0.518
525.46	0.517
525.66	0.517
525.86	0.516
526.06	0.515
526.26	0.514
526.45	0.514
526.65	0.512
526.85	0.512
527.05	0.510
527.24	0.509
527.44	0.508
527.64	0.507
527.84	0.506
528.03	0.505
528.23	0.504
528.43	0.503
528.63	0.502
528.82	0.501
529.02	0.501
529.22	0.500
529.42	0.499
529.61	0.498
529.81	0.497
530.01	0.496
530.21	0.495
530.40	0.494
530.60	0.493
530.80	0.492
531.00	0.491
531.19	0.490
531.39	0.490
531.59	0.489
531.78	0.488
531.98	0.487
532.18	0.486
532.38	0.485
532.57	0.484
532.77	0.483
532.97	0.482
533.16	0.481
533.36	0.479
533.56	0.478
533.76	0.478
533.95	0.476
534.15	0.475
534.35	0.475
534.55	0.474
534.74	0.473
534.94	0.472
535.14	0.471
535.33	0.470
535.53	0.469
535.73	0.468
535.92	0.466
536.12	0.465
536.32	0.464
536.52	0.463
536.71	0.462
536.91	0.461
537.11	0.460
537.30	0.459
537.50	0.458
537.70	0.457
537.89	0.456
538.09	0.455
538.29	0.454
538.48	0.453
538.68	0.452
538.88	0.451
539.08	0.450
539.27	0.449
539.47	0.448
539.67	0.446
539.86	0.446
540.06	0.445
540.26	0.443
540.45	0.442
540.65	0.441
540.85	0.440
541.04	0.439
541.24	0.438
541.44	0.437
541.63	0.436
541.83	0.435
542.03	0.434
542.22	0.433
542.42	0.432
542.62	0.432
542.81	0.431
543.01	0.429
543.21	0.428
543.40	0.427
543.60	0.426
543.79	0.425
543.99	0.424
544.19	0.423
544.38	0.422
544.58	0.421
544.78	0.420
544.97	0.419
545.17	0.418
545.37	0.417
545.56	0.416
545.76	0.415
545.96	0.414
546.15	0.413
546.35	0.411
546.54	0.410
546.74	0.409
546.94	0.408
547.13	0.407
547.33	0.406
547.53	0.405
547.72	0.404
547.92	0.403
548.11	0.402
548.31	0.401
548.51	0.400
548.70	0.398
548.90	0.397
549.10	0.397
549.29	0.396
549.49	0.395
549.68	0.394
549.88	0.393
550.08	0.391
550.27	0.391
550.47	0.390
550.66	0.389
550.86	0.388
551.06	0.387
551.25	0.386
551.45	0.385
551.64	0.384
551.84	0.383
552.04	0.382
552.23	0.381
552.43	0.380
552.62	0.380
552.82	0.379
553.02	0.378
553.21	0.377
553.41	0.376
553.60	0.375
553.80	0.374
554.00	0.373
554.19	0.372
554.39	0.371
554.58	0.370
554.78	0.369
554.97	0.368
555.17	0.367
555.37	0.366
555.56	0.366
555.76	0.365
555.95	0.364
556.15	0.363
556.34	0.362
556.54	0.361
556.74	0.360
556.93	0.359
557.13	0.358
557.32	0.358
557.52	0.357
557.71	0.356
557.91	0.355
558.10	0.354
558.30	0.353
558.50	0.353
558.69	0.352
558.89	0.351
559.08	0.351
559.28	0.350
559.47	0.349
559.67	0.348
559.86	0.348
560.06	0.347
560.25	0.346
560.45	0.345
560.65	0.344
560.84	0.344
561.04	0.343
561.23	0.342
561.43	0.341
561.62	0.341
561.82	0.340
562.01	0.339
562.21	0.338
562.40	0.338
562.60	0.337
562.79	0.336
562.99	0.335
563.18	0.334
563.38	0.333
563.57	0.333
563.77	0.332
563.96	0.331
564.16	0.331
564.36	0.330
564.55	0.329
564.75	0.328
564.94	0.328
565.14	0.327
565.33	0.326
565.53	0.326
565.72	0.325
565.92	0.324
566.11	0.324
566.31	0.323
566.50	0.322
566.70	0.322
566.89	0.321
567.09	0.321
567.28	0.320
567.48	0.319
567.67	0.319
567.87	0.318
568.06	0.317
568.26	0.317
568.45	0.316
568.64	0.315
568.84	0.315
569.03	0.314
569.23	0.313
569.42	0.313
569.62	0.312
569.81	0.312
570.01	0.311
570.20	0.310
570.40	0.309
570.59	0.309
570.79	0.309
570.98	0.308
571.18	0.307
571.37	0.306
571.57	0.306
571.76	0.305
571.95	0.305
572.15	0.304
572.34	0.303
572.54	0.303
572.73	0.302
572.93	0.301
573.12	0.301
573.32	0.300
573.51	0.300
573.71	0.299
573.90	0.299
574.09	0.298
574.29	0.298
574.48	0.297
574.68	0.296
574.87	0.296
575.07	0.295
575.26	0.295
575.46	0.294
575.65	0.293
575.84	0.293
576.04	0.292
576.23	0.292
576.43	0.291
576.62	0.291
576.82	0.290
577.01	0.290
577.20	0.289
577.40	0.289
577.59	0.288
577.79	0.287
577.98	0.287
578.18	0.287
578.37	0.286
578.56	0.286
578.76	0.286
578.95	0.285
579.15	0.285
579.34	0.284
579.53	0.284
579.73	0.283
579.92	0.283
580.12	0.282
580.31	0.282
580.50	0.281
580.70	0.281
580.89	0.281
581.09	0.280
581.28	0.280
581.47	0.279
581.67	0.278
581.86	0.278
582.06	0.278
582.25	0.277
582.44	0.276
582.64	0.276
582.83	0.275
583.03	0.275
583.22	0.274
583.41	0.274
583.61	0.274
583.80	0.273
583.99	0.273
584.19	0.272
584.38	0.272
584.58	0.272
584.77	0.271
584.96	0.271
585.16	0.270
585.35	0.270
585.54	0.270
585.74	0.270
585.93	0.269
586.13	0.269
586.32	0.269
586.51	0.269
586.71	0.268
586.90	0.268
587.09	0.267
587.29	0.267
587.48	0.267
587.67	0.266
587.87	0.266
588.06	0.265
588.25	0.265
588.45	0.265
588.64	0.264
588.83	0.264
589.03	0.264
589.22	0.263
589.41	0.263
589.61	0.262
589.80	0.262
589.99	0.261
590.19	0.261
590.38	0.260
590.57	0.260
590.77	0.259
590.96	0.259
591.15	0.259
591.35	0.258
591.54	0.258
591.73	0.257
591.93	0.257
592.12	0.257
592.31	0.256
592.51	0.256
592.70	0.255
592.89	0.255
593.09	0.255
593.28	0.254
593.47	0.254
593.67	0.254
593.86	0.254
594.05	0.253
594.25	0.253
594.44	0.253
594.63	0.252
594.82	0.252
595.02	0.252
595.21	0.251
595.40	0.251
595.60	0.250
595.79	0.250
595.98	0.250
596.17	0.250
596.37	0.250
596.56	0.249
596.75	0.249
596.95	0.248
597.14	0.248
597.33	0.248
597.52	0.247
597.72	0.247
597.91	0.246
598.10	0.246
598.30	0.246
598.49	0.245
598.68	0.245
598.87	0.245
599.07	0.244
599.26	0.244
599.45	0.244
599.65	0.244
599.84	0.243
600.03	0.243
600.22	0.242
600.42	0.242
600.61	0.241
600.80	0.241
600.99	0.241
601.19	0.240
601.38	0.240
601.57	0.240
601.76	0.240
601.96	0.239
602.15	0.239
602.34	0.239
602.53	0.238
602.73	0.238
602.92	0.238
603.11	0.237
603.30	0.237
603.50	0.237
603.69	0.237
603.88	0.237
604.07	0.236
604.26	0.236
604.46	0.236
604.65	0.236
604.84	0.236
605.03	0.236
605.23	0.235
605.42	0.235
605.61	0.235
605.80	0.235
606.00	0.234
606.19	0.234
606.38	0.234
606.57	0.233
606.76	0.233
606.96	0.233
607.15	0.233
607.34	0.232
607.53	0.232
607.72	0.231
607.92	0.231
608.11	0.231
608.30	0.231
608.49	0.230
608.68	0.230
608.88	0.230
609.07	0.229
609.26	0.229
609.45	0.229
609.64	0.229
609.84	0.228
610.03	0.228
610.22	0.228
610.41	0.228
610.60	0.227
610.80	0.227
610.99	0.227
611.18	0.226
611.37	0.226
611.56	0.226
611.76	0.226
611.95	0.226
612.14	0.226
612.33	0.226
612.52	0.226
612.71	0.226
612.91	0.225
613.10	0.225
613.29	0.225
613.48	0.225
613.67	0.225
613.86	0.224
614.06	0.224
614.25	0.224
614.44	0.224
614.63	0.223
614.82	0.223
615.01	0.223
615.20	0.223
615.40	0.222
615.59	0.222
615.78	0.222
615.97	0.221
616.16	0.221
616.35	0.220
616.55	0.220
616.74	0.220
616.93	0.220
617.12	0.219
617.31	0.219
617.50	0.218
617.69	0.219
617.88	0.218
618.08	0.218
618.27	0.218
618.46	0.218
618.65	0.217
618.84	0.217
619.03	0.217
619.22	0.217
619.42	0.216
619.61	0.216
619.80	0.216
619.99	0.216
620.18	0.216
620.37	0.215
620.56	0.215
620.75	0.215
620.94	0.215
621.14	0.215
621.33	0.215
621.52	0.214
621.71	0.214
621.90	0.214
622.09	0.213
622.28	0.213
622.47	0.213
622.66	0.213
622.85	0.213
623.05	0.213
623.24	0.212
623.43	0.212
623.62	0.212
623.81	0.212
624.00	0.212
624.19	0.212
624.38	0.211
624.57	0.212
624.76	0.211
624.95	0.211
625.15	0.211
625.34	0.210
625.53	0.210
625.72	0.210
625.91	0.210
626.10	0.210
626.29	0.210
626.48	0.209
626.67	0.209
626.86	0.209
627.05	0.209
627.24	0.209
627.43	0.209
627.62	0.208
627.82	0.208
628.01	0.208
628.20	0.208
628.39	0.208
628.58	0.208
628.77	0.207
628.96	0.207
629.15	0.207
629.34	0.206
629.53	0.206
629.72	0.206
629.91	0.206
630.10	0.206
630.29	0.206
630.48	0.205
630.67	0.205
630.86	0.205
631.05	0.205
631.24	0.205
631.43	0.204
631.62	0.204
631.81	0.204
632.00	0.204
632.20	0.204
632.39	0.203
632.58	0.203
632.77	0.203
632.96	0.203
633.15	0.203
633.34	0.203
633.53	0.203
633.72	0.203
633.91	0.202
634.10	0.202
634.29	0.202
634.48	0.202
634.67	0.202
634.86	0.202
635.05	0.201
635.24	0.201
635.43	0.201
635.62	0.201
635.81	0.201
636.00	0.201
636.19	0.200
636.38	0.200
636.57	0.200
636.76	0.200
636.95	0.200
637.14	0.200
637.33	0.199
637.52	0.199
637.71	0.199
637.90	0.199
638.09	0.199
638.28	0.199
638.47	0.198
638.66	0.198
638.85	0.198
639.04	0.198
639.23	0.198
639.41	0.198
639.60	0.197
639.79	0.197
639.98	0.197
640.17	0.197
640.36	0.197
640.55	0.197
640.74	0.196
640.93	0.196
641.12	0.196
641.31	0.196
641.50	0.196
641.69	0.195
641.88	0.195
642.07	0.195
642.26	0.195
642.45	0.195
642.64	0.195
642.83	0.195
643.02	0.194
643.21	0.194
643.40	0.194
643.59	0.194
643.77	0.194
643.96	0.194
644.15	0.194
644.34	0.193
644.53	0.193
644.72	0.193
644.91	0.193
645.10	0.193
645.29	0.193
645.48	0.193
645.67	0.192
645.86	0.192
646.05	0.192
646.24	0.192
646.42	0.192
646.61	0.192
646.80	0.192
646.99	0.191
647.18	0.191
647.37	0.191
647.56	0.191
647.75	0.191
647.94	0.190
648.13	0.190
648.32	0.190
648.50	0.190
648.69	0.190
648.88	0.189
649.07	0.189
649.26	0.189
649.45	0.189
649.64	0.189
649.83	0.188
650.02	0.188
650.21	0.188
650.39	0.188
650.58	0.188
650.77	0.188
650.96	0.188
651.15	0.187
651.34	0.187
651.53	0.187
651.72	0.187
651.90	0.187
652.09	0.186
652.28	0.186
652.47	0.186
652.66	0.186
652.85	0.186
653.04	0.186
653.23	0.186
653.41	0.186
653.60	0.186
653.79	0.186
653.98	0.186
654.17	0.186
654.36	0.186
654.55	0.186
654.73	0.186
654.92	0.185
655.11	0.185
655.30	0.185
655.49	0.185
655.68	0.185
655.87	0.185
656.05	0.185
656.24	0.185
656.43	0.185
656.62	0.185
656.81	0.184
657.00	0.184
657.18	0.184
657.37	0.184
657.56	0.183
657.75	0.183
657.94	0.183
658.13	0.183
658.31	0.183
658.50	0.183
658.69	0.183
658.88	0.183
659.07	0.182
659.26	0.182
659.44	0.182
659.63	0.182
659.82	0.182
660.01	0.182
660.20	0.182
660.38	0.181
660.57	0.181
660.76	0.181
660.95	0.181
661.14	0.181
661.32	0.181
661.51	0.181
661.70	0.181
661.89	0.181
662.08	0.181
662.26	0.180
662.45	0.180
662.64	0.180
662.83	0.180
663.02	0.180
663.20	0.179
663.39	0.179
663.58	0.179
663.77	0.179
663.96	0.178
664.14	0.178
664.33	0.178
664.52	0.178
664.71	0.177
664.89	0.177
665.08	0.177
665.27	0.177
665.46	0.177
665.64	0.176
665.83	0.176
666.02	0.176
666.21	0.176
666.40	0.176
666.58	0.176
666.77	0.176
666.96	0.176
667.15	0.175
667.33	0.176
667.52	0.176
667.71	0.176
667.90	0.176
668.08	0.175
668.27	0.176
668.46	0.176
668.65	0.176
668.83	0.176
669.02	0.176
669.21	0.175
669.40	0.175
669.58	0.175
669.77	0.175
669.96	0.175
670.14	0.175
670.33	0.175
670.52	0.175
670.71	0.175
670.89	0.175
671.08	0.175
671.27	0.175
671.46	0.175
671.64	0.174
671.83	0.174
672.02	0.174
672.20	0.174
672.39	0.174
672.58	0.174
672.77	0.174
672.95	0.174
673.14	0.174
673.33	0.174
673.51	0.174
673.70	0.174
673.89	0.173
674.08	0.173
674.26	0.173
674.45	0.172
674.64	0.172
674.82	0.172
675.01	0.172
675.20	0.172
675.38	0.172
675.57	0.172
675.76	0.172
675.94	0.172
676.13	0.172
676.32	0.171
676.51	0.171
676.69	0.171
676.88	0.171
677.07	0.171
677.25	0.171
677.44	0.171
677.63	0.171
677.81	0.171
678.00	0.170
678.19	0.171
678.37	0.171
678.56	0.171
678.75	0.170
678.93	0.170
679.12	0.170
679.31	0.170
679.49	0.170
679.68	0.170
679.87	0.169
680.05	0.169
680.24	0.169
680.42	0.169
680.61	0.169
680.80	0.169
680.98	0.169
681.17	0.169
681.36	0.168
681.54	0.168
681.73	0.168
681.92	0.168
682.10	0.168
682.29	0.167
682.48	0.167
682.66	0.167
682.85	0.167
683.03	0.167
683.22	0.167
683.41	0.167
683.59	0.167
683.78	0.167
683.97	0.167
684.15	0.167
684.34	0.167
684.52	0.167
684.71	0.167
684.90	0.166
685.08	0.166
685.27	0.166
685.45	0.166
685.64	0.166
685.83	0.166
686.01	0.166
686.20	0.166
686.39	0.166
686.57	0.166
686.76	0.166
686.94	0.166
687.13	0.166
687.31	0.165
687.50	0.165
687.69	0.165
687.87	0.165
688.06	0.165
688.24	0.165
688.43	0.164
688.62	0.164
688.80	0.164
688.99	0.164
689.17	0.164
689.36	0.164
689.55	0.164
689.73	0.163
689.92	0.163
690.10	0.163
690.29	0.163
690.47	0.163
690.66	0.163
690.84	0.163
691.03	0.163
691.22	0.163
691.40	0.163
691.59	0.163
691.77	0.163
691.96	0.163
692.14	0.163
692.33	0.163
692.52	0.163
692.70	0.163
692.89	0.163
693.07	0.163
693.26	0.162
693.44	0.163
693.63	0.163
693.81	0.163
694.00	0.162
694.18	0.162
694.37	0.162
694.55	0.162
694.74	0.162
694.93	0.162
695.11	0.161
695.30	0.162
695.48	0.161
695.67	0.161
695.85	0.161
696.04	0.161
696.22	0.161
696.41	0.161
696.59	0.160
696.78	0.160
696.96	0.160
697.15	0.160
697.33	0.160
697.52	0.160
697.70	0.160
697.89	0.160
698.07	0.160
698.26	0.159
698.44	0.159
698.63	0.159
698.81	0.159
699.00	0.159
699.18	0.159
699.37	0.159
699.55	0.159
699.74	0.159
699.92	0.159
700.11	0.158
700.29	0.158
700.48	0.158
700.66	0.158
700.85	0.158
701.03	0.158
701.22	0.158
701.40	0.158
701.59	0.158
701.77	0.158
701.96	0.158
702.14	0.157
702.33	0.158
702.51	0.157
702.69	0.157
702.88	0.157
703.06	0.157
703.25	0.157
703.43	0.157
703.62	0.156
703.80	0.156
703.99	0.156
704.17	0.156
704.36	0.156
704.54	0.156
704.73	0.156
704.91	0.156
705.09	0.156
705.28	0.156
705.46	0.156
705.65	0.156
705.83	0.156
706.02	0.156
706.20	0.155
706.38	0.155
706.57	0.155
706.75	0.155
706.94	0.155
707.12	0.155
707.31	0.155
707.49	0.155
707.67	0.155
707.86	0.155
708.04	0.155
708.23	0.154
708.41	0.154
708.60	0.154
708.78	0.154
708.96	0.154
709.15	0.154
709.33	0.154
709.52	0.154
709.70	0.153
709.88	0.153
710.07	0.153
710.25	0.153
710.44	0.153
710.62	0.153
710.80	0.153
710.99	0.153
711.17	0.153
711.36	0.153
711.54	0.153
711.72	0.153
711.91	0.153
712.09	0.153
712.28	0.153
712.46	0.153
712.64	0.153
712.83	0.153
713.01	0.153
713.20	0.152
713.38	0.152
713.56	0.152
713.75	0.152
713.93	0.152
714.11	0.152
714.30	0.152
714.48	0.152
714.66	0.152
714.85	0.152
715.03	0.152
715.22	0.152
715.40	0.151
715.58	0.151
715.77	0.151
715.95	0.151
716.13	0.151
716.32	0.151
716.50	0.151
716.68	0.151
716.87	0.151
717.05	0.151
717.23	0.151
717.42	0.150
717.60	0.150
717.78	0.150
717.97	0.150
718.15	0.150
718.33	0.150
718.52	0.150
718.70	0.150
718.88	0.150
719.07	0.150
719.25	0.150
719.43	0.150
719.62	0.150
719.80	0.150
719.98	0.150
720.17	0.150
720.35	0.150
720.53	0.150
720.72	0.150
720.90	0.150
721.08	0.150
721.27	0.150
721.45	0.149
721.63	0.149
721.81	0.149
722.00	0.149
722.18	0.149
722.36	0.149
722.55	0.149
722.73	0.148
722.91	0.148
723.10	0.148
723.28	0.148
723.46	0.148
723.64	0.148
723.83	0.148
724.01	0.148
724.19	0.148
724.38	0.147
724.56	0.147
724.74	0.147
724.92	0.147
725.11	0.147
725.29	0.148
725.47	0.148
725.66	0.147
725.84	0.147
726.02	0.147
726.20	0.147
726.39	0.147
726.57	0.147
726.75	0.146
726.93	0.147
727.12	0.146
727.30	0.146
727.48	0.146
727.66	0.146
727.85	0.146
728.03	0.146
728.21	0.146
728.39	0.146
728.58	0.146
728.76	0.145
728.94	0.145
729.12	0.145
729.31	0.145
729.49	0.145
729.67	0.145
729.85	0.145
730.04	0.145
730.22	0.145
730.40	0.145
730.58	0.145
730.76	0.145
730.95	0.145
731.13	0.145
731.31	0.145
731.49	0.145
731.68	0.145
731.86	0.145
732.04	0.144
732.22	0.144
732.40	0.144
732.59	0.144
732.77	0.144
732.95	0.144
733.13	0.144
733.31	0.144
733.50	0.144
733.68	0.144
733.86	0.144
734.04	0.144
734.22	0.144
734.41	0.144
734.59	0.144
734.77	0.144
734.95	0.143
735.13	0.143
735.32	0.143
735.50	0.143
735.68	0.143
735.86	0.143
736.04	0.143
736.22	0.143
736.41	0.143
736.59	0.143
736.77	0.143
736.95	0.143
737.13	0.143
737.32	0.143
737.50	0.143
737.68	0.143
737.86	0.143
738.04	0.142
738.22	0.142
738.41	0.142
738.59	0.143
738.77	0.142
738.95	0.142
739.13	0.142
739.31	0.142
739.49	0.142
739.68	0.142
739.86	0.141
740.04	0.141
740.22	0.141
740.40	0.141
740.58	0.141
740.76	0.141
740.95	0.141
741.13	0.141
741.31	0.141
741.49	0.140
741.67	0.140
741.85	0.140
742.03	0.140
742.21	0.140
742.40	0.140
742.58	0.140
742.76	0.140
742.94	0.140
743.12	0.140
743.30	0.140
743.48	0.140
743.66	0.140
743.85	0.140
744.03	0.140
744.21	0.140
744.39	0.139
744.57	0.140
744.75	0.140
744.93	0.140
745.11	0.140
745.29	0.140
745.47	0.140
745.66	0.140
745.84	0.140
746.02	0.140
746.20	0.140
746.38	0.140
746.56	0.140
746.74	0.139
746.92	0.139
747.10	0.139
747.28	0.139
747.46	0.139
747.64	0.139
747.83	0.139
748.01	0.139
748.19	0.139
748.37	0.139
748.55	0.139
748.73	0.138
748.91	0.138
749.09	0.138
749.27	0.138
749.45	0.138
749.63	0.138
749.81	0.138
749.99	0.138
750.17	0.138
750.35	0.137
750.53	0.138
750.72	0.137
750.90	0.137
751.08	0.137
751.26	0.137
751.44	0.137
751.62	0.137
751.80	0.137
751.98	0.137
752.16	0.137
752.34	0.136
752.52	0.136
752.70	0.136
752.88	0.136
753.06	0.137
753.24	0.137
753.42	0.136
753.60	0.137
753.78	0.136
753.96	0.136
754.14	0.136
754.32	0.136
754.50	0.136
754.68	0.136
754.86	0.136
755.04	0.136
755.22	0.136
755.40	0.135
755.58	0.135
755.76	0.135
755.94	0.135
756.12	0.135
756.30	0.135
756.48	0.135
756.66	0.135
756.84	0.135
757.02	0.135
757.20	0.135
757.38	0.135
757.56	0.135
757.74	0.135
757.92	0.135
758.10	0.135
758.28	0.135
758.46	0.135
758.64	0.135
758.82	0.135
759.00	0.135
759.18	0.136
759.36	0.135
759.54	0.135
759.72	0.135
759.90	0.135
760.08	0.135
760.26	0.135
760.44	0.135
760.62	0.135
760.80	0.135
760.98	0.135
761.16	0.135
761.33	0.135
761.51	0.134
761.69	0.134
761.87	0.134
762.05	0.134
762.23	0.134
762.41	0.134
762.59	0.134
762.77	0.134
762.95	0.134
763.13	0.134
763.31	0.134
763.49	0.133
763.67	0.133
763.85	0.133
764.03	0.133
764.21	0.133
764.38	0.133
764.56	0.133
764.74	0.133
764.92	0.133
765.10	0.133
765.28	0.133
765.46	0.133
765.64	0.133
765.82	0.133
766.00	0.133
766.18	0.133
766.35	0.133
766.53	0.133
766.71	0.133
766.89	0.133
767.07	0.133
767.25	0.133
767.43	0.133
767.61	0.133
767.79	0.133
767.97	0.133
768.14	0.133
768.32	0.133
768.50	0.133
768.68	0.132
768.86	0.133
769.04	0.132
769.22	0.132
769.40	0.132
769.58	0.132
769.75	0.131
769.93	0.131
770.11	0.131
770.29	0.131
770.47	0.131
770.65	0.131
770.83	0.131
771.00	0.131
771.18	0.131
771.36	0.131
771.54	0.131
771.72	0.131
771.90	0.130
772.08	0.130
772.25	0.130
772.43	0.130
772.61	0.130
772.79	0.130
772.97	0.130
773.15	0.130
773.33	0.130
773.50	0.130
773.68	0.130
773.86	0.130
774.04	0.130
774.22	0.130
774.40	0.130
774.57	0.130
774.75	0.130
774.93	0.130
775.11	0.129
775.29	0.129
775.46	0.129
775.64	0.129
775.82	0.129
776.00	0.129
776.18	0.129
776.36	0.128
776.53	0.128
776.71	0.128
776.89	0.128
777.07	0.128
777.25	0.128
777.42	0.128
777.60	0.128
777.78	0.128
777.96	0.128
778.14	0.128
778.31	0.128
778.49	0.128
778.67	0.128
778.85	0.128
779.03	0.128
779.20	0.128
779.38	0.128
779.56	0.128
779.74	0.128
779.91	0.128
780.09	0.128
780.27	0.128
780.45	0.128
780.63	0.128
780.80	0.128
780.98	0.128
781.16	0.128
781.34	0.129
781.51	0.128
781.69	0.128
781.87	0.128
782.05	0.128
782.22	0.128
782.40	0.128
782.58	0.128
782.76	0.127
782.93	0.128
783.11	0.128
783.29	0.128
783.47	0.128
783.64	0.127
783.82	0.127
784.00	0.127
784.18	0.127
784.35	0.127
784.53	0.127
784.71	0.127
784.89	0.127
785.06	0.127
785.24	0.127
785.42	0.127
785.60	0.127
785.77	0.127
785.95	0.127
786.13	0.126
786.30	0.127
786.48	0.127
786.66	0.127
786.84	0.126
787.01	0.126
787.19	0.126
787.37	0.126
787.54	0.126
787.72	0.126
787.90	0.126
788.07	0.126
788.25	0.126
788.43	0.126
788.61	0.125
788.78	0.125
788.96	0.125
789.14	0.125
789.31	0.125
789.49	0.125
789.67	0.125
789.84	0.125
790.02	0.124
790.20	0.124
790.37	0.124
790.55	0.124
790.73	0.124
790.90	0.124
791.08	0.124
791.26	0.124
791.43	0.124
791.61	0.124
791.79	0.124
791.96	0.124
792.14	0.124
792.32	0.124
792.49	0.123
792.67	0.123
792.85	0.123
793.02	0.123
793.20	0.123
793.38	0.123
793.55	0.124
793.73	0.124
793.91	0.124
794.08	0.124
794.26	0.123
794.44	0.123
794.61	0.123
794.79	0.123
794.97	0.123
795.14	0.123
795.32	0.123
795.49	0.123
795.67	0.123
795.85	0.123
796.02	0.124
796.20	0.124
796.38	0.123
796.55	0.123
796.73	0.123
796.90	0.123
797.08	0.122
797.26	0.122
797.43	0.122
797.61	0.122
797.78	0.122
797.96	0.122
798.14	0.122
798.31	0.122
798.49	0.122
798.66	0.122
798.84	0.122
799.02	0.122
799.19	0.122
799.37	0.122
799.54	0.122
799.72	0.122
799.90	0.122
800.07	0.122
800.25	0.122
800.42	0.123
800.60	0.122
800.78	0.122
800.95	0.122
801.13	0.123
801.30	0.123
801.48	0.123
801.65	0.122
801.83	0.123
802.01	0.123
802.18	0.122
802.36	0.122
802.53	0.122
802.71	0.122
802.88	0.122
803.06	0.122
803.23	0.122
803.41	0.122
803.59	0.122
803.76	0.122
803.94	0.122
804.11	0.121
804.29	0.121
804.46	0.121
804.64	0.122
804.81	0.122
804.99	0.122
805.16	0.122
805.34	0.121
805.52	0.121
805.69	0.121
805.87	0.121
806.04	0.121
806.22	0.121
806.39	0.121
806.57	0.121
806.74	0.120
806.92	0.120
807.09	0.120
807.27	0.120
807.44	0.120
807.62	0.120
807.79	0.120
807.97	0.120
808.14	0.120
808.32	0.119
808.49	0.119
808.67	0.119
808.84	0.118
809.02	0.118
809.19	0.118
809.37	0.118
809.54	0.118
809.72	0.118
809.89	0.118
810.07	0.118
810.24	0.118
810.42	0.118
810.59	0.118
810.77	0.118
810.94	0.118
811.12	0.118
811.29	0.118
811.47	0.118
811.64	0.118
811.82	0.118
811.99	0.117
812.16	0.117
812.34	0.118
812.51	0.118
812.69	0.118
812.86	0.118
813.04	0.118
813.21	0.119
813.39	0.119
813.56	0.119
813.74	0.119
813.91	0.120
814.08	0.119
814.26	0.119
814.43	0.119
814.61	0.119
814.78	0.119
814.96	0.119
815.13	0.119
815.31	0.119
815.48	0.119
815.65	0.119
815.83	0.119
816.00	0.118
816.18	0.118
816.35	0.118
816.53	0.118
816.70	0.117
816.87	0.117
817.05	0.116
817.22	0.116
817.40	0.115
817.57	0.115
817.74	0.115
817.92	0.116
818.09	0.115
818.27	0.115
818.44	0.115
818.62	0.115
818.79	0.116
818.96	0.115
819.14	0.116
819.31	0.116
819.49	0.116
819.66	0.116
819.83	0.116
820.01	0.116
820.18	0.117
820.35	0.117
820.53	0.117
820.70	0.117
820.88	0.117
821.05	0.117
821.22	0.117
821.40	0.117
821.57	0.117
821.74	0.117
821.92	0.117
822.09	0.117
822.27	0.117
822.44	0.116
822.61	0.116
822.79	0.116
822.96	0.116
823.13	0.116
823.31	0.116
823.48	0.115
823.65	0.115
823.83	0.115
824.00	0.115
824.17	0.115
824.35	0.115
824.52	0.115
824.69	0.115
824.87	0.115
825.04	0.115
825.22	0.115
825.39	0.115
825.56	0.115
825.74	0.115
825.91	0.115
826.08	0.115
826.25	0.115
826.43	0.114
826.60	0.114
826.77	0.114
826.95	0.113
827.12	0.114
827.29	0.114
827.47	0.114
827.64	0.114
827.81	0.114
827.99	0.114
828.16	0.114
828.33	0.114
828.51	0.114
828.68	0.114
828.85	0.114
829.02	0.114
829.20	0.114
829.37	0.114
829.54	0.114
829.72	0.113
829.89	0.114
830.06	0.114
830.23	0.115
830.41	0.115
830.58	0.115
830.75	0.115
830.93	0.116
831.10	0.115
831.27	0.114
831.44	0.114
831.62	0.114
831.79	0.113
831.96	0.113
832.13	0.113
832.31	0.113
832.48	0.112
832.65	0.112
832.83	0.112
833.00	0.111
833.17	0.110
833.34	0.110
833.52	0.110
833.69	0.110
833.86	0.109
834.03	0.109
834.21	0.109
834.38	0.108
834.55	0.108
834.72	0.108
834.89	0.109
835.07	0.109
835.24	0.109
835.41	0.109
835.58	0.109
835.76	0.109
835.93	0.110
836.10	0.111
836.27	0.110
836.45	0.111
836.62	0.112
836.79	0.113
836.96	0.113
837.13	0.112
837.31	0.112
837.48	0.113
837.65	0.113
837.82	0.113
837.99	0.114
838.17	0.114
838.34	0.114
838.51	0.114
838.68	0.114
838.85	0.114
839.03	0.113
839.20	0.113
839.37	0.112
839.54	0.112
839.71	0.112
839.89	0.112
840.06	0.112
840.23	0.111
840.40	0.112
840.57	0.111
840.74	0.111
840.92	0.112
841.09	0.111
841.26	0.112
841.43	0.112
841.60	0.111
841.78	0.111
841.95	0.111
842.12	0.110
842.29	0.110
842.46	0.110
842.63	0.110
842.80	0.111
842.98	0.111
843.15	0.111
843.32	0.111
843.49	0.110
843.66	0.111
843.83	0.110
844.00	0.110
844.18	0.111
844.35	0.111
844.52	0.110
844.69	0.110
844.86	0.109
845.03	0.109
845.20	0.108
845.38	0.108
845.55	0.108
845.72	0.109
845.89	0.109
846.06	0.108
846.23	0.108
846.40	0.109
846.57	0.108
846.75	0.108
846.92	0.109
847.09	0.109
847.26	0.108
847.43	0.109
847.60	0.108
847.77	0.108
847.94	0.108
848.11	0.109
848.28	0.108
848.46	0.109
848.63	0.109
848.80	0.109
848.97	0.109
849.14	0.110
849.31	0.110
849.48	0.110
849.65	0.110
849.82	0.110
849.99	0.110
850.16	0.109
850.33	0.109
850.51	0.108
850.68	0.108
850.85	0.108
851.02	0.107
851.19	0.108
851.36	0.107
851.53	0.107
851.70	0.107
851.87	0.107
852.04	0.106
852.21	0.107
852.38	0.107
852.55	0.107
852.72	0.106
852.89	0.106
853.06	0.106
853.24	0.106
853.41	0.106
853.58	0.106
853.75	0.106
853.92	0.106
854.09	0.106
854.26	0.106
854.43	0.106
854.60	0.106
854.77	0.105
854.94	0.106
855.11	0.106
855.28	0.106
855.45	0.106
855.62	0.107
855.79	0.107
855.96	0.106
856.13	0.106
856.30	0.106
856.47	0.106
856.64	0.106
856.81	0.106
856.98	0.106
857.15	0.106
857.32	0.106
857.49	0.107
857.66	0.106
857.83	0.107
858.00	0.108
858.17	0.108
858.34	0.108
858.51	0.108
858.68	0.108
858.85	0.109
859.02	0.109
859.19	0.108
859.36	0.109
859.53	0.108
859.70	0.107
859.87	0.107
860.04	0.107
860.21	0.107
860.38	0.107
860.55	0.108
860.72	0.108
860.89	0.108
861.06	0.108
861.23	0.108
861.40	0.107
861.56	0.108
861.73	0.108
861.90	0.108
862.07	0.107
862.24	0.107
862.41	0.107
862.58	0.107
862.75	0.106
862.92	0.106
863.09	0.107
863.26	0.107
863.43	0.108
863.60	0.108
863.77	0.108
863.94	0.107
864.11	0.107
864.28	0.107
864.44	0.107
864.61	0.106
864.78	0.106
864.95	0.106
865.12	0.105
865.29	0.104
865.46	0.105
865.63	0.106
865.80	0.105
865.97	0.105
866.14	0.105
866.31	0.106
866.47	0.106
866.64	0.106
866.81	0.106
866.98	0.106
867.15	0.105
867.32	0.105
867.49	0.106
867.66	0.105
867.83	0.104
867.99	0.104
868.16	0.104
868.33	0.104
868.50	0.103
868.67	0.104
868.84	0.104
869.01	0.103
869.18	0.103
869.35	0.103
869.51	0.102
869.68	0.102
869.85	0.101
870.02	0.101
870.19	0.102
870.36	0.102
870.53	0.101
870.69	0.102
870.86	0.102
871.03	0.101
871.20	0.103
871.37	0.103
871.54	0.103
871.71	0.102
871.87	0.103
872.04	0.103
872.21	0.102
872.38	0.102
872.55	0.104
872.72	0.105
872.88	0.105
873.05	0.105
873.22	0.105
873.39	0.105
873.56	0.105
873.73	0.105
873.89	0.105
874.06	0.105
874.23	0.104
874.40	0.105
874.57	0.105
874.73	0.105
874.90	0.106
875.07	0.107
875.24	0.107
875.41	0.107
875.57	0.107
875.74	0.108
875.91	0.108
876.08	0.108
876.25	0.107
876.41	0.107
876.58	0.107
876.75	0.106
876.92	0.107
877.09	0.109
877.25	0.108
877.42	0.108
877.59	0.108
877.76	0.109
877.93	0.109
878.09	0.108
878.26	0.108
878.43	0.107
878.60	0.107
878.76	0.107
878.93	0.107
879.10	0.105
879.27	0.105
879.43	0.104
879.60	0.103
879.77	0.104
879.94	0.103
880.10	0.104
880.27	0.104
880.44	0.103
880.61	0.101
880.77	0.101
880.94	0.101
881.11	0.101
881.28	0.100
881.44	0.100
881.61	0.100
881.78	0.100
881.95	0.100
882.11	0.099
882.28	0.099
882.45	0.100
882.62	0.100
882.78	0.101
882.95	0.102
883.12	0.102
883.28	0.102
883.45	0.102
883.62	0.102
883.79	0.103
883.95	0.102
884.12	0.103
884.29	0.104
884.45	0.103
884.62	0.103
884.79	0.103
884.96	0.104
885.12	0.103
885.29	0.108
885.46	0.103
885.62	0.112
885.79	0.104
885.96	0.104
886.12	0.087
886.29	0.118
886.46	0.091
886.62	0.106
886.79	0.105
