178.99	0.383
179.20	0.383
179.42	0.383
179.63	0.045
179.84	-1.125
180.06	-0.000
180.27	-0.429
180.49	-0.000
180.70	-0.441
180.92	-0.000
181.13	-0.852
181.35	-1.226
181.56	-0.000
181.77	-0.000
181.99	-2.958
182.20	-1.229
182.42	-1.434
182.63	-0.000
182.85	-0.000
183.06	-0.000
183.28	-1.510
183.49	-0.973
183.70	-0.882
183.92	-0.847
184.13	-0.707
184.35	-0.631
184.56	-0.667
184.78	-0.787
184.99	-0.842
185.21	-0.752
185.42	-0.809
185.63	-1.328
185.85	-1.050
186.06	-0.839
186.28	-0.948
186.49	-0.000
186.71	-0.000
186.92	-0.000
187.13	-0.000
187.35	-0.000
187.56	-0.000
187.78	-0.000
187.99	-0.000
188.21	-0.000
188.42	-0.000
188.63	-0.000
188.85	-0.000
189.06	-0.000
189.28	-0.000
189.49	-0.000
189.71	-0.000
189.92	-0.000
190.13	-0.000
190.35	-0.000
190.56	-0.000
190.78	-0.000
190.99	-0.000
191.20	-0.000
191.42	-0.000
191.63	-0.000
191.85	-0.000
192.06	-0.000
192.28	-0.000
192.49	-0.000
192.70	-2.489
192.92	-0.000
193.13	-1.258
193.35	-1.437
193.56	-1.324
193.77	-1.396
193.99	-0.000
194.20	-0.000
194.42	-1.876
194.63	-0.822
194.84	-0.791
195.06	-0.666
195.27	-0.652
195.49	-0.685
195.70	-0.910
195.91	-1.120
196.13	-1.472
196.34	-2.212
196.56	-0.000
196.77	-0.000
196.98	-0.000
197.20	-0.000
197.41	-0.000
197.63	-1.681
197.84	-1.354
198.05	-1.094
198.27	-1.200
198.48	-0.697
198.70	-0.660
198.91	-0.792
199.12	-1.093
199.34	-2.874
199.55	-0.000
199.76	-0.000
199.98	-0.000
200.19	-1.018
200.41	-0.979
200.62	-1.683
200.83	-1.807
201.05	-1.052
201.26	-1.329
201.48	-1.031
201.69	-1.163
201.90	-0.865
202.12	-0.899
202.33	-0.844
202.54	-0.784
202.76	-1.117
202.97	-1.387
203.19	-1.533
203.40	-1.384
203.61	-0.000
203.83	-1.508
204.04	-0.000
204.25	-0.000
204.47	-0.000
204.68	-0.000
204.89	-1.517
205.11	-0.736
205.32	-0.630
205.54	-0.747
205.75	-0.804
205.96	-0.891
206.18	-0.819
206.39	-0.847
206.60	-0.687
206.82	-0.676
207.03	-0.721
207.24	-0.501
207.46	-0.509
207.67	-0.546
207.89	-0.617
208.10	-0.608
208.31	-0.575
208.53	-0.561
208.74	-0.519
208.95	-0.440
209.17	-0.463
209.38	-0.532
209.59	-0.547
209.81	-0.554
210.02	-0.526
210.23	-0.470
210.45	-0.472
210.66	-0.480
210.87	-0.575
211.09	-0.913
211.30	-1.221
211.51	-1.382
211.73	-2.376
211.94	-0.000
212.15	-2.201
212.37	-1.072
212.58	-0.970
212.79	-1.330
213.01	-1.005
213.22	-1.164
213.43	-1.243
213.65	-1.099
213.86	-1.108
214.07	-0.000
214.29	-0.000
214.50	-0.000
214.71	-0.000
214.93	-1.407
215.14	-1.823
215.35	-0.000
215.57	-0.000
215.78	-0.000
215.99	-0.000
216.21	-1.263
216.42	-1.191
216.63	-1.077
216.85	-2.543
217.06	-1.018
217.27	-1.154
217.49	-1.462
217.70	-1.667
217.91	-1.327
218.13	-0.000
218.34	-0.000
218.55	-0.000
218.77	-0.000
218.98	-0.000
219.19	-0.000
219.40	-0.000
219.62	-2.304
219.83	-0.958
220.04	-0.845
220.26	-0.668
220.47	-0.611
220.68	-0.877
220.90	-0.768
221.11	-0.860
221.32	-0.778
221.54	-1.041
221.75	-0.924
221.96	-0.802
222.17	-0.896
222.39	-0.913
222.60	-0.840
222.81	-0.858
223.03	-0.810
223.24	-0.863
223.45	-0.686
223.67	-0.588
223.88	-0.639
224.09	-0.613
224.30	-0.591
224.52	-0.575
224.73	-0.735
224.94	-0.892
225.16	-0.806
225.37	-0.761
225.58	-0.668
225.79	-0.678
226.01	-0.679
226.22	-0.745
226.43	-0.576
226.65	-0.435
226.86	-0.513
227.07	-0.456
227.28	-0.463
227.50	-0.417
227.71	-0.500
227.92	-0.631
228.14	-0.647
228.35	-0.646
228.56	-0.833
228.77	-1.127
228.99	-0.948
229.20	-0.887
229.41	-0.881
229.62	-0.938
229.84	-0.861
230.05	-1.039
230.26	-1.019
230.48	-1.100
230.69	-0.873
230.90	-0.872
231.11	-1.002
231.33	-1.313
231.54	-1.259
231.75	-1.216
231.96	-2.520
232.18	-1.250
232.39	-0.906
232.60	-0.000
232.81	-0.000
233.03	-1.400
233.24	-1.228
233.45	-0.000
233.66	-1.782
233.88	-0.000
234.09	-0.000
234.30	-0.000
234.51	-0.000
234.73	-0.000
234.94	-0.000
235.15	-0.000
235.36	-0.000
235.58	-0.000
235.79	-0.000
236.00	-0.000
236.21	-0.000
236.43	-0.000
236.64	-0.000
236.85	-0.000
237.06	-0.000
237.28	-0.000
237.49	-0.000
237.70	-0.000
237.91	-0.000
238.13	-0.000
238.34	-0.000
238.55	-0.000
238.76	-0.000
238.98	-0.000
239.19	-0.000
239.40	-0.000
239.61	-0.000
239.83	-0.000
240.04	-0.000
240.25	-0.000
240.46	-0.000
240.67	-0.000
240.89	-0.000
241.10	-0.000
241.31	-0.836
241.52	-0.874
241.74	-0.793
241.95	-0.879
242.16	-0.719
242.37	-0.669
242.58	-0.560
242.80	-0.443
243.01	-0.399
243.22	-0.473
243.43	-0.368
243.65	-0.336
243.86	-0.318
244.07	-0.443
244.28	-0.423
244.49	-0.638
244.71	-0.518
244.92	-0.510
245.13	-0.531
245.34	-0.582
245.55	-0.676
245.77	-0.857
245.98	-0.743
246.19	-0.812
246.40	-0.877
246.62	-0.740
246.83	-0.811
247.04	-0.696
247.25	-0.729
247.46	-0.975
247.68	-0.747
247.89	-1.478
248.10	-2.069
248.31	-0.000
248.52	-0.000
248.74	-1.585
248.95	-0.859
249.16	-0.924
249.37	-0.988
249.58	-1.100
249.79	-0.862
250.01	-1.104
250.22	-1.086
250.43	-2.237
250.64	-0.882
250.85	-0.809
251.07	-0.853
251.28	-0.700
251.49	-0.956
251.70	-1.036
251.91	-0.790
252.13	-1.163
252.34	-0.839
252.55	-0.742
252.76	-0.570
252.97	-0.467
253.18	-0.464
253.40	-0.397
253.61	-0.384
253.82	-0.337
254.03	-0.308
254.24	-0.410
254.46	-0.381
254.67	-0.354
254.88	-0.323
255.09	-0.436
255.30	-0.409
255.51	-0.419
255.73	-0.474
255.94	-0.450
256.15	-0.409
256.36	-0.396
256.57	-0.369
256.78	-0.366
257.00	-0.425
257.21	-0.470
257.42	-0.563
257.63	-0.790
257.84	-1.108
258.05	-1.906
258.26	-0.000
258.48	-0.000
258.69	-1.292
258.90	-1.056
259.11	-1.198
259.32	-1.472
259.53	-0.000
259.75	-0.000
259.96	-0.000
260.17	-2.443
260.38	-0.000
260.59	-0.000
260.80	-0.000
261.01	-0.000
261.23	-0.000
261.44	-0.000
261.65	-0.000
261.86	-0.000
262.07	-0.000
262.28	-0.000
262.49	-0.000
262.71	-0.000
262.92	-0.000
263.13	-0.000
263.34	-0.000
263.55	-0.000
263.76	-0.000
263.97	-0.000
264.19	-0.000
264.40	-0.000
264.61	-0.000
264.82	-0.000
265.03	-0.000
265.24	-0.000
265.45	-0.000
265.66	-0.000
265.88	-1.845
266.09	-0.000
266.30	-1.762
266.51	-0.000
266.72	-0.634
266.93	-0.756
267.14	-0.773
267.35	-0.813
267.57	-0.717
267.78	-0.563
267.99	-0.598
268.20	-0.608
268.41	-0.508
268.62	-0.493
268.83	-0.622
269.04	-0.611
269.25	-0.567
269.47	-0.597
269.68	-0.611
269.89	-0.723
270.10	-0.841
270.31	-1.589
270.52	-1.709
270.73	-0.000
270.94	-0.000
271.15	-0.000
271.37	-0.000
271.58	-0.000
271.79	-0.000
272.00	-0.000
272.21	-0.000
272.42	-0.000
272.63	-0.000
272.84	-0.000
273.05	-0.000
273.26	-0.000
273.48	-0.000
273.69	-0.000
273.90	-0.000
274.11	-0.000
274.32	-0.000
274.53	-0.000
274.74	-1.302
274.95	-0.989
275.16	-0.850
275.37	-0.649
275.58	-0.697
275.80	-0.600
276.01	-0.571
276.22	-0.687
276.43	-0.689
276.64	-0.847
276.85	-0.730
277.06	-0.651
277.27	-0.719
277.48	-0.770
277.69	-1.004
277.90	-1.087
278.11	-0.828
278.32	-0.795
278.54	-0.624
278.75	-0.751
278.96	-0.876
279.17	-1.114
279.38	-0.962
279.59	-1.323
279.80	-0.000
280.01	-1.416
280.22	-1.203
280.43	-0.000
280.64	-1.268
280.85	-1.271
281.06	-1.007
281.27	-1.364
281.48	-0.000
281.70	-1.345
281.91	-1.158
282.12	-0.845
282.33	-0.789
282.54	-0.924
282.75	-1.143
282.96	-1.475
283.17	-1.127
283.38	-1.556
283.59	-0.000
283.80	-0.000
284.01	-0.000
284.22	-0.000
284.43	-0.000
284.64	-0.000
284.85	-0.000
285.06	-0.000
285.27	-0.000
285.48	-0.000
285.70	-0.000
285.91	-0.000
286.12	-0.000
286.33	-0.000
286.54	-0.000
286.75	-0.000
286.96	-0.000
287.17	-0.000
287.38	-0.000
287.59	-0.000
287.80	-0.000
288.01	-0.000
288.22	-0.000
288.43	-0.000
288.64	-0.000
288.85	-0.000
289.06	-0.000
289.27	-0.000
289.48	-0.946
289.69	-0.564
289.90	-0.489
290.11	-0.359
290.32	-0.333
290.53	-0.303
290.74	-0.322
290.95	-0.325
291.16	-0.356
291.37	-0.396
291.58	-0.433
291.79	-0.489
292.00	-0.523
292.21	-0.501
292.42	-0.448
292.63	-0.405
292.84	-0.420
293.05	-0.403
293.26	-0.400
293.47	-0.399
293.68	-0.486
293.89	-0.688
294.10	-0.730
294.31	-0.820
294.52	-1.142
294.73	-1.332
294.95	-1.387
295.16	-1.437
295.37	-0.000
295.58	-1.812
295.79	-0.000
295.99	-0.000
296.20	-0.926
296.41	-0.618
296.62	-0.565
296.83	-0.515
297.04	-0.561
297.25	-0.509
297.46	-0.501
297.67	-0.428
297.88	-0.310
298.09	-0.280
298.30	-0.265
298.51	-0.309
298.72	-0.306
298.93	-0.322
299.14	-0.377
299.35	-0.390
299.56	-0.408
299.77	-0.425
299.98	-0.412
300.19	-0.345
300.40	-0.361
300.61	-0.369
300.82	-0.492
301.03	-0.518
301.24	-0.529
301.45	-0.549
301.66	-0.585
301.87	-0.569
302.08	-0.634
302.29	-0.716
302.50	-0.851
302.71	-0.927
302.92	-0.844
303.13	-0.659
303.34	-0.606
303.55	-0.483
303.76	-0.558
303.97	-0.573
304.18	-0.609
304.39	-0.601
304.60	-0.715
304.81	-0.673
305.02	-0.804
305.22	-0.738
305.43	-0.679
305.64	-0.781
305.85	-0.711
306.06	-0.884
306.27	-0.897
306.48	-0.720
306.69	-0.788
306.90	-0.665
307.11	-0.835
307.32	-0.864
307.53	-0.927
307.74	-1.174
307.95	-1.118
308.16	-0.973
308.37	-0.944
308.58	-0.687
308.79	-0.728
309.00	-0.771
309.21	-0.796
309.41	-0.847
309.62	-0.728
309.83	-1.161
310.04	-0.847
310.25	-0.903
310.46	-0.699
310.67	-0.663
310.88	-0.771
311.09	-0.661
311.30	-0.802
311.51	-0.661
311.72	-0.740
311.93	-0.788
312.14	-0.718
312.34	-0.929
312.55	-0.872
312.76	-1.009
312.97	-1.493
313.18	-1.042
313.39	-0.732
313.60	-0.650
313.81	-0.940
314.02	-1.122
314.23	-0.925
314.44	-1.178
314.65	-0.000
314.86	-0.000
315.06	-0.000
315.27	-0.000
315.48	-0.000
315.69	-0.000
315.90	-0.000
316.11	-0.000
316.32	-0.000
316.53	-0.000
316.74	-0.000
316.95	-0.000
317.16	-0.000
317.36	-0.000
317.57	-0.000
317.78	-0.000
317.99	-0.000
318.20	-1.288
318.41	-1.170
318.62	-1.482
318.83	-0.000
319.04	-0.903
319.24	-0.888
319.45	-0.890
319.66	-0.798
319.87	-0.978
320.08	-0.647
320.29	-0.850
320.50	-0.754
320.71	-0.697
320.92	-0.675
321.12	-0.742
321.33	-0.790
321.54	-0.883
321.75	-0.694
321.96	-0.751
322.17	-1.126
322.38	-1.053
322.59	-1.027
322.80	-1.994
323.00	-1.118
323.21	-1.076
323.42	-0.000
323.63	-0.000
323.84	-0.000
324.05	-0.000
324.26	-0.000
324.47	-0.000
324.67	-1.510
324.88	-0.000
325.09	-0.000
325.30	-0.000
325.51	-0.000
325.72	-0.000
325.93	-0.000
326.13	-0.000
326.34	-0.000
326.55	-0.000
326.76	-0.000
326.97	-0.000
327.18	-0.000
327.39	-0.000
327.59	-0.000
327.80	-0.000
328.01	-0.000
328.22	-0.000
328.43	-0.000
328.64	-0.000
328.85	-0.000
329.05	-0.000
329.26	-0.000
329.47	-1.966
329.68	-0.845
329.89	-0.557
330.10	-0.522
330.30	-0.538
330.51	-0.510
330.72	-0.511
330.93	-0.705
331.14	-0.785
331.35	-0.642
331.56	-0.444
331.76	-0.513
331.97	-0.429
332.18	-0.378
332.39	-0.421
332.60	-0.382
332.81	-0.385
333.01	-0.320
333.22	-0.318
333.43	-0.302
333.64	-0.297
333.85	-0.315
334.05	-0.351
334.26	-0.336
334.47	-0.418
334.68	-0.440
334.89	-0.478
335.10	-0.383
335.30	-0.303
335.51	-0.295
335.72	-0.280
335.93	-0.296
336.14	-0.268
336.35	-0.292
336.55	-0.262
336.76	-0.285
336.97	-0.357
337.18	-0.363
337.39	-0.392
337.59	-0.403
337.80	-0.507
338.01	-0.413
338.22	-0.451
338.43	-0.534
338.63	-0.578
338.84	-0.526
339.05	-0.466
339.26	-0.396
339.47	-0.541
339.67	-0.530
339.88	-0.508
340.09	-0.404
340.30	-0.410
340.51	-0.418
340.71	-0.403
340.92	-0.431
341.13	-0.326
341.34	-0.300
341.55	-0.286
341.75	-0.269
341.96	-0.238
342.17	-0.222
342.38	-0.213
342.58	-0.192
342.79	-0.149
343.00	-0.151
343.21	-0.132
343.42	-0.158
343.62	-0.141
343.83	-0.103
344.04	-0.081
344.25	-0.089
344.46	-0.106
344.66	-0.120
344.87	-0.108
345.08	-0.125
345.29	-0.138
345.49	-0.164
345.70	-0.128
345.91	-0.103
346.12	-0.127
346.32	-0.141
346.53	-0.099
346.74	-0.139
346.95	-0.174
347.16	-0.174
347.36	-0.132
347.57	-0.096
347.78	-0.115
347.99	-0.106
348.19	-0.126
348.40	-0.111
348.61	-0.106
348.82	-0.121
349.02	-0.081
349.23	-0.126
349.44	-0.086
349.65	-0.073
349.85	-0.089
350.06	-0.076
350.27	-0.081
350.48	-0.062
350.68	-0.085
350.89	-0.091
351.10	-0.095
351.31	-0.029
351.51	-0.065
351.72	-0.077
351.93	-0.115
352.14	-0.079
352.34	-0.117
352.55	-0.105
352.76	-0.131
352.96	-0.120
353.17	-0.128
353.38	-0.157
353.59	-0.111
353.79	-0.094
354.00	-0.082
354.21	-0.052
354.42	-0.084
354.62	-0.090
354.83	-0.087
355.04	-0.051
355.24	-0.057
355.45	-0.002
355.66	-0.036
355.87	-0.003
356.07	0.021
356.28	0.024
356.49	-0.002
356.70	0.034
356.90	0.045
357.11	0.049
357.32	0.073
357.52	0.068
357.73	0.087
357.94	0.102
358.15	0.081
358.35	0.099
358.56	0.076
358.77	0.070
358.97	0.115
359.18	0.143
359.39	0.146
359.59	0.142
359.80	0.151
360.01	0.178
360.22	0.177
360.42	0.126
360.63	0.145
360.84	0.194
361.04	0.166
361.25	0.187
361.46	0.194
361.66	0.194
361.87	0.188
362.08	0.196
362.29	0.192
362.49	0.227
362.70	0.203
362.91	0.222
363.11	0.254
363.32	0.261
363.53	0.277
363.73	0.279
363.94	0.281
364.15	0.252
364.35	0.244
364.56	0.220
364.77	0.246
364.97	0.246
365.18	0.193
365.39	0.208
365.59	0.205
365.80	0.216
366.01	0.210
366.21	0.224
366.42	0.232
366.63	0.251
366.83	0.250
367.04	0.264
367.25	0.261
367.45	0.261
367.66	0.241
367.87	0.212
368.07	0.212
368.28	0.203
368.49	0.205
368.69	0.223
368.90	0.254
369.11	0.257
369.31	0.257
369.52	0.303
369.73	0.318
369.93	0.308
370.14	0.320
370.35	0.330
370.55	0.346
370.76	0.344
370.97	0.344
371.17	0.307
371.38	0.332
371.58	0.340
371.79	0.328
372.00	0.338
372.20	0.363
372.41	0.362
372.62	0.384
372.82	0.387
373.03	0.400
373.24	0.408
373.44	0.412
373.65	0.415
373.85	0.395
374.06	0.372
374.27	0.375
374.47	0.377
374.68	0.355
374.89	0.340
375.09	0.324
375.30	0.304
375.51	0.305
375.71	0.305
375.92	0.305
376.12	0.314
376.33	0.318
376.54	0.313
376.74	0.325
376.95	0.333
377.15	0.321
377.36	0.303
377.57	0.301
377.77	0.312
377.98	0.302
378.19	0.329
378.39	0.332
378.60	0.325
378.80	0.315
379.01	0.333
379.22	0.341
379.42	0.350
379.63	0.355
379.83	0.373
380.04	0.358
380.25	0.349
380.45	0.351
380.66	0.351
380.86	0.341
381.07	0.329
381.28	0.316
381.48	0.320
381.69	0.332
381.89	0.333
382.10	0.330
382.31	0.330
382.51	0.322
382.72	0.329
382.92	0.344
383.13	0.341
383.33	0.346
383.54	0.359
383.75	0.351
383.95	0.367
384.16	0.377
384.36	0.388
384.57	0.391
384.78	0.380
384.98	0.370
385.19	0.383
385.39	0.378
385.60	0.392
385.80	0.391
386.01	0.403
386.22	0.395
386.42	0.390
386.63	0.401
386.83	0.391
387.04	0.398
387.24	0.391
387.45	0.391
387.65	0.394
387.86	0.384
388.07	0.389
388.27	0.380
388.48	0.373
388.68	0.361
388.89	0.361
389.09	0.362
389.30	0.362
389.50	0.363
389.71	0.373
389.92	0.371
390.12	0.382
390.33	0.378
390.53	0.378
390.74	0.378
390.94	0.379
391.15	0.382
391.35	0.377
391.56	0.388
391.77	0.383
391.97	0.371
392.18	0.370
392.38	0.370
392.59	0.364
392.79	0.366
393.00	0.365
393.20	0.376
393.41	0.377
393.61	0.380
393.82	0.387
394.02	0.390
394.23	0.373
394.43	0.374
394.64	0.369
394.84	0.369
395.05	0.369
395.26	0.365
395.46	0.374
395.67	0.374
395.87	0.369
396.08	0.374
396.28	0.378
396.49	0.376
396.69	0.385
396.90	0.398
397.10	0.390
397.31	0.398
397.51	0.394
397.72	0.398
397.92	0.404
398.13	0.397
398.33	0.397
398.54	0.404
398.74	0.400
398.95	0.399
399.15	0.406
399.36	0.412
399.56	0.420
399.77	0.410
399.97	0.406
400.18	0.403
400.38	0.403
400.59	0.406
400.79	0.411
401.00	0.410
401.20	0.412
401.41	0.418
401.61	0.411
401.82	0.411
402.02	0.418
402.23	0.418
402.43	0.425
402.64	0.437
402.84	0.445
403.05	0.442
403.25	0.447
403.46	0.441
403.66	0.434
403.87	0.421
404.07	0.429
404.27	0.433
404.48	0.436
404.68	0.448
404.89	0.446
405.09	0.467
405.30	0.452
405.50	0.444
405.71	0.441
405.91	0.448
406.12	0.446
406.32	0.440
406.53	0.441
406.73	0.438
406.94	0.432
407.14	0.422
407.34	0.426
407.55	0.415
407.75	0.425
407.96	0.427
408.16	0.434
408.37	0.437
408.57	0.439
408.78	0.432
408.98	0.428
409.19	0.432
409.39	0.417
409.59	0.426
409.80	0.430
410.00	0.433
410.21	0.431
410.41	0.437
410.62	0.441
410.82	0.449
411.03	0.444
411.23	0.446
411.43	0.449
411.64	0.449
411.84	0.452
412.05	0.440
412.25	0.444
412.46	0.440
412.66	0.436
412.86	0.438
413.07	0.445
413.27	0.442
413.48	0.441
413.68	0.433
413.89	0.432
414.09	0.431
414.29	0.434
414.50	0.441
414.70	0.434
414.91	0.430
415.11	0.427
415.32	0.433
415.52	0.429
415.72	0.437
415.93	0.430
416.13	0.434
416.34	0.440
416.54	0.431
416.74	0.437
416.95	0.439
417.15	0.437
417.36	0.440
417.56	0.444
417.76	0.438
417.97	0.446
418.17	0.456
418.38	0.457
418.58	0.453
418.78	0.445
418.99	0.453
419.19	0.454
419.40	0.455
419.60	0.449
419.80	0.446
420.01	0.440
420.21	0.450
420.42	0.449
420.62	0.452
420.82	0.453
421.03	0.455
421.23	0.450
421.44	0.454
421.64	0.453
421.84	0.450
422.05	0.462
422.25	0.466
422.45	0.463
422.66	0.450
422.86	0.455
423.07	0.455
423.27	0.452
423.47	0.457
423.68	0.445
423.88	0.450
424.08	0.452
424.29	0.453
424.49	0.452
424.70	0.455
424.90	0.454
425.10	0.457
425.31	0.450
425.51	0.454
425.71	0.452
425.92	0.454
426.12	0.456
426.32	0.446
426.53	0.439
426.73	0.435
426.93	0.438
427.14	0.439
427.34	0.442
427.55	0.443
427.75	0.441
427.95	0.448
428.16	0.445
428.36	0.440
428.56	0.439
428.77	0.435
428.97	0.436
429.17	0.433
429.38	0.436
429.58	0.441
429.78	0.435
429.99	0.435
430.19	0.437
430.39	0.438
430.60	0.440
430.80	0.440
431.00	0.442
431.21	0.448
431.41	0.451
431.61	0.453
431.82	0.455
432.02	0.450
432.22	0.448
432.43	0.452
432.63	0.454
432.83	0.451
433.04	0.453
433.24	0.450
433.44	0.450
433.65	0.451
433.85	0.451
434.05	0.454
434.25	0.457
434.46	0.452
434.66	0.451
434.86	0.452
435.07	0.459
435.27	0.464
435.47	0.459
435.68	0.455
435.88	0.446
436.08	0.450
436.29	0.455
436.49	0.458
436.69	0.454
436.89	0.460
437.10	0.466
437.30	0.469
437.50	0.471
437.71	0.472
437.91	0.472
438.11	0.467
438.32	0.467
438.52	0.463
438.72	0.463
438.92	0.467
439.13	0.466
439.33	0.466
439.53	0.462
439.74	0.469
439.94	0.470
440.14	0.476
440.34	0.475
440.55	0.473
440.75	0.474
440.95	0.474
441.15	0.473
441.36	0.475
441.56	0.471
441.76	0.467
441.97	0.467
442.17	0.469
442.37	0.476
442.57	0.479
442.78	0.476
442.98	0.476
443.18	0.473
443.38	0.472
443.59	0.472
443.79	0.476
443.99	0.473
444.19	0.473
444.40	0.473
444.60	0.470
444.80	0.474
445.00	0.478
445.21	0.483
445.41	0.485
445.61	0.486
445.81	0.491
446.02	0.496
446.22	0.497
446.42	0.494
446.62	0.494
446.83	0.496
447.03	0.498
447.23	0.499
447.43	0.500
447.64	0.503
447.84	0.503
448.04	0.502
448.24	0.503
448.45	0.499
448.65	0.503
448.85	0.505
449.05	0.500
449.26	0.496
449.46	0.500
449.66	0.503
449.86	0.504
450.06	0.499
450.27	0.498
450.47	0.501
450.67	0.505
450.87	0.504
451.08	0.503
451.28	0.505
451.48	0.506
451.68	0.506
451.88	0.503
452.09	0.501
452.29	0.499
452.49	0.505
452.69	0.510
452.89	0.502
453.10	0.502
453.30	0.505
453.50	0.505
453.70	0.502
453.90	0.497
454.11	0.502
454.31	0.502
454.51	0.503
454.71	0.504
454.91	0.504
455.12	0.508
455.32	0.510
455.52	0.511
455.72	0.513
455.92	0.517
456.13	0.517
456.33	0.512
456.53	0.514
456.73	0.509
456.93	0.509
457.14	0.515
457.34	0.514
457.54	0.516
457.74	0.520
457.94	0.516
458.14	0.520
458.35	0.512
458.55	0.515
458.75	0.519
458.95	0.520
459.15	0.520
459.36	0.516
459.56	0.512
459.76	0.514
459.96	0.515
460.16	0.515
460.36	0.519
460.57	0.528
460.77	0.532
460.97	0.534
461.17	0.530
461.37	0.526
461.57	0.533
461.77	0.530
461.98	0.524
462.18	0.526
462.38	0.524
462.58	0.524
462.78	0.528
462.98	0.525
463.19	0.524
463.39	0.526
463.59	0.526
463.79	0.525
463.99	0.524
464.19	0.520
464.39	0.521
464.60	0.521
464.80	0.515
465.00	0.514
465.20	0.512
465.40	0.514
465.60	0.521
465.80	0.516
466.01	0.520
466.21	0.521
466.41	0.522
466.61	0.523
466.81	0.522
467.01	0.521
467.21	0.520
467.41	0.517
467.62	0.513
467.82	0.516
468.02	0.521
468.22	0.518
468.42	0.520
468.62	0.519
468.82	0.520
469.02	0.522
469.22	0.520
469.43	0.522
469.63	0.521
469.83	0.518
470.03	0.517
470.23	0.515
470.43	0.517
470.63	0.514
470.83	0.514
471.03	0.520
471.24	0.520
471.44	0.523
471.64	0.523
471.84	0.523
472.04	0.523
472.24	0.520
472.44	0.526
472.64	0.525
472.84	0.525
473.04	0.526
473.25	0.531
473.45	0.531
473.65	0.533
473.85	0.534
474.05	0.537
474.25	0.541
474.45	0.544
474.65	0.545
474.85	0.548
475.05	0.546
475.25	0.542
475.45	0.542
475.66	0.542
475.86	0.547
476.06	0.548
476.26	0.551
476.46	0.556
476.66	0.554
476.86	0.557
477.06	0.558
477.26	0.557
477.46	0.558
477.66	0.558
477.86	0.563
478.06	0.564
478.26	0.564
478.46	0.559
478.67	0.557
478.87	0.560
479.07	0.563
479.27	0.564
479.47	0.566
479.67	0.566
479.87	0.565
480.07	0.560
480.27	0.562
480.47	0.564
480.67	0.563
480.87	0.564
481.07	0.564
481.27	0.566
481.47	0.562
481.67	0.560
481.87	0.562
482.07	0.558
482.27	0.560
482.47	0.561
482.67	0.566
482.87	0.568
483.07	0.567
483.28	0.567
483.48	0.571
483.68	0.576
483.88	0.580
484.08	0.583
484.28	0.589
484.48	0.589
484.68	0.589
484.88	0.590
485.08	0.588
485.28	0.587
485.48	0.588
485.68	0.594
485.88	0.595
486.08	0.594
486.28	0.597
486.48	0.594
486.68	0.594
486.88	0.597
487.08	0.597
487.28	0.599
487.48	0.599
487.68	0.598
487.88	0.596
488.08	0.596
488.28	0.596
488.48	0.597
488.68	0.598
488.88	0.602
489.08	0.603
489.28	0.605
489.48	0.608
489.68	0.611
489.88	0.611
490.08	0.616
490.28	0.617
490.48	0.619
490.68	0.623
490.88	0.626
491.08	0.628
491.28	0.630
491.48	0.629
491.68	0.637
491.88	0.637
492.08	0.639
492.28	0.638
492.48	0.642
492.68	0.643
492.88	0.642
493.08	0.645
493.28	0.649
493.48	0.652
493.67	0.660
493.87	0.658
494.07	0.660
494.27	0.661
494.47	0.663
494.67	0.665
494.87	0.666
495.07	0.670
495.27	0.666
495.47	0.666
495.67	0.672
495.87	0.672
496.07	0.673
496.27	0.671
496.47	0.674
496.67	0.675
496.87	0.673
497.07	0.678
497.27	0.679
497.47	0.680
497.67	0.679
497.87	0.673
498.06	0.676
498.26	0.679
498.46	0.683
498.66	0.688
498.86	0.687
499.06	0.693
499.26	0.691
499.46	0.699
499.66	0.706
499.86	0.702
500.06	0.700
500.26	0.703
500.46	0.709
500.66	0.712
500.86	0.713
501.05	0.716
501.25	0.717
501.45	0.714
501.65	0.711
501.85	0.715
502.05	0.720
502.25	0.725
502.45	0.726
502.65	0.723
502.85	0.720
503.05	0.722
503.24	0.722
503.44	0.729
503.64	0.729
503.84	0.728
504.04	0.729
504.24	0.732
504.44	0.733
504.64	0.735
504.84	0.737
505.04	0.739
505.24	0.739
505.43	0.743
505.63	0.745
505.83	0.750
506.03	0.749
506.23	0.747
506.43	0.740
506.63	0.743
506.83	0.744
507.03	0.745
507.22	0.747
507.42	0.747
507.62	0.745
507.82	0.745
508.02	0.745
508.22	0.748
508.42	0.748
508.62	0.748
508.81	0.749
509.01	0.746
509.21	0.746
509.41	0.747
509.61	0.747
509.81	0.751
510.01	0.753
510.21	0.754
510.40	0.757
510.60	0.762
510.80	0.757
511.00	0.759
511.20	0.763
511.40	0.768
511.60	0.770
511.79	0.771
511.99	0.769
512.19	0.769
512.39	0.776
512.59	0.778
512.79	0.783
512.99	0.784
513.18	0.785
513.38	0.787
513.58	0.792
513.78	0.792
513.98	0.788
514.18	0.785
514.37	0.787
514.57	0.790
514.77	0.790
514.97	0.791
515.17	0.794
515.37	0.799
515.56	0.793
515.76	0.792
515.96	0.790
516.16	0.791
516.36	0.792
516.56	0.789
516.75	0.788
516.95	0.785
517.15	0.782
517.35	0.785
517.55	0.787
517.75	0.787
517.94	0.788
518.14	0.791
518.34	0.796
518.54	0.796
518.74	0.793
518.93	0.794
519.13	0.796
519.33	0.798
519.53	0.793
519.73	0.796
519.92	0.798
520.12	0.800
520.32	0.801
520.52	0.803
520.72	0.806
520.91	0.806
521.11	0.808
521.31	0.808
521.51	0.810
521.71	0.807
521.90	0.798
522.10	0.800
522.30	0.801
522.50	0.798
522.70	0.798
522.89	0.801
523.09	0.802
523.29	0.801
523.49	0.797
523.69	0.795
523.88	0.794
524.08	0.794
524.28	0.798
524.48	0.799
524.67	0.794
524.87	0.790
525.07	0.790
525.27	0.787
525.46	0.790
525.66	0.790
525.86	0.789
526.06	0.794
526.26	0.790
526.45	0.789
526.65	0.790
526.85	0.789
527.05	0.785
527.24	0.779
527.44	0.778
527.64	0.777
527.84	0.776
528.03	0.776
528.23	0.771
528.43	0.767
528.63	0.760
528.82	0.762
529.02	0.761
529.22	0.762
529.42	0.761
529.61	0.758
529.81	0.752
530.01	0.753
530.21	0.752
530.40	0.751
530.60	0.749
530.80	0.744
531.00	0.744
531.19	0.744
531.39	0.743
531.59	0.742
531.78	0.740
531.98	0.742
532.18	0.738
532.38	0.734
532.57	0.728
532.77	0.729
532.97	0.728
533.16	0.726
533.36	0.724
533.56	0.721
533.76	0.720
533.95	0.720
534.15	0.718
534.35	0.718
534.55	0.719
534.74	0.715
534.94	0.712
535.14	0.711
535.33	0.706
535.53	0.706
535.73	0.705
535.92	0.704
536.12	0.696
536.32	0.696
536.52	0.697
536.71	0.695
536.91	0.694
537.11	0.690
537.30	0.688
537.50	0.684
537.70	0.685
537.89	0.681
538.09	0.677
538.29	0.673
538.48	0.669
538.68	0.662
538.88	0.660
539.08	0.659
539.27	0.654
539.47	0.650
539.67	0.647
539.86	0.645
540.06	0.642
540.26	0.644
540.45	0.641
540.65	0.638
540.85	0.634
541.04	0.634
541.24	0.632
541.44	0.628
541.63	0.625
541.83	0.623
542.03	0.623
542.22	0.622
542.42	0.621
542.62	0.617
542.81	0.619
543.01	0.615
543.21	0.613
543.40	0.612
543.60	0.609
543.79	0.608
543.99	0.607
544.19	0.603
544.38	0.599
544.58	0.597
544.78	0.597
544.97	0.595
545.17	0.592
545.37	0.592
545.56	0.593
545.76	0.588
545.96	0.584
546.15	0.581
546.35	0.579
546.54	0.574
546.74	0.570
546.94	0.567
547.13	0.567
547.33	0.564
547.53	0.561
547.72	0.563
547.92	0.558
548.11	0.555
548.31	0.553
548.51	0.549
548.70	0.547
548.90	0.541
549.10	0.541
549.29	0.538
549.49	0.532
549.68	0.528
549.88	0.526
550.08	0.525
550.27	0.521
550.47	0.520
550.66	0.516
550.86	0.516
551.06	0.512
551.25	0.510
551.45	0.509
551.64	0.507
551.84	0.504
552.04	0.504
552.23	0.500
552.43	0.496
552.62	0.494
552.82	0.491
553.02	0.489
553.21	0.485
553.41	0.482
553.60	0.483
553.80	0.480
554.00	0.478
554.19	0.476
554.39	0.476
554.58	0.472
554.78	0.471
554.97	0.469
555.17	0.468
555.37	0.464
555.56	0.460
555.76	0.459
555.95	0.457
556.15	0.455
556.34	0.454
556.54	0.453
556.74	0.452
556.93	0.451
557.13	0.450
557.32	0.449
557.52	0.445
557.71	0.442
557.91	0.439
558.10	0.438
558.30	0.435
558.50	0.432
558.69	0.431
558.89	0.429
559.08	0.426
559.28	0.424
559.47	0.421
559.67	0.421
559.86	0.419
560.06	0.414
560.25	0.411
560.45	0.409
560.65	0.407
560.84	0.407
561.04	0.406
561.23	0.403
561.43	0.402
561.62	0.402
561.82	0.397
562.01	0.397
562.21	0.394
562.40	0.391
562.60	0.388
562.79	0.384
562.99	0.382
563.18	0.381
563.38	0.379
563.57	0.378
563.77	0.374
563.96	0.371
564.16	0.370
564.36	0.367
564.55	0.365
564.75	0.363
564.94	0.358
565.14	0.356
565.33	0.353
565.53	0.350
565.72	0.350
565.92	0.349
566.11	0.347
566.31	0.345
566.50	0.344
566.70	0.343
566.89	0.341
567.09	0.340
567.28	0.338
567.48	0.336
567.67	0.333
567.87	0.334
568.06	0.332
568.26	0.331
568.45	0.330
568.64	0.329
568.84	0.328
569.03	0.326
569.23	0.324
569.42	0.323
569.62	0.320
569.81	0.317
570.01	0.316
570.20	0.314
570.40	0.314
570.59	0.313
570.79	0.312
570.98	0.310
571.18	0.308
571.37	0.307
571.57	0.307
571.76	0.306
571.95	0.304
572.15	0.301
572.34	0.299
572.54	0.298
572.73	0.296
572.93	0.294
573.12	0.292
573.32	0.291
573.51	0.291
573.71	0.289
573.90	0.288
574.09	0.286
574.29	0.285
574.48	0.283
574.68	0.281
574.87	0.279
575.07	0.277
575.26	0.277
575.46	0.274
575.65	0.272
575.84	0.270
576.04	0.269
576.23	0.267
576.43	0.266
576.62	0.265
576.82	0.264
577.01	0.263
577.20	0.261
577.40	0.260
577.59	0.257
577.79	0.257
577.98	0.255
578.18	0.253
578.37	0.252
578.56	0.250
578.76	0.248
578.95	0.248
579.15	0.247
579.34	0.245
579.53	0.245
579.73	0.244
579.92	0.244
580.12	0.242
580.31	0.240
580.50	0.240
580.70	0.239
580.89	0.238
581.09	0.237
581.28	0.236
581.47	0.235
581.67	0.235
581.86	0.233
582.06	0.232
582.25	0.233
582.44	0.231
582.64	0.230
582.83	0.229
583.03	0.228
583.22	0.226
583.41	0.225
583.61	0.222
583.80	0.220
583.99	0.219
584.19	0.218
584.38	0.217
584.58	0.214
584.77	0.213
584.96	0.211
585.16	0.211
585.35	0.211
585.54	0.210
585.74	0.208
585.93	0.207
586.13	0.207
586.32	0.204
586.51	0.205
586.71	0.204
586.90	0.204
587.09	0.203
587.29	0.203
587.48	0.203
587.67	0.204
587.87	0.204
588.06	0.203
588.25	0.202
588.45	0.202
588.64	0.202
588.83	0.200
589.03	0.199
589.22	0.198
589.41	0.196
589.61	0.195
589.80	0.195
589.99	0.194
590.19	0.193
590.38	0.192
590.57	0.191
590.77	0.190
590.96	0.190
591.15	0.188
591.35	0.187
591.54	0.186
591.73	0.184
591.93	0.182
592.12	0.182
592.31	0.180
592.51	0.180
592.70	0.180
592.89	0.180
593.09	0.179
593.28	0.178
593.47	0.179
593.67	0.178
593.86	0.177
594.05	0.175
594.25	0.175
594.44	0.174
594.63	0.174
594.82	0.173
595.02	0.172
595.21	0.172
595.40	0.171
595.60	0.170
595.79	0.169
595.98	0.168
596.17	0.167
596.37	0.166
596.56	0.165
596.75	0.164
596.95	0.163
597.14	0.162
597.33	0.161
597.52	0.159
597.72	0.159
597.91	0.158
598.10	0.158
598.30	0.157
598.49	0.157
598.68	0.155
598.87	0.155
599.07	0.155
599.26	0.154
599.45	0.153
599.65	0.152
599.84	0.153
600.03	0.152
600.22	0.151
600.42	0.151
600.61	0.151
600.80	0.150
600.99	0.150
601.19	0.149
601.38	0.148
601.57	0.147
601.76	0.146
601.96	0.145
602.15	0.145
602.34	0.145
602.53	0.144
602.73	0.143
602.92	0.142
603.11	0.141
603.30	0.141
603.50	0.140
603.69	0.140
603.88	0.140
604.07	0.140
604.26	0.139
604.46	0.139
604.65	0.138
604.84	0.137
605.03	0.137
605.23	0.136
605.42	0.136
605.61	0.136
605.80	0.135
606.00	0.136
606.19	0.136
606.38	0.135
606.57	0.135
606.76	0.135
606.96	0.135
607.15	0.133
607.34	0.133
607.53	0.132
607.72	0.131
607.92	0.131
608.11	0.131
608.30	0.131
608.49	0.130
608.68	0.129
608.88	0.129
609.07	0.129
609.26	0.129
609.45	0.129
609.64	0.128
609.84	0.128
610.03	0.127
610.22	0.126
610.41	0.125
610.60	0.124
610.80	0.124
610.99	0.123
611.18	0.123
611.37	0.123
611.56	0.122
611.76	0.121
611.95	0.120
612.14	0.119
612.33	0.118
612.52	0.117
612.71	0.117
612.91	0.115
613.10	0.115
613.29	0.114
613.48	0.113
613.67	0.111
613.86	0.110
614.06	0.110
614.25	0.111
614.44	0.111
614.63	0.110
614.82	0.110
615.01	0.110
615.20	0.110
615.40	0.109
615.59	0.108
615.78	0.109
615.97	0.108
616.16	0.107
616.35	0.107
616.55	0.107
616.74	0.107
616.93	0.106
617.12	0.106
617.31	0.105
617.50	0.106
617.69	0.105
617.88	0.104
618.08	0.103
618.27	0.103
618.46	0.102
618.65	0.101
618.84	0.100
619.03	0.099
619.22	0.098
619.42	0.098
619.61	0.097
619.80	0.096
619.99	0.096
620.18	0.096
620.37	0.095
620.56	0.096
620.75	0.094
620.94	0.094
621.14	0.094
621.33	0.094
621.52	0.093
621.71	0.094
621.90	0.095
622.09	0.094
622.28	0.094
622.47	0.094
622.66	0.094
622.85	0.095
623.05	0.095
623.24	0.095
623.43	0.095
623.62	0.095
623.81	0.095
624.00	0.095
624.19	0.095
624.38	0.094
624.57	0.094
624.76	0.094
624.95	0.094
625.15	0.093
625.34	0.092
625.53	0.092
625.72	0.092
625.91	0.091
626.10	0.092
626.29	0.091
626.48	0.091
626.67	0.090
626.86	0.089
627.05	0.089
627.24	0.088
627.43	0.088
627.62	0.087
627.82	0.087
628.01	0.086
628.20	0.085
628.39	0.086
628.58	0.085
628.77	0.085
628.96	0.086
629.15	0.086
629.34	0.086
629.53	0.086
629.72	0.085
629.91	0.085
630.10	0.084
630.29	0.083
630.48	0.082
630.67	0.083
630.86	0.083
631.05	0.081
631.24	0.081
631.43	0.081
631.62	0.081
631.81	0.080
632.00	0.081
632.20	0.080
632.39	0.079
632.58	0.079
632.77	0.077
632.96	0.076
633.15	0.076
633.34	0.075
633.53	0.074
633.72	0.074
633.91	0.074
634.10	0.074
634.29	0.074
634.48	0.073
634.67	0.073
634.86	0.073
635.05	0.073
635.24	0.073
635.43	0.072
635.62	0.072
635.81	0.072
636.00	0.071
636.19	0.071
636.38	0.071
636.57	0.071
636.76	0.072
636.95	0.072
637.14	0.071
637.33	0.072
637.52	0.071
637.71	0.070
637.90	0.069
638.09	0.069
638.28	0.069
638.47	0.070
638.66	0.069
638.85	0.068
639.04	0.068
639.23	0.068
639.41	0.067
639.60	0.067
639.79	0.067
639.98	0.067
640.17	0.068
640.36	0.068
640.55	0.067
640.74	0.066
640.93	0.067
641.12	0.066
641.31	0.066
641.50	0.066
641.69	0.066
641.88	0.067
642.07	0.067
642.26	0.067
642.45	0.066
642.64	0.066
642.83	0.066
643.02	0.066
643.21	0.066
643.40	0.066
643.59	0.066
643.77	0.066
643.96	0.066
644.15	0.065
644.34	0.064
644.53	0.063
644.72	0.062
644.91	0.062
645.10	0.063
645.29	0.063
645.48	0.063
645.67	0.062
645.86	0.063
646.05	0.062
646.24	0.061
646.42	0.060
646.61	0.061
646.80	0.061
646.99	0.061
647.18	0.060
647.37	0.060
647.56	0.059
647.75	0.058
647.94	0.059
648.13	0.059
648.32	0.059
648.50	0.058
648.69	0.059
648.88	0.058
649.07	0.057
649.26	0.057
649.45	0.056
649.64	0.056
649.83	0.056
650.02	0.057
650.21	0.057
650.39	0.057
650.58	0.056
650.77	0.056
650.96	0.056
651.15	0.057
651.34	0.057
651.53	0.059
651.72	0.058
651.90	0.057
652.09	0.056
652.28	0.056
652.47	0.057
652.66	0.057
652.85	0.058
653.04	0.058
653.23	0.059
653.41	0.058
653.60	0.058
653.79	0.057
653.98	0.057
654.17	0.058
654.36	0.058
654.55	0.059
654.73	0.058
654.92	0.057
655.11	0.058
655.30	0.056
655.49	0.055
655.68	0.055
655.87	0.055
656.05	0.055
656.24	0.055
656.43	0.055
656.62	0.055
656.81	0.053
657.00	0.052
657.18	0.050
657.37	0.049
657.56	0.049
657.75	0.049
657.94	0.048
658.13	0.048
658.31	0.047
658.50	0.048
658.69	0.047
658.88	0.047
659.07	0.047
659.26	0.047
659.44	0.047
659.63	0.046
659.82	0.046
660.01	0.046
660.20	0.045
660.38	0.044
660.57	0.044
660.76	0.044
660.95	0.044
661.14	0.045
661.32	0.044
661.51	0.044
661.70	0.044
661.89	0.043
662.08	0.042
662.26	0.043
662.45	0.042
662.64	0.042
662.83	0.043
663.02	0.042
663.20	0.042
663.39	0.042
663.58	0.042
663.77	0.042
663.96	0.042
664.14	0.042
664.33	0.042
664.52	0.041
664.71	0.042
664.89	0.041
665.08	0.042
665.27	0.041
665.46	0.041
665.64	0.040
665.83	0.040
666.02	0.040
666.21	0.040
666.40	0.040
666.58	0.039
666.77	0.037
666.96	0.036
667.15	0.035
667.33	0.036
667.52	0.036
667.71	0.036
667.90	0.037
668.08	0.037
668.27	0.037
668.46	0.037
668.65	0.038
668.83	0.038
669.02	0.038
669.21	0.038
669.40	0.037
669.58	0.037
669.77	0.038
669.96	0.038
670.14	0.038
670.33	0.038
670.52	0.039
670.71	0.040
670.89	0.039
671.08	0.040
671.27	0.039
671.46	0.040
671.64	0.040
671.83	0.039
672.02	0.039
672.20	0.040
672.39	0.040
672.58	0.040
672.77	0.041
672.95	0.041
673.14	0.043
673.33	0.044
673.51	0.044
673.70	0.044
673.89	0.046
674.08	0.045
674.26	0.044
674.45	0.043
674.64	0.043
674.82	0.044
675.01	0.044
675.20	0.044
675.38	0.043
675.57	0.043
675.76	0.043
675.94	0.042
676.13	0.042
676.32	0.043
676.51	0.043
676.69	0.042
676.88	0.040
677.07	0.039
677.25	0.039
677.44	0.040
677.63	0.039
677.81	0.038
678.00	0.038
678.19	0.039
678.37	0.039
678.56	0.039
678.75	0.038
678.93	0.038
679.12	0.037
679.31	0.036
679.49	0.036
679.68	0.037
679.87	0.037
680.05	0.037
680.24	0.036
680.42	0.035
680.61	0.036
680.80	0.036
680.98	0.036
681.17	0.036
681.36	0.035
681.54	0.034
681.73	0.033
681.92	0.034
682.10	0.033
682.29	0.033
682.48	0.032
682.66	0.033
682.85	0.033
683.03	0.033
683.22	0.034
683.41	0.033
683.59	0.033
683.78	0.033
683.97	0.032
684.15	0.032
684.34	0.032
684.52	0.031
684.71	0.031
684.90	0.030
685.08	0.029
685.27	0.028
685.45	0.028
685.64	0.028
685.83	0.028
686.01	0.029
686.20	0.030
686.39	0.031
686.57	0.030
686.76	0.029
686.94	0.030
687.13	0.030
687.31	0.029
687.50	0.028
687.69	0.029
687.87	0.028
688.06	0.027
688.24	0.027
688.43	0.027
688.62	0.027
688.80	0.026
688.99	0.026
689.17	0.026
689.36	0.027
689.55	0.027
689.73	0.026
689.92	0.024
690.10	0.023
690.29	0.023
690.47	0.023
690.66	0.024
690.84	0.023
691.03	0.022
691.22	0.023
691.40	0.023
691.59	0.023
691.77	0.024
691.96	0.024
692.14	0.025
692.33	0.025
692.52	0.025
692.70	0.025
692.89	0.026
693.07	0.027
693.26	0.026
693.44	0.026
693.63	0.026
693.81	0.026
694.00	0.026
694.18	0.026
694.37	0.026
694.55	0.026
694.74	0.026
694.93	0.026
695.11	0.027
695.30	0.026
695.48	0.026
695.67	0.025
695.85	0.026
696.04	0.026
696.22	0.026
696.41	0.026
696.59	0.027
696.78	0.027
696.96	0.027
697.15	0.028
697.33	0.028
697.52	0.027
697.70	0.028
697.89	0.029
698.07	0.028
698.26	0.027
698.44	0.026
698.63	0.026
698.81	0.027
699.00	0.028
699.18	0.028
699.37	0.029
699.55	0.031
699.74	0.030
699.92	0.030
700.11	0.029
700.29	0.029
700.48	0.028
700.66	0.028
700.85	0.028
701.03	0.028
701.22	0.028
701.40	0.029
701.59	0.028
701.77	0.027
701.96	0.027
702.14	0.029
702.33	0.030
702.51	0.030
702.69	0.028
702.88	0.026
703.06	0.026
703.25	0.025
703.43	0.024
703.62	0.022
703.80	0.023
703.99	0.022
704.17	0.023
704.36	0.023
704.54	0.022
704.73	0.022
704.91	0.022
705.09	0.020
705.28	0.020
705.46	0.020
705.65	0.019
705.83	0.020
706.02	0.018
706.20	0.017
706.38	0.017
706.57	0.017
706.75	0.018
706.94	0.019
707.12	0.019
707.31	0.019
707.49	0.021
707.67	0.020
707.86	0.019
708.04	0.018
708.23	0.018
708.41	0.019
708.60	0.020
708.78	0.019
708.96	0.020
709.15	0.020
709.33	0.020
709.52	0.021
709.70	0.020
709.88	0.021
710.07	0.021
710.25	0.021
710.44	0.020
710.62	0.020
710.80	0.020
710.99	0.020
711.17	0.020
711.36	0.020
711.54	0.021
711.72	0.020
711.91	0.020
712.09	0.021
712.28	0.020
712.46	0.019
712.64	0.019
712.83	0.018
713.01	0.019
713.20	0.019
713.38	0.018
713.56	0.019
713.75	0.019
713.93	0.018
714.11	0.018
714.30	0.018
714.48	0.018
714.66	0.017
714.85	0.015
715.03	0.016
715.22	0.015
715.40	0.014
715.58	0.015
715.77	0.015
715.95	0.013
716.13	0.013
716.32	0.013
716.50	0.012
716.68	0.012
716.87	0.012
717.05	0.013
717.23	0.014
717.42	0.012
717.60	0.013
717.78	0.014
717.97	0.015
718.15	0.016
718.33	0.015
718.52	0.015
718.70	0.016
718.88	0.015
719.07	0.015
719.25	0.016
719.43	0.016
719.62	0.017
719.80	0.019
719.98	0.019
720.17	0.018
720.35	0.019
720.53	0.019
720.72	0.018
720.90	0.017
721.08	0.017
721.27	0.019
721.45	0.018
721.63	0.018
721.81	0.018
722.00	0.017
722.18	0.018
722.36	0.019
722.55	0.018
722.73	0.017
722.91	0.019
723.10	0.019
723.28	0.019
723.46	0.018
723.64	0.019
723.83	0.017
724.01	0.017
724.19	0.018
724.38	0.019
724.56	0.019
724.74	0.020
724.92	0.019
725.11	0.018
725.29	0.019
725.47	0.018
725.66	0.018
725.84	0.017
726.02	0.018
726.20	0.017
726.39	0.016
726.57	0.015
726.75	0.013
726.93	0.012
727.12	0.013
727.30	0.012
727.48	0.012
727.66	0.013
727.85	0.014
728.03	0.012
728.21	0.012
728.39	0.011
728.58	0.011
728.76	0.011
728.94	0.011
729.12	0.010
729.31	0.010
729.49	0.011
729.67	0.011
729.85	0.009
730.04	0.009
730.22	0.010
730.40	0.010
730.58	0.010
730.76	0.010
730.95	0.009
731.13	0.009
731.31	0.008
731.49	0.008
731.68	0.007
731.86	0.007
732.04	0.007
732.22	0.007
732.40	0.007
732.59	0.008
732.77	0.008
732.95	0.008
733.13	0.007
733.31	0.006
733.50	0.006
733.68	0.006
733.86	0.006
734.04	0.006
734.22	0.006
734.41	0.007
734.59	0.006
734.77	0.007
734.95	0.007
735.13	0.008
735.32	0.008
735.50	0.007
735.68	0.008
735.86	0.008
736.04	0.007
736.22	0.006
736.41	0.006
736.59	0.007
736.77	0.006
736.95	0.007
737.13	0.009
737.32	0.008
737.50	0.009
737.68	0.009
737.86	0.010
738.04	0.012
738.22	0.012
738.41	0.012
738.59	0.010
738.77	0.012
738.95	0.011
739.13	0.010
739.31	0.012
739.49	0.012
739.68	0.012
739.86	0.012
740.04	0.013
740.22	0.014
740.40	0.015
740.58	0.014
740.76	0.014
740.95	0.014
741.13	0.014
741.31	0.013
741.49	0.013
741.67	0.012
741.85	0.010
742.03	0.009
742.21	0.010
742.40	0.012
742.58	0.011
742.76	0.010
742.94	0.010
743.12	0.009
743.30	0.007
743.48	0.008
743.66	0.009
743.85	0.008
744.03	0.008
744.21	0.006
744.39	0.007
744.57	0.005
744.75	0.005
744.93	0.006
745.11	0.008
745.29	0.009
745.47	0.009
745.66	0.011
745.84	0.011
746.02	0.012
746.20	0.011
746.38	0.011
746.56	0.012
746.74	0.012
746.92	0.011
747.10	0.012
747.28	0.011
747.46	0.011
747.64	0.010
747.83	0.010
748.01	0.010
748.19	0.009
748.37	0.011
748.55	0.010
748.73	0.009
748.91	0.010
749.09	0.008
749.27	0.006
749.45	0.006
749.63	0.006
749.81	0.003
749.99	0.003
750.17	0.002
750.35	0.001
750.53	0.002
750.72	0.003
750.90	0.002
751.08	0.003
751.26	0.004
751.44	0.005
751.62	0.005
751.80	0.006
751.98	0.005
752.16	0.006
752.34	0.006
752.52	0.007
752.70	0.007
752.88	0.006
753.06	0.006
753.24	0.007
753.42	0.006
753.60	0.008
753.78	0.009
753.96	0.009
754.14	0.010
754.32	0.010
754.50	0.009
754.68	0.009
754.86	0.008
755.04	0.008
755.22	0.008
755.40	0.009
755.58	0.008
755.76	0.008
755.94	0.008
756.12	0.008
756.30	0.007
756.48	0.006
756.66	0.006
756.84	0.007
757.02	0.007
757.20	0.008
757.38	0.008
757.56	0.009
757.74	0.009
757.92	0.008
758.10	0.009
758.28	0.011
758.46	0.011
758.64	0.011
758.82	0.010
759.00	0.010
759.18	0.009
759.36	0.008
759.54	0.010
759.72	0.008
759.90	0.009
760.08	0.008
760.26	0.007
760.44	0.008
760.62	0.008
760.80	0.008
760.98	0.007
761.16	0.006
761.33	0.005
761.51	0.005
761.69	0.006
761.87	0.005
762.05	0.004
762.23	0.004
762.41	0.005
762.59	0.005
762.77	0.005
762.95	0.006
763.13	0.006
763.31	0.005
763.49	0.005
763.67	0.005
763.85	0.006
764.03	0.007
764.21	0.006
764.38	0.006
764.56	0.007
764.74	0.007
764.92	0.008
765.10	0.008
765.28	0.008
765.46	0.008
765.64	0.008
765.82	0.008
766.00	0.008
766.18	0.008
766.35	0.008
766.53	0.007
766.71	0.008
766.89	0.010
767.07	0.010
767.25	0.010
767.43	0.009
767.61	0.008
767.79	0.007
767.97	0.005
768.14	0.006
768.32	0.004
768.50	0.004
768.68	0.005
768.86	0.005
769.04	0.005
769.22	0.006
769.40	0.006
769.58	0.007
769.75	0.006
769.93	0.006
770.11	0.006
770.29	0.005
770.47	0.004
770.65	0.003
770.83	0.003
771.00	0.003
771.18	0.004
771.36	0.003
771.54	0.005
771.72	0.008
771.90	0.007
772.08	0.008
772.25	0.007
772.43	0.006
772.61	0.007
772.79	0.005
772.97	0.005
773.15	0.006
773.33	0.005
773.50	0.005
773.68	0.005
773.86	0.004
774.04	0.005
774.22	0.004
774.40	0.002
774.57	0.002
774.75	0.003
774.93	0.003
775.11	0.004
775.29	0.003
775.46	0.001
775.64	-0.000
775.82	-0.001
776.00	-0.002
776.18	-0.002
776.36	-0.004
776.53	-0.002
776.71	-0.004
776.89	-0.003
777.07	-0.003
777.25	-0.004
777.42	-0.004
777.60	-0.004
777.78	-0.003
777.96	-0.005
778.14	-0.003
778.31	-0.002
778.49	-0.005
778.67	-0.006
778.85	-0.007
779.03	-0.008
779.20	-0.007
779.38	-0.007
779.56	-0.006
779.74	-0.004
779.91	-0.002
780.09	-0.003
780.27	-0.003
780.45	-0.004
780.63	-0.007
780.80	-0.005
780.98	-0.006
781.16	-0.006
781.34	-0.006
781.51	-0.006
781.69	-0.004
781.87	-0.005
782.05	-0.006
782.22	-0.004
782.40	-0.003
782.58	-0.003
782.76	0.000
782.93	0.001
783.11	0.000
783.29	0.001
783.47	0.000
783.64	-0.001
783.82	-0.000
784.00	-0.001
784.18	-0.000
784.35	-0.000
784.53	-0.003
784.71	-0.002
784.89	-0.003
785.06	-0.004
785.24	-0.004
785.42	-0.006
785.60	-0.005
785.77	-0.004
785.95	-0.005
786.13	-0.003
786.30	-0.003
786.48	-0.005
786.66	-0.006
786.84	-0.008
787.01	-0.007
787.19	-0.007
787.37	-0.006
787.54	-0.005
787.72	-0.005
787.90	-0.006
788.07	-0.005
788.25	-0.006
788.43	-0.006
788.61	-0.005
788.78	-0.005
788.96	-0.007
789.14	-0.007
789.31	-0.008
789.49	-0.011
789.67	-0.010
789.84	-0.010
790.02	-0.011
790.20	-0.010
790.37	-0.009
790.55	-0.007
790.73	-0.009
790.90	-0.014
791.08	-0.014
791.26	-0.015
791.43	-0.014
791.61	-0.014
791.79	-0.013
791.96	-0.011
792.14	-0.013
792.32	-0.014
792.49	-0.015
792.67	-0.014
792.85	-0.013
793.02	-0.014
793.20	-0.013
793.38	-0.013
793.55	-0.013
793.73	-0.012
793.91	-0.015
794.08	-0.015
794.26	-0.016
794.44	-0.015
794.61	-0.010
794.79	-0.012
794.97	-0.012
795.14	-0.015
795.32	-0.015
795.49	-0.016
795.67	-0.017
795.85	-0.016
796.02	-0.015
796.20	-0.016
796.38	-0.018
796.55	-0.019
796.73	-0.019
796.90	-0.018
797.08	-0.018
797.26	-0.018
797.43	-0.019
797.61	-0.016
797.78	-0.017
797.96	-0.017
798.14	-0.021
798.31	-0.022
798.49	-0.020
798.66	-0.019
798.84	-0.018
799.02	-0.020
799.19	-0.016
799.37	-0.017
799.54	-0.016
799.72	-0.018
799.90	-0.017
800.07	-0.015
800.25	-0.012
800.42	-0.014
800.60	-0.013
800.78	-0.012
800.95	-0.012
801.13	-0.014
801.30	-0.017
801.48	-0.015
801.65	-0.015
801.83	-0.012
802.01	-0.011
802.18	-0.012
802.36	-0.011
802.53	-0.010
802.71	-0.009
802.88	-0.013
803.06	-0.009
803.23	-0.011
803.41	-0.008
803.59	-0.007
803.76	-0.007
803.94	-0.005
804.11	-0.005
804.29	-0.005
804.46	-0.009
804.64	-0.010
804.81	-0.010
804.99	-0.007
805.16	-0.009
805.34	-0.011
805.52	-0.010
805.69	-0.009
805.87	-0.010
806.04	-0.012
806.22	-0.012
806.39	-0.011
806.57	-0.011
806.74	-0.014
806.92	-0.013
807.09	-0.013
807.27	-0.014
807.44	-0.014
807.62	-0.019
807.79	-0.017
807.97	-0.019
808.14	-0.018
808.32	-0.021
808.49	-0.021
808.67	-0.022
808.84	-0.024
809.02	-0.022
809.19	-0.023
809.37	-0.024
809.54	-0.021
809.72	-0.022
809.89	-0.022
810.07	-0.027
810.24	-0.027
810.42	-0.029
810.59	-0.035
810.77	-0.039
810.94	-0.040
811.12	-0.042
811.29	-0.036
811.47	-0.036
811.64	-0.038
811.82	-0.036
811.99	-0.030
812.16	-0.032
812.34	-0.032
812.51	-0.032
812.69	-0.031
812.86	-0.031
813.04	-0.033
813.21	-0.036
813.39	-0.036
813.56	-0.036
813.74	-0.034
813.91	-0.031
814.08	-0.029
814.26	-0.026
814.43	-0.021
814.61	-0.021
814.78	-0.020
814.96	-0.027
815.13	-0.028
815.31	-0.027
815.48	-0.030
815.65	-0.031
815.83	-0.029
816.00	-0.030
816.18	-0.029
816.35	-0.034
816.53	-0.035
816.70	-0.033
816.87	-0.035
817.05	-0.033
817.22	-0.034
817.40	-0.033
817.57	-0.036
817.74	-0.037
817.92	-0.037
818.09	-0.041
818.27	-0.036
818.44	-0.035
818.62	-0.033
818.79	-0.030
818.96	-0.029
819.14	-0.031
819.31	-0.033
819.49	-0.032
819.66	-0.035
819.83	-0.035
820.01	-0.031
820.18	-0.030
820.35	-0.028
820.53	-0.027
820.70	-0.027
820.88	-0.026
821.05	-0.028
821.22	-0.028
821.40	-0.029
821.57	-0.024
821.74	-0.021
821.92	-0.027
822.09	-0.033
822.27	-0.033
822.44	-0.035
822.61	-0.034
822.79	-0.035
822.96	-0.037
823.13	-0.037
823.31	-0.031
823.48	-0.029
823.65	-0.028
823.83	-0.031
824.00	-0.033
824.17	-0.029
824.35	-0.030
824.52	-0.029
824.69	-0.031
824.87	-0.030
825.04	-0.027
825.22	-0.034
825.39	-0.036
825.56	-0.034
825.74	-0.031
825.91	-0.029
826.08	-0.027
826.25	-0.034
826.43	-0.031
826.60	-0.028
826.77	-0.031
826.95	-0.035
827.12	-0.039
827.29	-0.040
827.47	-0.037
827.64	-0.034
827.81	-0.034
827.99	-0.036
828.16	-0.036
828.33	-0.033
828.51	-0.034
828.68	-0.041
828.85	-0.039
829.02	-0.039
829.20	-0.034
829.37	-0.031
829.54	-0.031
829.72	-0.033
829.89	-0.027
830.06	-0.027
830.23	-0.030
830.41	-0.026
830.58	-0.024
830.75	-0.022
830.93	-0.028
831.10	-0.028
831.27	-0.032
831.44	-0.033
831.62	-0.032
831.79	-0.035
831.96	-0.034
832.13	-0.034
832.31	-0.029
832.48	-0.028
832.65	-0.028
832.83	-0.029
833.00	-0.033
833.17	-0.034
833.34	-0.040
833.52	-0.043
833.69	-0.044
833.86	-0.042
834.03	-0.045
834.21	-0.043
834.38	-0.046
834.55	-0.039
834.72	-0.044
834.89	-0.042
835.07	-0.043
835.24	-0.043
835.41	-0.042
835.58	-0.045
835.76	-0.046
835.93	-0.043
836.10	-0.043
836.27	-0.041
836.45	-0.049
836.62	-0.052
836.79	-0.053
836.96	-0.051
837.13	-0.046
837.31	-0.045
837.48	-0.049
837.65	-0.048
837.82	-0.050
837.99	-0.046
838.17	-0.047
838.34	-0.043
838.51	-0.043
838.68	-0.045
838.85	-0.043
839.03	-0.045
839.20	-0.040
839.37	-0.038
839.54	-0.040
839.71	-0.041
839.89	-0.040
840.06	-0.032
840.23	-0.030
840.40	-0.028
840.57	-0.026
840.74	-0.032
840.92	-0.033
841.09	-0.030
841.26	-0.031
841.43	-0.037
841.60	-0.040
841.78	-0.039
841.95	-0.039
842.12	-0.039
842.29	-0.040
842.46	-0.042
842.63	-0.042
842.80	-0.048
842.98	-0.046
843.15	-0.047
843.32	-0.045
843.49	-0.050
843.66	-0.054
843.83	-0.053
844.00	-0.056
844.18	-0.057
844.35	-0.057
844.52	-0.051
844.69	-0.051
844.86	-0.054
845.03	-0.053
845.20	-0.052
845.38	-0.052
845.55	-0.055
845.72	-0.055
845.89	-0.059
846.06	-0.062
846.23	-0.062
846.40	-0.066
846.57	-0.073
846.75	-0.080
846.92	-0.078
847.09	-0.074
847.26	-0.071
847.43	-0.072
847.60	-0.072
847.77	-0.065
847.94	-0.063
848.11	-0.063
848.28	-0.065
848.46	-0.064
848.63	-0.066
848.80	-0.064
848.97	-0.065
849.14	-0.067
849.31	-0.070
849.48	-0.066
849.65	-0.064
849.82	-0.059
849.99	-0.056
850.16	-0.053
850.33	-0.052
850.51	-0.056
850.68	-0.055
850.85	-0.055
851.02	-0.056
851.19	-0.054
851.36	-0.056
851.53	-0.058
851.70	-0.063
851.87	-0.060
852.04	-0.056
852.21	-0.053
852.38	-0.060
852.55	-0.060
852.72	-0.056
852.89	-0.053
853.06	-0.046
853.24	-0.046
853.41	-0.044
853.58	-0.044
853.75	-0.042
853.92	-0.041
854.09	-0.040
854.26	-0.045
854.43	-0.049
854.60	-0.050
854.77	-0.051
854.94	-0.051
855.11	-0.052
855.28	-0.051
855.45	-0.050
855.62	-0.050
855.79	-0.049
855.96	-0.045
856.13	-0.046
856.30	-0.051
856.47	-0.056
856.64	-0.063
856.81	-0.063
856.98	-0.066
857.15	-0.069
857.32	-0.069
857.49	-0.072
857.66	-0.074
857.83	-0.075
858.00	-0.075
858.17	-0.071
858.34	-0.073
858.51	-0.074
858.68	-0.067
858.85	-0.073
859.02	-0.070
859.19	-0.074
859.36	-0.070
859.53	-0.070
859.70	-0.067
859.87	-0.060
860.04	-0.057
860.21	-0.062
860.38	-0.062
860.55	-0.060
860.72	-0.058
860.89	-0.058
861.06	-0.057
861.23	-0.056
861.40	-0.048
861.56	-0.050
861.73	-0.054
861.90	-0.051
862.07	-0.050
862.24	-0.060
862.41	-0.050
862.58	-0.059
862.75	-0.052
862.92	-0.052
863.09	-0.053
863.26	-0.057
863.43	-0.062
863.60	-0.064
863.77	-0.055
863.94	-0.057
864.11	-0.060
864.28	-0.060
864.44	-0.066
864.61	-0.062
864.78	-0.064
864.95	-0.069
865.12	-0.073
865.29	-0.070
865.46	-0.071
865.63	-0.077
865.80	-0.069
865.97	-0.078
866.14	-0.079
866.31	-0.087
866.47	-0.095
866.64	-0.092
866.81	-0.093
866.98	-0.093
867.15	-0.093
867.32	-0.101
867.49	-0.100
867.66	-0.099
867.83	-0.102
867.99	-0.098
868.16	-0.097
868.33	-0.093
868.50	-0.091
868.67	-0.086
868.84	-0.082
869.01	-0.079
869.18	-0.076
869.35	-0.084
869.51	-0.086
869.68	-0.081
869.85	-0.079
870.02	-0.078
870.19	-0.084
870.36	-0.082
870.53	-0.073
870.69	-0.069
870.86	-0.072
871.03	-0.070
871.20	-0.070
871.37	-0.068
871.54	-0.067
871.71	-0.073
871.87	-0.074
872.04	-0.084
872.21	-0.082
872.38	-0.088
872.55	-0.092
872.72	-0.100
872.88	-0.097
873.05	-0.093
873.22	-0.099
873.39	-0.109
873.56	-0.114
873.73	-0.117
873.89	-0.114
874.06	-0.117
874.23	-0.122
874.40	-0.114
874.57	-0.125
874.73	-0.127
874.90	-0.127
875.07	-0.133
875.24	-0.127
875.41	-0.127
875.57	-0.123
875.74	-0.130
875.91	-0.131
876.08	-0.133
876.25	-0.129
876.41	-0.128
876.58	-0.131
876.75	-0.119
876.92	-0.101
877.09	-0.091
877.25	-0.084
877.42	-0.085
877.59	-0.099
877.76	-0.099
877.93	-0.106
878.09	-0.102
878.26	-0.096
878.43	-0.101
878.60	-0.097
878.76	-0.099
878.93	-0.104
879.10	-0.114
879.27	-0.115
879.43	-0.120
879.60	-0.121
879.77	-0.114
879.94	-0.128
880.10	-0.129
880.27	-0.137
880.44	-0.139
880.61	-0.142
880.77	-0.152
880.94	-0.154
881.11	-0.153
881.28	-0.162
881.44	-0.158
881.61	-0.167
881.78	-0.176
881.95	-0.170
882.11	-0.175
882.28	-0.173
882.45	-0.165
882.62	-0.153
882.78	-0.148
882.95	-0.143
883.12	-0.133
883.28	-0.143
883.45	-0.133
883.62	-0.123
883.79	-0.118
883.95	-0.122
884.12	-0.136
884.29	-0.130
884.45	-0.127
884.62	-0.136
884.79	-0.124
884.96	-0.118
885.12	-0.103
885.29	-0.022
885.46	-0.023
885.62	-0.054
885.79	-0.386
885.96	-0.184
886.12	0.033
886.29	-0.310
886.46	-0.036
886.62	-0.069
886.79	-0.002
