178.99	-88.571
179.20	-88.571
179.42	-88.571
179.63	126.016
179.84	-666.667
180.06	4.545
180.27	45.098
180.49	206.494
180.70	80.263
180.92	-1916.667
181.13	275.000
181.35	705.319
181.56	-1432.075
181.77	-1609.615
181.99	43200.000
182.20	884.167
182.42	1520.513
182.63	-1426.316
182.85	-1512.987
183.06	-857.143
183.28	2103.448
183.49	752.551
183.70	633.074
183.92	546.416
184.13	385.714
184.35	315.114
184.56	345.182
184.78	437.117
184.99	528.966
185.21	420.339
185.42	459.000
185.63	1437.634
185.85	787.500
186.06	495.395
186.28	700.463
186.49	-2026.984
186.71	-377.524
186.92	-392.171
187.13	-972.222
187.35	-1746.053
187.56	-712.281
187.78	-470.992
187.99	-300.276
188.21	-195.010
188.42	-188.847
188.63	-134.056
188.85	-109.498
189.06	-138.608
189.28	-229.598
189.49	-235.402
189.71	-170.000
189.92	-254.741
190.13	-217.172
190.35	-231.707
190.56	-247.276
190.78	-268.930
190.99	-366.327
191.20	-498.168
191.42	-584.483
191.63	-720.773
191.85	-680.804
192.06	-2107.792
192.28	-999.379
192.49	-7504.167
192.70	25071.429
192.92	-8740.000
193.13	1568.000
193.35	2435.065
193.56	1783.654
193.77	2031.034
193.99	-881.026
194.20	-3270.909
194.42	7364.000
194.63	679.605
194.84	591.837
195.06	451.778
195.27	398.232
195.49	403.433
195.70	761.660
195.91	1269.333
196.13	2903.175
196.34	14392.308
196.56	-2282.051
196.77	-19388.889
196.98	-1160.800
197.20	-2376.667
197.41	-23716.667
197.63	4257.576
197.84	2130.000
198.05	1131.655
198.27	1583.495
198.48	454.960
198.70	412.129
198.91	565.625
199.12	1040.146
199.34	63350.000
199.55	-1098.039
199.76	-595.135
199.98	-950.000
200.19	727.976
200.41	680.423
200.62	3170.588
200.83	4495.455
201.05	1001.667
201.26	1773.239
201.48	868.452
201.69	1188.722
201.90	601.465
202.12	644.186
202.33	552.365
202.54	513.761
202.76	946.452
202.97	1516.092
203.19	2155.932
203.40	1514.286
203.61	-3347.222
203.83	1946.875
204.04	-2407.407
204.25	-1885.714
204.47	-804.698
204.68	-756.849
204.89	1710.169
205.11	299.536
205.32	212.054
205.54	245.378
205.75	242.327
205.96	267.610
206.18	178.711
206.39	167.284
206.60	123.077
206.82	94.371
207.03	58.388
207.24	64.480
207.46	78.324
207.67	102.075
207.89	96.267
208.10	112.537
208.31	109.750
208.53	86.900
208.74	83.077
208.95	89.293
209.17	109.399
209.38	130.799
209.59	149.112
209.81	184.848
210.02	184.194
210.23	164.774
210.45	153.963
210.66	166.981
210.87	213.996
211.09	449.321
211.30	953.982
211.51	1424.359
211.73	14225.000
211.94	-2306.122
212.15	8308.333
212.37	738.217
212.58	593.939
212.79	1404.938
213.01	750.802
213.22	1062.016
213.43	1142.202
213.65	834.177
213.86	885.897
214.07	-14644.444
214.29	-1904.688
214.50	-2374.000
214.71	-7805.882
214.93	1900.000
215.14	4700.000
215.35	-1016.031
215.57	-1215.842
215.78	-1081.301
215.99	-3004.348
216.21	1531.915
216.42	1169.725
216.63	934.014
216.85	24260.000
217.06	701.124
217.27	896.094
217.49	1541.935
217.70	2489.189
217.91	1345.679
218.13	-838.532
218.34	-554.286
218.55	-482.609
218.77	-4758.824
218.98	-1561.667
219.19	-1987.179
219.40	-665.926
219.62	10100.000
219.83	445.205
220.04	388.997
220.26	255.012
220.47	255.439
220.68	373.664
220.90	331.522
221.11	374.205
221.32	330.838
221.54	582.184
221.75	494.397
221.96	394.969
222.17	467.286
222.39	454.941
222.60	433.688
222.81	502.473
223.03	458.361
223.24	494.208
223.45	326.302
223.67	274.090
223.88	278.104
224.09	292.760
224.30	282.738
224.52	256.313
224.73	335.537
224.94	458.264
225.16	459.935
225.37	427.826
225.58	368.689
225.79	375.728
226.01	354.382
226.22	415.581
226.43	292.079
226.65	225.287
226.86	273.039
227.07	235.205
227.28	215.239
227.50	194.514
227.71	208.136
227.92	249.699
228.14	295.975
228.35	282.366
228.56	383.766
228.77	712.857
228.99	464.840
229.20	460.079
229.41	443.130
229.62	453.363
229.84	388.793
230.05	600.602
230.26	553.672
230.48	673.134
230.69	425.000
230.90	444.017
231.11	577.907
231.33	1188.158
231.54	939.785
231.75	1078.218
231.96	21020.000
232.18	1242.708
232.39	560.386
232.60	-1491.667
232.81	-12488.889
233.03	1842.187
233.24	1344.860
233.45	-7020.000
233.66	4496.667
233.88	-1495.556
234.09	-7027.778
234.30	-1401.087
234.51	-1049.558
234.73	-474.576
234.94	-504.681
235.15	-380.882
235.36	-192.144
235.58	-168.815
235.79	-225.325
236.00	-217.681
236.21	-182.801
236.43	-213.906
236.64	-189.967
236.85	-197.059
237.06	-241.884
237.28	-216.418
237.49	-224.453
237.70	-135.681
237.91	-137.947
238.13	-117.585
238.34	-100.906
238.55	-96.729
238.76	-96.882
238.98	-93.107
239.19	-109.774
239.40	-111.609
239.61	-127.090
239.83	-147.297
240.04	-271.746
240.25	-204.651
240.46	-147.416
240.67	-179.373
240.89	-213.239
241.10	-2607.692
241.31	365.608
241.52	393.651
241.74	355.505
241.95	413.500
242.16	254.723
242.37	219.098
242.58	177.419
242.80	142.265
243.01	133.865
243.22	132.318
243.43	105.145
243.65	108.609
243.86	106.048
244.07	146.104
244.28	141.575
244.49	230.710
244.71	173.487
244.92	156.217
245.13	158.267
245.34	164.243
245.55	217.838
245.77	348.378
245.98	289.159
246.19	348.267
246.40	387.119
246.62	316.268
246.83	386.567
247.04	255.580
247.25	279.680
247.46	478.017
247.68	322.933
247.89	1807.812
248.10	6437.500
248.31	-650.758
248.52	-3444.000
248.74	2125.926
248.95	371.698
249.16	439.068
249.37	520.179
249.58	621.687
249.79	369.792
250.01	614.650
250.22	534.078
250.43	6941.667
250.64	367.547
250.85	322.500
251.07	408.874
251.28	299.505
251.49	588.889
251.70	647.093
251.91	375.410
252.13	789.516
252.34	354.035
252.55	284.184
252.76	215.157
252.97	164.043
253.18	137.413
253.40	139.066
253.61	121.090
253.82	105.447
254.03	103.856
254.24	132.060
254.46	114.916
254.67	121.484
254.88	114.225
255.09	135.381
255.30	128.261
255.51	112.487
255.73	130.735
255.94	129.291
256.15	126.500
256.36	119.632
256.57	121.238
256.78	111.535
257.00	124.397
257.21	152.609
257.42	190.079
257.63	294.299
257.84	517.195
258.05	3400.000
258.26	-2685.714
258.48	-1022.901
258.69	964.189
258.90	616.596
259.11	751.765
259.32	1397.701
259.53	-7792.857
259.75	-1110.101
259.96	-980.556
260.17	11488.889
260.38	-385.000
260.59	-193.956
260.80	-212.228
261.01	-125.902
261.23	-142.500
261.44	-117.248
261.65	-86.306
261.86	-122.122
262.07	-300.000
262.28	-147.015
262.49	-256.338
262.71	-193.629
262.92	-230.693
263.13	-166.337
263.34	-147.000
263.55	-170.833
263.76	-148.312
263.97	-205.983
264.19	-220.354
264.40	-230.319
264.61	-135.778
264.82	-253.936
265.03	-256.869
265.24	-298.299
265.45	-538.202
265.66	-630.303
265.88	5535.294
266.09	-1106.173
266.30	4331.818
266.51	-4425.000
266.72	319.828
266.93	384.825
267.14	376.829
267.35	339.683
267.57	261.905
267.78	177.305
267.99	173.575
268.20	191.451
268.41	172.266
268.62	151.367
268.83	154.455
269.04	165.394
269.25	153.604
269.47	205.492
269.68	186.466
269.89	234.050
270.10	320.661
270.31	1690.909
270.52	2164.516
270.73	-776.623
270.94	-4268.750
271.15	-223.387
271.37	-141.026
271.58	-229.245
271.79	-237.603
272.00	-198.901
272.21	-414.793
272.42	-221.053
272.63	-161.800
272.84	-146.667
273.05	-243.077
273.26	-516.026
273.48	-1853.333
273.69	-176.986
273.90	-158.712
274.11	-98.565
274.32	-231.636
274.53	-586.441
274.74	823.711
274.95	444.279
275.16	342.345
275.37	209.874
275.58	226.087
275.80	201.182
276.01	179.394
276.22	232.540
276.43	265.422
276.64	357.971
276.85	259.382
277.06	200.000
277.27	227.332
277.48	241.032
277.69	372.444
277.90	445.304
278.11	296.491
278.32	293.830
278.54	223.980
278.75	275.059
278.96	365.232
279.17	601.220
279.38	420.588
279.59	829.897
279.80	-1674.545
280.01	1041.463
280.22	713.235
280.43	-1426.667
280.64	728.182
280.85	769.643
281.06	513.757
281.27	1089.024
281.48	-1577.358
281.70	1101.124
281.91	764.925
282.12	422.581
282.33	369.003
282.54	518.110
282.75	885.987
282.96	1802.778
283.17	875.000
283.38	2275.758
283.59	-9613.333
283.80	-3157.143
284.01	-3850.000
284.22	-1636.170
284.43	-733.188
284.64	-942.353
284.85	-11764.286
285.06	-1208.451
285.27	-457.003
285.48	-193.888
285.70	-247.791
285.91	-309.756
286.12	-263.380
286.33	-198.291
286.54	-188.022
286.75	-190.690
286.96	-324.484
287.17	-596.316
287.38	-461.382
287.59	-435.271
287.80	-434.667
288.01	-697.546
288.22	-443.000
288.43	-1666.667
288.64	-801.042
288.85	-814.286
289.06	-225.833
289.27	-453.623
289.48	360.556
289.69	188.248
289.90	168.367
290.11	142.563
290.32	137.365
290.53	140.741
290.74	141.675
290.95	156.877
291.16	161.622
291.37	192.766
291.58	218.978
291.79	227.607
292.00	237.954
292.21	213.184
292.42	178.875
292.63	175.844
292.84	173.742
293.05	182.359
293.26	179.512
293.47	172.706
293.68	228.549
293.89	329.829
294.10	368.103
294.31	432.000
294.52	783.333
294.73	1191.139
294.95	983.333
295.16	1042.105
295.37	-7825.000
295.58	940.909
295.79	-496.667
295.99	-100.000
296.20	8.772
296.41	53.846
296.62	75.000
296.83	65.471
297.04	71.831
297.25	67.756
297.46	72.837
297.67	87.581
297.88	95.902
298.09	82.849
298.30	85.753
298.51	87.539
298.72	81.749
298.93	104.176
299.14	110.933
299.35	117.237
299.56	133.760
299.77	148.939
299.98	143.855
300.19	117.378
300.40	119.819
300.61	138.211
300.82	160.719
301.03	170.262
301.24	162.442
301.45	182.439
301.66	202.560
301.87	199.569
302.08	240.862
302.29	250.932
302.50	329.268
302.71	430.279
302.92	357.929
303.13	247.858
303.34	217.667
303.55	165.762
303.76	182.683
303.97	175.113
304.18	197.980
304.39	228.501
304.60	337.694
304.81	305.556
305.02	404.605
305.22	377.233
305.43	278.133
305.64	409.309
305.85	342.513
306.06	448.387
306.27	429.004
306.48	263.408
306.69	321.014
306.90	281.794
307.11	378.138
307.32	373.303
307.53	402.235
307.74	621.905
307.95	561.345
308.16	473.418
308.37	524.309
308.58	320.520
308.79	324.038
309.00	320.064
309.21	284.416
309.41	331.379
309.62	220.054
309.83	654.762
310.04	266.418
310.25	298.565
310.46	255.319
310.67	247.863
310.88	340.784
311.09	312.903
311.30	374.296
311.51	288.378
311.72	343.889
311.93	415.409
312.14	316.887
312.34	525.221
312.55	450.877
312.76	555.026
312.97	1541.818
313.18	543.836
313.39	254.110
313.60	243.860
313.81	417.647
314.02	696.552
314.23	374.874
314.44	701.786
314.65	-1018.182
314.86	-247.826
315.06	-177.163
315.27	-170.979
315.48	-112.458
315.69	-24.319
315.90	-31.500
316.11	-0.932
316.32	-35.864
316.53	-120.436
316.74	-167.857
316.95	-216.938
317.16	-320.874
317.36	-277.869
317.57	-288.889
317.78	-548.507
317.99	-642.187
318.20	841.818
318.41	628.276
318.62	1347.692
318.83	-2993.333
319.04	386.508
319.24	354.815
319.45	384.470
319.66	321.118
319.87	482.857
320.08	269.528
320.29	385.859
320.50	332.620
320.71	249.663
320.92	213.082
321.12	242.356
321.33	232.344
321.54	326.336
321.75	219.240
321.96	261.186
322.17	587.075
322.38	571.508
322.59	580.000
322.80	4877.778
323.00	699.359
323.21	574.419
323.42	-2570.270
323.63	-1924.444
323.84	-883.838
324.05	-517.881
324.26	-9570.000
324.47	-979.208
324.67	1537.838
324.88	-689.881
325.09	-362.644
325.30	-228.827
325.51	-164.952
325.72	-229.310
325.93	-335.694
326.13	-215.702
326.34	-171.404
326.55	-257.320
326.76	-209.264
326.97	-140.545
327.18	-119.788
327.39	-134.267
327.59	-125.647
327.80	-124.717
328.01	-179.899
328.22	-250.362
328.43	-310.288
328.64	-122.798
328.85	-148.561
329.05	-142.492
329.26	-489.815
329.47	3357.143
329.68	290.576
329.89	149.114
330.10	150.224
330.30	105.955
330.51	104.980
330.72	105.631
330.93	148.466
331.14	198.175
331.35	191.688
331.56	150.222
331.76	194.942
331.97	173.503
332.18	174.572
332.39	168.314
332.60	161.955
332.81	173.467
333.01	151.175
333.22	148.631
333.43	124.930
333.64	137.055
333.85	149.430
334.05	164.452
334.26	163.742
334.47	201.457
334.68	234.745
334.89	250.531
335.10	182.238
335.30	154.977
335.51	129.594
335.72	113.056
335.93	114.397
336.14	106.744
336.35	99.672
336.55	79.072
336.76	85.993
336.97	89.222
337.18	78.571
337.39	76.480
337.59	101.006
337.80	123.176
338.01	84.460
338.22	78.473
338.43	80.224
338.63	82.680
338.84	72.998
339.05	42.289
339.26	33.987
339.47	20.233
339.67	61.062
339.88	81.975
340.09	56.404
340.30	41.247
340.51	36.104
340.71	47.948
340.92	62.222
341.13	59.104
341.34	54.679
341.55	54.743
341.75	62.348
341.96	57.776
342.17	53.351
342.38	51.167
342.58	45.148
342.79	36.162
343.00	41.218
343.21	39.100
343.42	45.870
343.62	48.794
343.83	54.913
344.04	40.655
344.25	55.278
344.46	77.360
344.66	91.108
344.87	92.338
345.08	97.748
345.29	91.625
345.49	95.814
345.70	99.038
345.91	105.613
346.12	105.471
346.32	107.149
346.53	96.686
346.74	97.285
346.95	104.857
347.16	105.126
347.36	90.290
347.57	80.240
347.78	84.054
347.99	81.382
348.19	95.578
348.40	86.739
348.61	80.903
348.82	68.077
349.02	60.800
349.23	58.899
349.44	57.390
349.65	60.063
349.85	65.870
350.06	59.539
350.27	53.415
350.48	62.145
350.68	55.489
350.89	68.452
351.10	77.544
351.31	68.757
351.51	80.950
351.72	80.416
351.93	84.933
352.14	86.318
352.34	93.633
352.55	82.473
352.76	88.199
352.96	91.553
353.17	92.276
353.38	95.738
353.59	86.823
353.79	85.564
354.00	80.962
354.21	72.220
354.42	72.713
354.62	72.643
354.83	73.286
355.04	68.297
355.24	67.188
355.45	65.173
355.66	69.294
355.87	64.184
356.07	61.075
356.28	57.058
356.49	57.511
356.70	49.541
356.90	55.059
357.11	55.956
357.32	53.899
357.52	58.348
357.73	58.041
357.94	54.810
358.15	51.406
358.35	45.058
358.56	50.665
358.77	54.393
358.97	53.043
359.18	48.018
359.39	52.591
359.59	51.710
359.80	47.989
360.01	44.593
360.22	48.293
360.42	51.480
360.63	50.765
360.84	45.839
361.04	52.594
361.25	46.183
361.46	44.467
361.66	41.399
361.87	40.401
362.08	37.287
362.29	38.469
362.49	40.095
362.70	43.679
362.91	40.593
363.11	38.583
363.32	35.597
363.53	34.677
363.73	36.772
363.94	36.271
364.15	39.348
364.35	37.636
364.56	37.742
364.77	39.152
364.97	40.399
365.18	39.279
365.39	37.285
365.59	37.700
365.80	36.690
366.01	36.202
366.21	36.648
366.42	39.448
366.63	42.105
366.83	40.224
367.04	42.082
367.25	42.935
367.45	39.372
367.66	38.111
367.87	39.850
368.07	37.787
368.28	36.790
368.49	37.235
368.69	37.400
368.90	32.382
369.11	33.205
369.31	30.423
369.52	31.327
369.73	30.334
369.93	28.751
370.14	27.487
370.35	28.588
370.55	29.992
370.76	28.691
370.97	26.587
371.17	28.777
371.38	26.418
371.58	24.845
371.79	29.548
372.00	30.950
372.20	29.343
372.41	29.477
372.62	29.186
372.82	28.108
373.03	28.624
373.24	28.617
373.44	27.646
373.65	28.880
373.85	29.102
374.06	28.507
374.27	30.747
374.47	31.467
374.68	30.674
374.89	29.947
375.09	31.072
375.30	32.450
375.51	31.261
375.71	32.182
375.92	30.961
376.12	28.945
376.33	28.313
376.54	30.385
376.74	30.007
376.95	29.695
377.15	30.337
377.36	30.150
377.57	31.319
377.77	30.311
377.98	32.902
378.19	33.727
378.39	35.234
378.60	34.906
378.80	34.765
379.01	35.224
379.22	34.779
379.42	36.026
379.63	36.840
379.83	35.757
380.04	36.019
380.25	38.130
380.45	36.872
380.66	37.302
380.86	36.076
381.07	36.812
381.28	37.002
381.48	36.273
381.69	34.647
381.89	35.226
382.10	35.261
382.31	33.010
382.51	33.084
382.72	32.085
382.92	31.535
383.13	32.515
383.33	32.415
383.54	32.325
383.75	30.998
383.95	28.912
384.16	30.158
384.36	28.861
384.57	28.827
384.78	30.495
384.98	30.948
385.19	30.762
385.39	30.982
385.60	30.588
385.80	30.764
386.01	31.902
386.22	32.103
386.42	32.163
386.63	32.603
386.83	32.093
387.04	32.560
387.24	33.621
387.45	33.342
387.65	34.298
387.86	34.965
388.07	34.291
388.27	34.806
388.48	35.023
388.68	36.374
388.89	36.283
389.09	35.695
389.30	34.188
389.50	33.416
389.71	33.865
389.92	34.156
390.12	32.656
390.33	32.485
390.53	32.463
390.74	31.596
390.94	31.309
391.15	31.210
391.35	31.425
391.56	30.530
391.77	30.928
391.97	29.571
392.18	29.569
392.38	29.911
392.59	30.339
392.79	29.414
393.00	29.157
393.20	28.083
393.41	28.890
393.61	30.240
393.82	30.917
394.02	29.749
394.23	29.995
394.43	30.420
394.64	31.346
394.84	30.742
395.05	31.523
395.26	32.214
395.46	31.757
395.67	31.397
395.87	31.511
396.08	31.093
396.28	31.987
396.49	31.019
396.69	31.051
396.90	31.040
397.10	31.379
397.31	30.438
397.51	31.329
397.72	31.101
397.92	30.983
398.13	31.137
398.33	31.210
398.54	30.363
398.74	30.480
398.95	31.320
399.15	31.930
399.36	31.546
399.56	30.283
399.77	30.783
399.97	30.825
400.18	31.013
400.38	31.529
400.59	31.402
400.79	31.496
401.00	31.264
401.20	30.980
401.41	30.752
401.61	31.695
401.82	30.775
402.02	30.369
402.23	30.661
402.43	29.641
402.64	29.003
402.84	29.615
403.05	29.975
403.25	28.915
403.46	28.860
403.66	29.416
403.87	30.691
404.07	30.390
404.27	30.063
404.48	28.955
404.68	27.984
404.89	27.641
405.09	25.900
405.30	27.037
405.50	27.813
405.71	27.785
405.91	28.008
406.12	27.801
406.32	28.069
406.53	28.393
406.73	28.707
406.94	30.076
407.14	30.155
407.34	30.919
407.55	31.408
407.75	31.243
407.96	31.205
408.16	31.099
408.37	30.421
408.57	30.414
408.78	31.446
408.98	31.766
409.19	31.034
409.39	32.828
409.59	32.158
409.80	31.812
410.00	31.946
410.21	31.606
410.41	32.460
410.62	31.926
410.82	31.272
411.03	31.615
411.23	30.559
411.43	30.992
411.64	29.934
411.84	29.374
412.05	29.846
412.25	30.202
412.46	30.268
412.66	30.483
412.86	30.832
413.07	30.393
413.27	31.347
413.48	30.815
413.68	30.826
413.89	31.159
414.09	30.361
414.29	30.862
414.50	30.985
414.70	30.671
414.91	30.865
415.11	30.139
415.32	30.527
415.52	30.869
415.72	30.471
415.93	30.805
416.13	30.991
416.34	30.225
416.54	30.243
416.74	30.303
416.95	30.645
417.15	30.566
417.36	30.432
417.56	29.390
417.76	31.197
417.97	30.589
418.17	29.762
418.38	29.609
418.58	29.879
418.78	29.817
418.99	29.794
419.19	29.585
419.40	30.693
419.60	30.591
419.80	31.106
420.01	31.610
420.21	30.952
420.42	31.469
420.62	31.584
420.82	31.311
421.03	31.040
421.23	31.054
421.44	31.289
421.64	31.536
421.84	31.782
422.05	30.739
422.25	31.448
422.45	32.065
422.66	32.931
422.86	32.223
423.07	32.316
423.27	33.022
423.47	32.850
423.68	32.450
423.88	32.196
424.08	31.887
424.29	31.645
424.49	31.783
424.70	31.516
424.90	31.574
425.10	31.980
425.31	32.406
425.51	32.473
425.71	32.207
425.92	32.443
426.12	32.744
426.32	33.296
426.53	33.425
426.73	33.178
426.93	33.136
427.14	33.540
427.34	33.565
427.55	32.887
427.75	33.361
427.95	33.775
428.16	33.531
428.36	33.275
428.56	33.044
428.77	33.781
428.97	33.778
429.17	33.631
429.38	33.449
429.58	33.338
429.78	33.497
429.99	34.080
430.19	33.813
430.39	33.955
430.60	33.842
430.80	33.685
431.00	33.717
431.21	33.896
431.41	33.544
431.61	33.450
431.82	33.351
432.02	33.518
432.22	33.478
432.43	33.711
432.63	33.714
432.83	33.536
433.04	33.446
433.24	33.258
433.44	33.432
433.65	33.531
433.85	33.419
434.05	33.174
434.25	32.538
434.46	32.488
434.66	32.080
434.86	31.970
435.07	31.820
435.27	31.460
435.47	31.021
435.68	31.357
435.88	31.282
436.08	31.488
436.29	31.326
436.49	31.056
436.69	31.335
436.89	31.640
437.10	31.859
437.30	31.647
437.50	31.387
437.71	31.448
437.91	31.055
438.11	30.820
438.32	30.904
438.52	30.989
438.72	31.287
438.92	31.116
439.13	30.923
439.33	30.935
439.53	31.260
439.74	31.448
439.94	31.230
440.14	31.321
440.34	31.513
440.55	31.309
440.75	31.318
440.95	31.151
441.15	30.833
441.36	30.773
441.56	30.415
441.76	30.549
441.97	30.263
442.17	30.118
442.37	30.337
442.57	30.286
442.78	30.394
442.98	30.118
443.18	29.855
443.38	30.084
443.59	29.865
443.79	29.369
443.99	28.952
444.19	28.843
444.40	28.638
444.60	28.296
444.80	28.074
445.00	28.367
445.21	27.775
445.41	27.646
445.61	27.802
445.81	28.021
446.02	28.098
446.22	28.456
446.42	28.828
446.62	28.440
446.83	28.539
447.03	28.880
447.23	28.749
447.43	28.955
447.64	28.787
447.84	28.702
448.04	28.632
448.24	28.728
448.45	28.526
448.65	28.108
448.85	27.890
449.05	28.600
449.26	28.432
449.46	28.853
449.66	28.659
449.86	28.347
450.06	28.578
450.27	28.160
450.47	27.338
450.67	27.235
450.87	27.676
451.08	27.131
451.28	26.796
451.48	27.127
451.68	27.232
451.88	27.438
452.09	27.690
452.29	28.353
452.49	28.484
452.69	28.827
452.89	29.474
453.10	29.686
453.30	29.266
453.50	29.379
453.70	29.089
453.90	29.263
454.11	28.944
454.31	29.003
454.51	29.172
454.71	29.973
454.91	29.888
455.12	29.496
455.32	29.618
455.52	29.310
455.72	28.993
455.92	28.904
456.13	28.858
456.33	28.766
456.53	28.434
456.73	28.794
456.93	28.535
457.14	28.325
457.34	28.182
457.54	28.045
457.74	27.656
457.94	28.030
458.14	27.968
458.35	28.608
458.55	28.358
458.75	28.078
458.95	27.677
459.15	27.532
459.36	27.720
459.56	27.909
459.76	27.952
459.96	28.367
460.16	28.461
460.36	28.046
460.57	27.937
460.77	27.891
460.97	27.478
461.17	27.532
461.37	27.589
461.57	27.454
461.77	27.723
461.98	27.990
462.18	27.740
462.38	27.878
462.58	27.688
462.78	27.784
462.98	28.179
463.19	28.240
463.39	28.216
463.59	28.230
463.79	28.362
463.99	28.546
464.19	28.266
464.39	28.384
464.60	28.555
464.80	28.532
465.00	28.925
465.20	28.812
465.40	28.693
465.60	28.469
465.80	28.677
466.01	28.778
466.21	28.548
466.41	28.573
466.61	28.512
466.81	28.583
467.01	28.518
467.21	28.564
467.41	28.691
467.62	28.612
467.82	28.324
468.02	27.904
468.22	27.865
468.42	27.602
468.62	27.358
468.82	27.462
469.02	27.699
469.22	27.270
469.43	27.410
469.63	27.638
469.83	27.535
470.03	27.541
470.23	27.242
470.43	27.152
470.63	27.219
470.83	27.150
471.03	26.961
471.24	26.819
471.44	26.355
471.64	26.354
471.84	26.525
472.04	26.556
472.24	26.924
472.44	26.462
472.64	26.567
472.84	26.579
473.04	26.350
473.25	26.171
473.45	26.257
473.65	26.113
473.85	26.067
474.05	25.937
474.25	25.822
474.45	25.811
474.65	25.914
474.85	25.803
475.05	25.700
475.25	25.630
475.45	25.659
475.66	26.166
475.86	25.862
476.06	25.779
476.26	25.773
476.46	25.563
476.66	25.744
476.86	25.828
477.06	25.923
477.26	25.886
477.46	25.818
477.66	25.853
477.86	25.725
478.06	25.701
478.26	25.794
478.46	25.840
478.67	25.892
478.87	25.924
479.07	25.853
479.27	26.157
479.47	26.099
479.67	26.086
479.87	25.837
480.07	26.052
480.27	25.994
480.47	25.953
480.67	25.904
480.87	25.912
481.07	25.868
481.27	25.822
481.47	25.954
481.67	26.062
481.87	25.913
482.07	26.096
482.27	26.028
482.47	25.886
482.67	25.858
482.87	25.670
483.07	25.581
483.28	25.571
483.48	25.334
483.68	25.290
483.88	25.190
484.08	25.209
484.28	24.946
484.48	25.006
484.68	25.037
484.88	25.157
485.08	25.265
485.28	25.214
485.48	24.945
485.68	24.836
485.88	24.628
486.08	24.753
486.28	24.682
486.48	24.613
486.68	24.833
486.88	24.624
487.08	24.478
487.28	24.404
487.48	24.385
487.68	24.319
487.88	24.084
488.08	24.071
488.28	23.863
488.48	23.742
488.68	23.596
488.88	23.457
489.08	23.200
489.28	22.998
489.48	22.944
489.68	22.892
489.88	22.787
490.08	22.742
490.28	22.649
490.48	22.508
490.68	22.268
490.88	22.023
491.08	22.048
491.28	22.038
491.48	21.842
491.68	21.670
491.88	21.529
492.08	21.863
492.28	21.749
492.48	21.728
492.68	21.731
492.88	21.625
493.08	21.415
493.28	21.320
493.48	21.154
493.67	21.009
493.87	20.888
494.07	20.963
494.27	20.936
494.47	20.781
494.67	20.629
494.87	20.684
495.07	20.589
495.27	20.542
495.47	20.531
495.67	20.445
495.87	20.365
496.07	20.351
496.27	20.005
496.47	19.914
496.67	19.691
496.87	19.662
497.07	19.485
497.27	19.462
497.47	19.577
497.67	19.763
497.87	19.797
498.06	19.685
498.26	19.448
498.46	19.209
498.66	18.969
498.86	19.102
499.06	18.898
499.26	19.017
499.46	18.781
499.66	18.618
499.86	18.772
500.06	18.936
500.26	18.820
500.46	18.663
500.66	18.634
500.86	18.637
501.05	18.736
501.25	18.579
501.45	18.645
501.65	18.512
501.85	18.377
502.05	18.075
502.25	18.027
502.45	18.123
502.65	18.198
502.85	18.353
503.05	18.381
503.24	18.348
503.44	18.034
503.64	18.073
503.84	18.030
504.04	17.983
504.24	17.632
504.44	17.591
504.64	17.812
504.84	17.675
505.04	17.618
505.24	17.397
505.43	17.629
505.63	17.489
505.83	17.296
506.03	17.221
506.23	17.374
506.43	17.452
506.63	17.296
506.83	17.236
507.03	17.170
507.22	16.888
507.42	16.820
507.62	16.836
507.82	16.773
508.02	16.798
508.22	16.610
508.42	16.618
508.62	16.594
508.81	16.396
509.01	16.283
509.21	16.270
509.41	16.255
509.61	16.144
509.81	16.106
510.01	16.162
510.21	16.181
510.40	16.082
510.60	16.027
510.80	16.044
511.00	15.994
511.20	15.931
511.40	15.866
511.60	15.907
511.79	15.989
511.99	16.067
512.19	16.034
512.39	15.873
512.59	15.806
512.79	15.702
512.99	15.632
513.18	15.762
513.38	15.812
513.58	15.688
513.78	15.771
513.98	15.759
514.18	15.742
514.37	15.664
514.57	15.782
514.77	15.730
514.97	15.649
515.17	15.557
515.37	15.427
515.56	15.508
515.76	15.457
515.96	15.250
516.16	15.150
516.36	15.154
516.56	15.341
516.75	15.415
516.95	15.456
517.15	15.399
517.35	15.399
517.55	15.201
517.75	15.133
517.94	14.844
518.14	14.794
518.34	14.792
518.54	14.703
518.74	14.602
518.93	14.574
519.13	14.613
519.33	14.639
519.53	14.695
519.73	14.697
519.92	14.717
520.12	14.888
520.32	14.884
520.52	14.835
520.72	14.768
520.91	14.785
521.11	14.940
521.31	15.138
521.51	15.073
521.71	15.284
521.90	15.504
522.10	15.598
522.30	15.609
522.50	15.662
522.70	15.764
522.89	15.618
523.09	15.654
523.29	15.628
523.49	15.622
523.69	15.740
523.88	15.673
524.08	15.737
524.28	15.761
524.48	15.805
524.67	15.830
524.87	15.797
525.07	15.760
525.27	15.686
525.46	15.533
525.66	15.543
525.86	15.516
526.06	15.500
526.26	15.551
526.45	15.631
526.65	15.510
526.85	15.515
527.05	15.762
527.24	15.903
527.44	15.965
527.64	16.041
527.84	16.159
528.03	16.150
528.23	16.062
528.43	15.987
528.63	16.088
528.82	16.130
529.02	16.233
529.22	16.177
529.42	16.327
529.61	16.384
529.81	16.439
530.01	16.462
530.21	16.367
530.40	16.420
530.60	16.497
530.80	16.568
531.00	16.568
531.19	16.597
531.39	16.558
531.59	16.717
531.78	16.841
531.98	16.670
532.18	16.787
532.38	16.861
532.57	17.059
532.77	17.167
532.97	17.222
533.16	17.246
533.36	17.491
533.56	17.519
533.76	17.708
533.95	17.752
534.15	17.789
534.35	17.868
534.55	17.989
534.74	18.208
534.94	18.511
535.14	18.612
535.33	18.589
535.53	18.744
535.73	18.720
535.92	18.892
536.12	19.294
536.32	19.458
536.52	19.596
536.71	19.657
536.91	19.614
537.11	19.730
537.30	19.947
537.50	20.032
537.70	20.020
537.89	20.065
538.09	20.287
538.29	20.293
538.48	20.473
538.68	20.668
538.88	20.699
539.08	20.727
539.27	21.022
539.47	21.271
539.67	21.245
539.86	21.397
540.06	21.318
540.26	21.294
540.45	21.338
540.65	21.551
540.85	21.784
541.04	21.884
541.24	22.106
541.44	22.180
541.63	22.340
541.83	22.452
542.03	22.503
542.22	22.693
542.42	22.980
542.62	23.242
542.81	23.224
543.01	23.316
543.21	23.492
543.40	23.486
543.60	23.713
543.79	23.931
543.99	24.004
544.19	24.183
544.38	24.210
544.58	24.581
544.78	24.613
544.97	24.839
545.17	25.006
545.37	25.065
545.56	25.155
545.76	25.307
545.96	25.411
546.15	25.579
546.35	25.647
546.54	25.823
546.74	26.009
546.94	26.241
547.13	26.317
547.33	26.452
547.53	26.597
547.72	26.514
547.92	26.800
548.11	26.945
548.31	27.191
548.51	27.505
548.70	27.516
548.90	27.893
549.10	27.840
549.29	28.080
549.49	28.337
549.68	28.441
549.88	28.518
550.08	28.842
550.27	29.161
550.47	29.288
550.66	29.416
550.86	29.473
551.06	29.633
551.25	29.902
551.45	30.052
551.64	30.210
551.84	30.409
552.04	30.481
552.23	30.762
552.43	30.933
552.62	31.182
552.82	31.371
553.02	31.421
553.21	31.544
553.41	31.755
553.60	31.928
553.80	32.183
554.00	32.494
554.19	32.677
554.39	32.870
554.58	33.016
554.78	33.202
554.97	33.467
555.17	33.661
555.37	33.861
555.56	34.081
555.76	34.295
555.95	34.484
556.15	34.557
556.34	34.778
556.54	34.988
556.74	34.812
556.93	34.978
557.13	35.113
557.32	35.430
557.52	35.648
557.71	35.794
557.91	36.016
558.10	36.028
558.30	36.116
558.50	36.294
558.69	36.501
558.89	36.613
559.08	36.740
559.28	36.820
559.47	37.018
559.67	37.188
559.86	37.233
560.06	37.507
560.25	37.732
560.45	37.790
560.65	37.857
560.84	38.181
561.04	38.244
561.23	38.476
561.43	38.599
561.62	38.740
561.82	39.107
562.01	39.231
562.21	39.430
562.40	39.562
562.60	39.757
562.79	40.159
562.99	40.531
563.18	40.650
563.38	40.952
563.57	41.134
563.77	41.341
563.96	41.691
564.16	41.851
564.36	42.021
564.55	42.249
564.75	42.457
564.94	42.624
565.14	42.810
565.33	42.969
565.53	43.181
565.72	43.251
565.92	43.317
566.11	43.611
566.31	43.908
566.50	44.097
566.70	44.214
566.89	44.249
567.09	44.362
567.28	44.599
567.48	44.725
567.67	44.910
567.87	44.961
568.06	45.115
568.26	45.259
568.45	45.553
568.64	45.750
568.84	45.973
569.03	46.291
569.23	46.509
569.42	46.784
569.62	47.037
569.81	47.232
570.01	47.201
570.20	47.417
570.40	47.623
570.59	47.859
570.79	47.973
570.98	48.171
571.18	48.333
571.37	48.452
571.57	48.766
571.76	48.890
571.95	49.199
572.15	49.438
572.34	49.639
572.54	49.759
572.73	49.914
572.93	50.168
573.12	50.272
573.32	50.462
573.51	50.376
573.71	50.578
573.90	50.766
574.09	50.977
574.29	51.113
574.48	51.205
574.68	51.324
574.87	51.504
575.07	51.775
575.26	51.922
575.46	52.158
575.65	52.140
575.84	52.345
576.04	52.603
576.23	52.770
576.43	53.037
576.62	53.116
576.82	53.197
577.01	53.232
577.20	53.476
577.40	53.649
577.59	54.079
577.79	54.155
577.98	54.343
578.18	54.690
578.37	54.861
578.56	55.144
578.76	55.314
578.95	55.595
579.15	55.620
579.34	55.837
579.53	56.047
579.73	56.193
579.92	56.403
580.12	56.542
580.31	56.702
580.50	56.666
580.70	57.023
580.89	57.188
581.09	57.414
581.28	57.376
581.47	57.534
581.67	57.530
581.86	57.744
582.06	58.026
582.25	58.005
582.44	58.241
582.64	58.341
582.83	58.547
583.03	58.572
583.22	58.781
583.41	58.936
583.61	58.969
583.80	59.178
583.99	59.228
584.19	59.362
584.38	59.387
584.58	59.678
584.77	59.800
584.96	60.023
585.16	60.114
585.35	60.458
585.54	60.585
585.74	60.898
585.93	60.947
586.13	61.011
586.32	61.270
586.51	61.219
586.71	61.250
586.90	61.282
587.09	61.511
587.29	61.587
587.48	61.613
587.67	61.829
587.87	61.908
588.06	62.101
588.25	62.219
588.45	62.512
588.64	62.686
588.83	62.882
589.03	63.039
589.22	63.208
589.41	63.289
589.61	63.505
589.80	63.578
589.99	63.675
590.19	63.850
590.38	63.819
590.57	64.057
590.77	64.343
590.96	64.656
591.15	64.872
591.35	65.138
591.54	65.319
591.73	65.359
591.93	65.755
592.12	65.794
592.31	65.724
592.51	65.657
592.70	65.619
592.89	65.503
593.09	65.638
593.28	65.896
593.47	65.914
593.67	66.014
593.86	66.079
594.05	66.289
594.25	66.393
594.44	66.773
594.63	66.809
594.82	66.958
595.02	66.949
595.21	67.076
595.40	67.076
595.60	67.282
595.79	67.555
595.98	67.664
596.17	67.686
596.37	67.914
596.56	68.254
596.75	68.424
596.95	68.793
597.14	68.771
597.33	68.655
597.52	68.849
597.72	68.945
597.91	69.036
598.10	69.094
598.30	69.095
598.49	69.100
598.68	69.269
598.87	69.147
599.07	69.354
599.26	69.303
599.45	69.282
599.65	69.385
599.84	69.442
600.03	69.433
600.22	69.744
600.42	69.780
600.61	69.778
600.80	69.959
600.99	69.904
601.19	70.147
601.38	70.374
601.57	70.523
601.76	70.666
601.96	70.862
602.15	70.891
602.34	71.098
602.53	71.204
602.73	71.409
602.92	71.633
603.11	71.681
603.30	71.842
603.50	72.002
603.69	72.008
603.88	72.094
604.07	72.309
604.26	72.402
604.46	72.629
604.65	72.684
604.84	72.749
605.03	72.952
605.23	73.201
605.42	73.234
605.61	73.273
605.80	73.216
606.00	73.231
606.19	73.442
606.38	73.402
606.57	73.542
606.76	73.452
606.96	73.412
607.15	73.561
607.34	73.706
607.53	73.814
607.72	73.850
607.92	73.897
608.11	73.953
608.30	73.995
608.49	74.167
608.68	74.386
608.88	74.492
609.07	74.559
609.26	74.425
609.45	74.551
609.64	74.669
609.84	74.931
610.03	75.083
610.22	75.250
610.41	75.469
610.60	75.465
610.80	75.620
610.99	75.777
611.18	75.931
611.37	75.756
611.56	75.913
611.76	75.991
611.95	76.230
612.14	76.088
612.33	76.183
612.52	76.319
612.71	76.340
612.91	76.456
613.10	76.525
613.29	76.801
613.48	76.828
613.67	76.950
613.86	77.009
614.06	76.957
614.25	76.854
614.44	76.877
614.63	76.955
614.82	77.026
615.01	77.137
615.20	77.114
615.40	77.353
615.59	77.401
615.78	77.597
615.97	77.570
616.16	77.724
616.35	77.797
616.55	77.708
616.74	77.791
616.93	77.912
617.12	78.094
617.31	78.062
617.50	78.263
617.69	78.297
617.88	78.345
618.08	78.743
618.27	78.916
618.46	79.102
618.65	79.199
618.84	79.344
619.03	79.513
619.22	79.765
619.42	79.849
619.61	80.075
619.80	80.166
619.99	80.164
620.18	80.386
620.37	80.428
620.56	80.457
620.75	80.468
620.94	80.461
621.14	80.321
621.33	80.429
621.52	80.449
621.71	80.566
621.90	80.576
622.09	80.394
622.28	80.351
622.47	80.316
622.66	80.494
622.85	80.461
623.05	80.432
623.24	80.289
623.43	80.424
623.62	80.383
623.81	80.393
624.00	80.458
624.19	80.386
624.38	80.484
624.57	80.572
624.76	80.670
624.95	80.720
625.15	80.800
625.34	80.731
625.53	80.771
625.72	80.716
625.91	80.842
626.10	80.926
626.29	81.099
626.48	81.185
626.67	81.047
626.86	81.201
627.05	81.144
627.24	81.224
627.43	81.160
627.62	81.242
627.82	81.279
628.01	81.439
628.20	81.386
628.39	81.289
628.58	81.309
628.77	81.303
628.96	81.216
629.15	81.398
629.34	81.516
629.53	81.477
629.72	81.557
629.91	81.419
630.10	81.430
630.29	81.538
630.48	81.604
630.67	81.731
630.86	81.732
631.05	81.957
631.24	81.921
631.43	81.992
631.62	81.974
631.81	82.108
632.00	82.046
632.20	82.294
632.39	82.640
632.58	82.683
632.77	82.815
632.96	82.994
633.15	82.994
633.34	82.970
633.53	83.197
633.72	83.325
633.91	83.586
634.10	83.687
634.29	83.750
634.48	83.831
634.67	83.905
634.86	83.991
635.05	84.085
635.24	84.227
635.43	84.313
635.62	84.257
635.81	84.150
636.00	84.343
636.19	84.473
636.38	84.376
636.57	84.409
636.76	84.381
636.95	84.463
637.14	84.498
637.33	84.683
637.52	84.589
637.71	84.683
637.90	84.919
638.09	84.895
638.28	84.786
638.47	84.644
638.66	84.729
638.85	84.867
639.04	84.865
639.23	85.030
639.41	85.107
639.60	85.173
639.79	85.279
639.98	85.231
640.17	85.179
640.36	85.140
640.55	85.277
640.74	85.433
640.93	85.451
641.12	85.503
641.31	85.548
641.50	85.740
641.69	85.612
641.88	85.455
642.07	85.451
642.26	85.689
642.45	85.921
642.64	85.871
642.83	85.760
643.02	85.853
643.21	85.631
643.40	85.728
643.59	85.863
643.77	85.985
643.96	86.000
644.15	86.145
644.34	86.271
644.53	86.309
644.72	86.314
644.91	86.386
645.10	86.262
645.29	86.159
645.48	86.135
645.67	86.414
645.86	86.416
646.05	86.694
646.24	86.601
646.42	86.502
646.61	86.606
646.80	86.791
646.99	86.640
647.18	86.821
647.37	86.750
647.56	86.798
647.75	86.787
647.94	86.719
648.13	86.567
648.32	86.744
648.50	86.841
648.69	86.828
648.88	86.767
649.07	87.078
649.26	87.250
649.45	87.199
649.64	86.982
649.83	87.103
650.02	87.012
650.21	87.025
650.39	87.187
650.58	87.260
650.77	86.963
650.96	87.011
651.15	87.122
651.34	87.157
651.53	86.915
651.72	87.013
651.90	87.374
652.09	87.597
652.28	87.447
652.47	87.453
652.66	87.583
652.85	87.538
653.04	87.436
653.23	87.491
653.41	87.545
653.60	87.549
653.79	87.642
653.98	87.703
654.17	87.711
654.36	87.697
654.55	87.702
654.73	87.898
654.92	87.998
655.11	87.946
655.30	88.050
655.49	88.412
655.68	88.305
655.87	88.161
656.05	88.110
656.24	88.289
656.43	88.220
656.62	88.151
656.81	88.518
657.00	88.466
657.18	88.658
657.37	88.623
657.56	88.794
657.75	88.852
657.94	88.731
658.13	88.725
658.31	88.677
658.50	88.646
658.69	88.733
658.88	88.711
659.07	88.652
659.26	88.719
659.44	88.652
659.63	88.780
659.82	88.939
660.01	89.042
660.20	88.925
660.38	88.992
660.57	88.922
660.76	88.746
660.95	88.858
661.14	88.799
661.32	89.053
661.51	89.178
661.70	89.099
661.89	89.396
662.08	89.519
662.26	89.710
662.45	89.695
662.64	89.543
662.83	89.588
663.02	89.700
663.20	89.581
663.39	89.812
663.58	89.746
663.77	89.605
663.96	89.546
664.14	89.601
664.33	89.630
664.52	89.821
664.71	89.911
664.89	90.106
665.08	89.930
665.27	89.865
665.46	89.878
665.64	89.967
665.83	89.878
666.02	89.903
666.21	90.048
666.40	90.175
666.58	90.385
666.77	90.383
666.96	90.414
667.15	90.695
667.33	90.321
667.52	90.411
667.71	90.624
667.90	90.662
668.08	90.803
668.27	90.845
668.46	90.629
668.65	90.693
668.83	90.705
669.02	90.710
669.21	90.679
669.40	90.647
669.58	90.498
669.77	90.366
669.96	90.299
670.14	90.097
670.33	90.129
670.52	90.156
670.71	90.409
670.89	90.376
671.08	90.277
671.27	90.673
671.46	90.606
671.64	90.303
671.83	90.255
672.02	90.266
672.20	90.318
672.39	90.624
672.58	90.371
672.77	90.138
672.95	90.239
673.14	90.305
673.33	90.190
673.51	90.214
673.70	90.509
673.89	90.536
674.08	90.590
674.26	90.731
674.45	90.741
674.64	90.599
674.82	90.628
675.01	90.402
675.20	90.339
675.38	90.526
675.57	90.784
675.76	90.989
675.94	91.019
676.13	91.117
676.32	91.028
676.51	91.141
676.69	91.341
676.88	91.240
677.07	91.170
677.25	91.318
677.44	91.239
677.63	91.132
677.81	91.211
678.00	91.114
678.19	90.892
678.37	91.177
678.56	91.421
678.75	91.578
678.93	91.940
679.12	91.900
679.31	92.070
679.49	91.874
679.68	91.663
679.87	91.730
680.05	91.503
680.24	91.670
680.42	91.940
680.61	91.811
680.80	91.986
680.98	91.933
681.17	91.947
681.36	92.084
681.54	92.195
681.73	92.168
681.92	92.217
682.10	92.327
682.29	92.157
682.48	92.038
682.66	91.857
682.85	91.696
683.03	91.754
683.22	91.652
683.41	91.954
683.59	91.929
683.78	91.744
683.97	91.853
684.15	91.667
684.34	91.434
684.52	91.859
684.71	91.878
684.90	92.172
685.08	92.374
685.27	92.587
685.45	92.601
685.64	92.667
685.83	92.669
686.01	92.684
686.20	92.584
686.39	92.599
686.57	92.875
686.76	92.942
686.94	92.929
687.13	92.891
687.31	92.986
687.50	93.037
687.69	92.908
687.87	93.042
688.06	93.098
688.24	93.409
688.43	93.404
688.62	93.513
688.80	93.381
688.99	93.258
689.17	93.250
689.36	93.175
689.55	93.227
689.73	93.339
689.92	93.560
690.10	93.781
690.29	93.777
690.47	93.697
690.66	93.670
690.84	93.715
691.03	93.831
691.22	93.523
691.40	93.630
691.59	93.813
691.77	93.663
691.96	93.659
692.14	93.455
692.33	93.153
692.52	93.088
692.70	93.242
692.89	93.260
693.07	93.159
693.26	93.140
693.44	93.119
693.63	93.172
693.81	93.050
694.00	92.830
694.18	92.636
694.37	92.786
694.55	92.912
694.74	92.885
694.93	92.741
695.11	92.739
695.30	92.733
695.48	92.731
695.67	92.677
695.85	92.682
696.04	92.754
696.22	92.783
696.41	92.905
696.59	92.529
696.78	92.345
696.96	92.367
697.15	92.289
697.33	92.368
697.52	92.482
697.70	92.461
697.89	92.515
698.07	92.891
698.26	92.884
698.44	93.000
698.63	93.044
698.81	93.037
699.00	92.912
699.18	93.018
699.37	92.959
699.55	93.069
699.74	93.210
699.92	93.259
700.11	93.457
700.29	93.382
700.48	93.705
700.66	94.089
700.85	93.983
701.03	94.224
701.22	94.061
701.40	93.989
701.59	94.056
701.77	94.141
701.96	94.094
702.14	93.972
702.33	93.531
702.51	93.568
702.69	93.685
702.88	93.956
703.06	93.829
703.25	94.173
703.43	94.261
703.62	94.303
703.80	94.555
703.99	94.461
704.17	94.412
704.36	94.438
704.54	94.475
704.73	94.587
704.91	94.355
705.09	94.579
705.28	94.611
705.46	94.653
705.65	94.656
705.83	94.663
706.02	94.757
706.20	95.136
706.38	94.958
706.57	94.913
706.75	94.822
706.94	95.064
707.12	94.876
707.31	95.019
707.49	94.908
707.67	94.756
707.86	94.557
708.04	94.508
708.23	94.646
708.41	94.184
708.60	94.273
708.78	94.465
708.96	94.404
709.15	94.393
709.33	94.628
709.52	94.447
709.70	94.274
709.88	94.122
710.07	93.981
710.25	94.177
710.44	94.312
710.62	94.502
710.80	94.378
710.99	94.264
711.17	94.078
711.36	94.102
711.54	94.007
711.72	94.283
711.91	94.344
712.09	94.277
712.28	94.563
712.46	94.452
712.64	94.564
712.83	94.580
713.01	94.522
713.20	94.310
713.38	94.458
713.56	94.487
713.75	94.781
713.93	95.019
714.11	94.979
714.30	94.853
714.48	94.811
714.66	95.001
714.85	95.117
715.03	95.122
715.22	95.200
715.40	95.412
715.58	95.377
715.77	95.551
715.95	95.635
716.13	95.388
716.32	95.440
716.50	95.433
716.68	95.228
716.87	95.297
717.05	95.040
717.23	95.061
717.42	95.284
717.60	95.068
717.78	94.950
717.97	94.879
718.15	95.014
718.33	95.084
718.52	94.868
718.70	94.843
718.88	94.795
719.07	94.875
719.25	94.670
719.43	94.553
719.62	94.437
719.80	94.482
719.98	94.602
720.17	94.548
720.35	94.518
720.53	94.745
720.72	94.932
720.90	95.026
721.08	95.152
721.27	94.770
721.45	94.798
721.63	94.829
721.81	94.961
722.00	95.019
722.18	94.852
722.36	94.823
722.55	95.107
722.73	95.206
722.91	95.117
723.10	95.087
723.28	95.247
723.46	95.075
723.64	94.772
723.83	94.940
724.01	95.375
724.19	95.177
724.38	95.159
724.56	94.857
724.74	94.882
724.92	94.857
725.11	95.143
725.29	95.064
725.47	95.187
725.66	95.223
725.84	94.972
726.02	94.923
726.20	95.196
726.39	95.286
726.57	95.456
726.75	95.619
726.93	95.807
727.12	95.620
727.30	95.813
727.48	96.028
727.66	95.942
727.85	95.682
728.03	95.782
728.21	95.934
728.39	96.008
728.58	96.018
728.76	96.140
728.94	96.075
729.12	96.171
729.31	95.902
729.49	95.804
729.67	96.156
729.85	96.283
730.04	96.124
730.22	95.972
730.40	95.971
730.58	96.021
730.76	95.839
730.95	95.942
731.13	95.850
731.31	95.717
731.49	95.852
731.68	95.805
731.86	95.753
732.04	96.079
732.22	96.270
732.40	96.382
732.59	96.399
732.77	96.677
732.95	96.680
733.13	96.901
733.31	97.076
733.50	97.169
733.68	97.155
733.86	97.317
734.04	97.155
734.22	97.268
734.41	97.207
734.59	97.142
734.77	96.908
734.95	96.878
735.13	96.965
735.32	96.701
735.50	96.979
735.68	97.100
735.86	96.411
736.04	96.522
736.22	96.416
736.41	96.318
736.59	96.001
736.77	96.073
736.95	95.970
737.13	95.885
737.32	95.672
737.50	95.817
737.68	95.444
737.86	95.664
738.04	95.225
738.22	95.087
738.41	95.226
738.59	95.677
738.77	95.726
738.95	96.162
739.13	96.424
739.31	95.924
739.49	96.152
739.68	96.456
739.86	96.250
740.04	96.217
740.22	96.126
740.40	96.078
740.58	95.981
740.76	96.212
740.95	96.046
741.13	96.055
741.31	95.963
741.49	96.192
741.67	96.022
741.85	96.425
742.03	96.443
742.21	96.521
742.40	96.464
742.58	96.504
742.76	96.023
742.94	96.188
743.12	96.434
743.30	96.473
743.48	96.202
743.66	96.212
743.85	96.431
744.03	96.260
744.21	96.590
744.39	96.525
744.57	96.748
744.75	96.839
744.93	96.770
745.11	96.618
745.29	96.397
745.47	96.469
745.66	96.349
745.84	96.400
746.02	96.167
746.20	95.945
746.38	96.109
746.56	96.001
746.74	95.775
746.92	95.748
747.10	95.507
747.28	95.932
747.46	96.095
747.64	95.957
747.83	96.392
748.01	96.337
748.19	96.337
748.37	95.860
748.55	96.037
748.73	96.178
748.91	96.202
749.09	96.500
749.27	96.359
749.45	96.312
749.63	96.139
749.81	96.436
749.99	96.615
750.17	96.738
750.35	97.017
750.53	96.942
750.72	96.830
750.90	96.787
751.08	96.564
751.26	96.274
751.44	96.406
751.62	96.285
751.80	95.835
751.98	96.076
752.16	96.015
752.34	95.859
752.52	95.795
752.70	95.955
752.88	96.014
753.06	96.228
753.24	96.028
753.42	96.253
753.60	96.159
753.78	96.045
753.96	95.881
754.14	96.011
754.32	96.021
754.50	96.229
754.68	96.204
754.86	96.447
755.04	96.631
755.22	96.578
755.40	96.577
755.58	97.028
755.76	97.026
755.94	97.145
756.12	97.261
756.30	97.363
756.48	97.304
756.66	97.452
756.84	97.455
757.02	97.721
757.20	97.670
757.38	97.683
757.56	97.645
757.74	97.639
757.92	97.453
758.10	97.553
758.28	97.603
758.46	97.686
758.64	97.514
758.82	97.485
759.00	97.429
759.18	97.298
759.36	97.010
759.54	96.898
759.72	96.951
759.90	96.672
760.08	96.659
760.26	96.869
760.44	96.467
760.62	96.484
760.80	96.580
760.98	96.682
761.16	96.825
761.33	96.831
761.51	97.015
761.69	97.115
761.87	96.645
762.05	96.628
762.23	96.383
762.41	96.348
762.59	96.071
762.77	96.020
762.95	96.174
763.13	96.332
763.31	96.446
763.49	96.657
763.67	97.103
763.85	97.079
764.03	97.104
764.21	97.211
764.38	97.271
764.56	97.015
764.74	96.852
764.92	96.820
765.10	96.777
765.28	96.613
765.46	96.595
765.64	97.136
765.82	97.053
766.00	97.123
766.18	97.327
766.35	97.618
766.53	97.609
766.71	97.400
766.89	97.176
767.07	96.915
767.25	96.959
767.43	97.058
767.61	97.034
767.79	96.784
767.97	97.100
768.14	96.684
768.32	96.961
768.50	97.078
768.68	96.919
768.86	96.973
769.04	97.022
769.22	97.069
769.40	97.103
769.58	96.976
769.75	97.145
769.93	96.771
770.11	96.831
770.29	97.027
770.47	97.482
770.65	97.668
770.83	97.927
771.00	97.701
771.18	97.136
771.36	97.238
771.54	97.390
771.72	96.892
771.90	97.244
772.08	97.106
772.25	97.110
772.43	97.255
772.61	97.130
772.79	97.168
772.97	96.701
773.15	96.650
773.33	96.718
773.50	96.666
773.68	96.902
773.86	96.970
774.04	96.866
774.22	96.995
774.40	97.044
774.57	96.902
774.75	96.552
774.93	96.790
775.11	96.627
775.29	96.854
775.46	97.207
775.64	96.999
775.82	97.078
776.00	97.421
776.18	97.168
776.36	97.445
776.53	97.445
776.71	97.808
776.89	97.547
777.07	97.904
777.25	98.024
777.42	98.165
777.60	98.080
777.78	98.322
777.96	98.079
778.14	98.231
778.31	98.371
778.49	98.905
778.67	98.955
778.85	99.086
779.03	99.082
779.20	99.159
779.38	99.322
779.56	99.395
779.74	98.916
779.91	98.968
780.09	99.311
780.27	99.221
780.45	99.315
780.63	99.848
780.80	98.968
780.98	99.237
781.16	99.163
781.34	98.747
781.51	98.398
781.69	98.094
781.87	98.078
782.05	98.251
782.22	98.321
782.40	98.282
782.58	98.111
782.76	97.711
782.93	97.588
783.11	97.465
783.29	97.098
783.47	97.226
783.64	97.250
783.82	96.901
784.00	97.263
784.18	96.896
784.35	97.252
784.53	98.071
784.71	97.707
784.89	97.781
785.06	98.206
785.24	98.401
785.42	98.646
785.60	98.415
785.77	98.276
785.95	97.778
786.13	97.926
786.30	97.784
786.48	98.042
786.66	97.999
786.84	98.139
787.01	98.006
787.19	97.688
787.37	97.665
787.54	97.561
787.72	97.288
787.90	97.841
788.07	97.264
788.25	97.273
788.43	97.249
788.61	97.221
788.78	97.834
788.96	97.655
789.14	97.381
789.31	97.325
789.49	97.758
789.67	97.987
789.84	97.849
790.02	97.919
790.20	97.565
790.37	97.832
790.55	98.035
790.73	98.590
790.90	99.390
791.08	99.292
791.26	99.450
791.43	99.116
791.61	98.973
791.79	98.744
791.96	98.897
792.14	99.399
792.32	99.294
792.49	98.952
792.67	100.020
792.85	100.592
793.02	100.824
793.20	100.482
793.38	100.320
793.55	100.188
793.73	100.128
793.91	101.077
794.08	101.033
794.26	100.913
794.44	100.774
794.61	100.346
794.79	100.675
794.97	100.224
795.14	100.899
795.32	100.825
795.49	100.894
795.67	100.302
795.85	99.489
796.02	99.706
796.20	99.433
796.38	98.846
796.55	98.677
796.73	98.933
796.90	98.775
797.08	98.659
797.26	99.269
797.43	100.080
797.61	98.930
797.78	98.627
797.96	98.620
798.14	99.036
798.31	99.273
798.49	99.106
798.66	99.431
798.84	99.222
799.02	99.407
799.19	98.905
799.37	99.637
799.54	100.148
799.72	100.410
799.90	100.441
800.07	100.153
800.25	99.837
800.42	99.860
800.60	99.843
800.78	99.644
800.95	98.840
801.13	98.607
801.30	99.229
801.48	99.629
801.65	100.243
801.83	99.685
802.01	99.562
802.18	100.192
802.36	100.322
802.53	99.913
802.71	99.990
802.88	100.791
803.06	100.365
803.23	100.548
803.41	99.592
803.59	99.708
803.76	100.039
803.94	99.611
804.11	99.256
804.29	99.234
804.46	99.761
804.64	100.489
804.81	99.989
804.99	99.571
805.16	99.351
805.34	99.123
805.52	99.193
805.69	99.035
805.87	98.408
806.04	98.358
806.22	98.538
806.39	98.192
806.57	97.836
806.74	97.882
806.92	97.800
807.09	98.190
807.27	97.991
807.44	97.651
807.62	98.387
807.79	98.583
807.97	98.837
808.14	99.118
808.32	99.235
808.49	100.243
808.67	101.065
808.84	101.389
809.02	100.955
809.19	101.056
809.37	101.457
809.54	102.180
809.72	102.693
809.89	102.737
810.07	103.049
810.24	103.507
810.42	103.385
810.59	104.169
810.77	105.329
810.94	105.635
811.12	105.482
811.29	104.679
811.47	105.406
811.64	105.588
811.82	104.386
811.99	103.789
812.16	103.739
812.34	103.340
812.51	103.141
812.69	103.127
812.86	102.972
813.04	103.203
813.21	102.612
813.39	102.030
813.56	102.029
813.74	102.228
813.91	101.678
814.08	101.663
814.26	101.320
814.43	100.497
814.61	100.724
814.78	100.703
814.96	101.568
815.13	100.827
815.31	100.234
815.48	101.743
815.65	101.407
815.83	101.095
816.00	101.418
816.18	101.403
816.35	101.636
816.53	102.190
816.70	101.339
816.87	101.405
817.05	101.237
817.22	101.663
817.40	100.796
817.57	101.549
817.74	101.928
817.92	101.170
818.09	101.241
818.27	99.890
818.44	99.505
818.62	99.530
818.79	99.584
818.96	99.786
819.14	99.557
819.31	100.996
819.49	100.763
819.66	100.664
819.83	100.530
820.01	100.125
820.18	100.355
820.35	100.376
820.53	100.797
820.70	101.378
820.88	100.497
821.05	100.664
821.22	100.572
821.40	100.765
821.57	100.779
821.74	100.589
821.92	102.122
822.09	103.020
822.27	102.873
822.44	103.138
822.61	103.013
822.79	103.300
822.96	103.529
823.13	103.293
823.31	102.339
823.48	101.632
823.65	101.715
823.83	101.255
824.00	101.120
824.17	100.517
824.35	100.628
824.52	100.984
824.69	101.807
824.87	101.682
825.04	101.241
825.22	101.930
825.39	101.926
825.56	101.693
825.74	100.891
825.91	100.614
826.08	100.157
826.25	101.237
826.43	100.345
826.60	98.886
826.77	99.014
826.95	99.816
827.12	101.105
827.29	100.959
827.47	100.724
827.64	100.479
827.81	100.423
827.99	100.808
828.16	101.468
828.33	100.845
828.51	100.729
828.68	101.498
828.85	100.652
829.02	100.472
829.20	100.112
829.37	100.515
829.54	101.110
829.72	101.576
829.89	100.990
830.06	101.329
830.23	102.113
830.41	101.805
830.58	102.453
830.75	101.468
830.93	102.048
831.10	101.715
831.27	102.539
831.44	102.790
831.62	102.504
831.79	102.999
831.96	103.679
832.13	103.726
832.31	102.327
832.48	103.026
832.65	103.234
832.83	102.582
833.00	103.274
833.17	103.190
833.34	103.766
833.52	103.359
833.69	104.044
833.86	103.839
834.03	104.314
834.21	102.862
834.38	103.840
834.55	103.218
834.72	104.119
834.89	103.918
835.07	104.146
835.24	104.905
835.41	103.409
835.58	103.520
835.76	103.172
835.93	103.785
836.10	103.725
836.27	103.761
836.45	104.588
836.62	104.840
836.79	104.146
836.96	103.652
837.13	102.796
837.31	101.958
837.48	102.218
837.65	101.744
837.82	101.976
837.99	100.902
838.17	101.340
838.34	101.544
838.51	100.591
838.68	101.122
838.85	99.397
839.03	100.567
839.20	99.749
839.37	100.167
839.54	99.070
839.71	99.030
839.89	98.679
840.06	98.494
840.23	97.639
840.40	97.488
840.57	97.461
840.74	98.487
840.92	98.936
841.09	97.805
841.26	98.007
841.43	99.570
841.60	100.486
841.78	99.399
841.95	99.260
842.12	99.911
842.29	98.891
842.46	99.155
842.63	99.267
842.80	100.291
842.98	99.569
843.15	100.489
843.32	99.746
843.49	99.679
843.66	99.705
843.83	99.987
844.00	101.002
844.18	101.040
844.35	100.860
844.52	100.763
844.69	102.170
844.86	102.508
845.03	100.489
845.20	99.269
845.38	100.250
845.55	100.697
845.72	100.619
845.89	101.840
846.06	103.687
846.23	102.529
846.40	102.026
846.57	104.649
846.75	105.432
846.92	106.037
847.09	106.618
847.26	105.592
847.43	104.954
847.60	104.944
847.77	105.117
847.94	105.143
848.11	104.095
848.28	103.227
848.46	102.675
848.63	103.829
848.80	104.711
848.97	104.822
849.14	104.107
849.31	105.182
849.48	103.361
849.65	102.212
849.82	101.855
849.99	102.054
850.16	100.773
850.33	100.525
850.51	100.462
850.68	100.213
850.85	101.367
851.02	101.471
851.19	102.265
851.36	101.258
851.53	101.190
851.70	102.138
851.87	101.810
852.04	102.212
852.21	101.241
852.38	102.213
852.55	102.061
852.72	101.639
852.89	100.616
853.06	100.643
853.24	100.100
853.41	99.330
853.58	99.322
853.75	98.709
853.92	98.671
854.09	98.431
854.26	98.097
854.43	97.387
854.60	98.367
854.77	98.010
854.94	99.008
855.11	99.862
855.28	99.798
855.45	100.419
855.62	100.196
855.79	100.295
855.96	99.449
856.13	100.461
856.30	101.483
856.47	102.817
856.64	103.309
856.81	104.279
856.98	106.775
857.15	107.114
857.32	107.642
857.49	108.331
857.66	109.659
857.83	110.451
858.00	110.117
858.17	109.151
858.34	108.789
858.51	107.273
858.68	105.331
858.85	107.226
859.02	106.743
859.19	107.727
859.36	108.717
859.53	109.135
859.70	108.777
859.87	107.439
860.04	106.163
860.21	105.706
860.38	105.857
860.55	104.226
860.72	103.219
860.89	102.665
861.06	102.343
861.23	101.479
861.40	100.939
861.56	102.215
861.73	103.429
861.90	102.149
862.07	102.047
862.24	103.902
862.41	101.161
862.58	103.015
862.75	100.453
862.92	100.201
863.09	100.524
863.26	99.683
863.43	100.559
863.60	101.336
863.77	101.720
863.94	100.564
864.11	100.773
864.28	101.909
864.44	102.817
864.61	102.298
864.78	102.339
864.95	101.976
865.12	102.368
865.29	100.709
865.46	101.910
865.63	103.666
865.80	102.468
865.97	103.206
866.14	101.781
866.31	103.375
866.47	104.972
866.64	104.656
866.81	105.755
866.98	106.466
867.15	107.930
867.32	110.680
867.49	111.150
867.66	111.009
867.83	111.579
867.99	110.724
868.16	109.680
868.33	109.930
868.50	110.273
868.67	109.280
868.84	107.985
869.01	106.969
869.18	106.852
869.35	108.119
869.51	111.453
869.68	111.990
869.85	112.458
870.02	111.692
870.19	111.423
870.36	110.525
870.53	106.952
870.69	105.714
870.86	105.963
871.03	105.937
871.20	108.076
871.37	107.340
871.54	106.617
871.71	108.706
871.87	109.567
872.04	111.516
872.21	112.515
872.38	116.765
872.55	116.771
872.72	119.217
872.88	118.433
873.05	115.554
873.22	116.689
873.39	118.843
873.56	119.403
873.73	119.664
873.89	119.852
874.06	121.465
874.23	119.452
874.40	117.889
874.57	117.718
874.73	116.528
874.90	114.867
875.07	116.377
875.24	115.182
875.41	114.163
875.57	114.260
875.74	114.060
875.91	112.804
876.08	116.039
876.25	112.788
876.41	112.698
876.58	114.274
876.75	110.067
876.92	106.943
877.09	105.456
877.25	106.569
877.42	106.742
877.59	108.905
877.76	109.078
877.93	109.230
878.09	110.548
878.26	109.686
878.43	110.312
878.60	109.106
878.76	110.387
878.93	111.963
879.10	112.373
879.27	113.950
879.43	114.829
879.60	111.766
879.77	111.510
879.94	113.590
880.10	110.850
880.27	112.829
880.44	111.945
880.61	112.031
880.77	112.090
880.94	112.431
881.11	114.266
881.28	119.620
881.44	117.897
881.61	118.111
881.78	120.833
881.95	121.573
882.11	124.692
882.28	121.984
882.45	118.930
882.62	116.461
882.78	114.443
882.95	114.743
883.12	115.460
883.28	117.967
883.45	115.125
883.62	115.697
883.79	114.698
883.95	116.767
884.12	119.793
884.29	122.006
884.45	119.919
884.62	120.215
884.79	115.077
884.96	115.343
885.12	113.841
885.29	110.131
885.46	82.367
885.62	108.157
885.79	181.773
885.96	238.323
886.12	65.347
886.29	166.312
886.46	90.062
886.62	109.538
886.79	104.887
