0.500 1962685.8522939
 0.523 1932614.9401078
 0.545 1898618.0362525
 0.568 1867214.1574896
 0.590 1843183.3259735
 0.613 1829669.2544721
 0.636 1828157.2891104
 0.658 1838550.5761305
 0.681 1859117.5568840
 0.704 1886718.1946689
 0.726 1917393.7967252
 0.749 1947012.7476049
 0.771 1972024.0847586
 0.794 1989997.4380660
 0.817 1999984.5785878
 0.839 2002376.4402723
 0.862 1998493.5057913
 0.884 1990417.5221200
 0.907 1980476.7903816
 0.930 1971010.6542793
 0.952 1964004.8338281
 0.975 1961083.5433432
 0.997 1963235.5453559
 1.020 1970741.4171752
 1.043 1982990.7767310
 1.065 1998779.5678824
 1.088 2016338.6258248
 1.111 2033755.3266869
 1.133 2049131.3974648
 1.156 2059771.1096375
 1.178 2066192.1323874
 1.201 2069237.5461780
 1.224 2069643.9840474
 1.246 2068598.0730225
 1.269 2066221.3592591
 1.291 2063065.3108408
 1.314 2062467.6281181
 1.337 2065482.9205694
 1.359 2072758.0407080
 1.382 2084425.9619125
 1.405 2098644.5596916
 1.427 2114654.0025787
 1.450 2131766.7530052
 1.472 2148517.1323980
 1.495 2163651.7576260
 1.518 2175164.4623186
 1.540 2181507.8285293
 1.563 2185449.4602919
 1.585 2187962.2690235
 1.608 2190388.6223058
 1.631 2194279.8426653
 1.653 2199295.6085210
 1.676 2206942.8928968
 1.698 2219246.5317914
 1.721 2236351.7468301
 1.744 2257667.8675613
 1.766 2280951.8882924
 1.789 2302511.8056998
 1.812 2322596.5362027
 1.834 2339707.1725563
 1.857 2353112.4989503
 1.879 2363038.4940295
 1.902 2367372.4355722
 1.925 2371114.0924518
 1.947 2376723.3726982
 1.970 2386579.4070213
 1.992 2402577.8514542
 2.015 2425113.8412739
 2.038 2452055.2791206
 2.060 2481642.4572249
 2.083 2509475.5886536
 2.106 2531093.2960103
 2.128 2543744.4957659
 2.151 2543290.3588439
 2.173 2537520.0420730
 2.196 2530809.5379528
 2.219 2526566.7808101
 2.241 2526023.7954341
 2.264 2526705.8082459
 2.286 2522739.6833789
 2.309 2511082.8713731
 2.332 2489922.4809098
 2.354 2460622.1500529
 2.377 2425983.3670580
 2.399 2380830.5220805
 2.422 2336667.7844660
 2.445 2295534.1127274
 2.467 2257824.0718803
 2.490 2223784.0466174
 2.513 2201869.8431341
 2.535 2188397.9187355
 2.558 2175982.2892885
 2.580 2164506.7264561
 2.603 2153866.2692466
 2.626 2143966.0915797
 2.648 2139621.3464976
 2.671 2136534.1764673
 2.693 2133459.2531591
 2.716 2130382.7068781
 2.739 2127292.3672028
 2.761 2123841.4764672
 2.784 2120055.0433286
 2.807 2116280.0138667
 2.829 2112519.7961871
 2.852 2108780.9504859
 2.874 2105071.6611771
 2.897 2102139.3144410
 2.920 2099474.6190548
 2.942 2096834.6133318
 2.965 2094219.2043982
 2.987 2091622.5565114
 3.010 2088892.8362962
 3.033 2085980.3579055
 3.055 2083042.9450193
 3.078 2080061.6360154
 3.101 2077018.6798250
 3.123 2073932.6105305
 3.146 2070962.0267149
 3.168 2067881.1375410
 3.191 2064683.7715655
 3.214 2061365.4552426
 3.236 2057921.8765844
 3.259 2053929.0252478
 3.281 2049151.7260265
 3.304 2044241.4667881
 3.327 2039183.7086815
 3.349 2033960.8765830
 3.372 2028575.5268045
 3.394 2023232.9264002
 3.417 2017662.2609679
 3.440 2011843.2891236
 3.462 2005758.1570589
 3.485 1999392.3234927
 3.508 1993161.7439961
 3.530 1987452.2786195
 3.553 1981387.8833113
 3.575 1974966.5065669
 3.598 1968190.7518602
 3.621 1961062.9106126
 3.643 1953440.4142923
 3.666 1945502.3163732
 3.688 1937261.7430469
 3.711 1928732.9645085
 3.734 1919930.8178269
 3.756 1910387.5841878
 3.779 1900449.2232794
 3.802 1890319.2170003
 3.824 1880006.4714036
 3.847 1869519.2909249
 3.869 1858865.3216575
 3.892 1848493.1538291
 3.915 1837969.0558106
 3.937 1827287.9677131
 3.960 1816456.9646441
 3.982 1805482.0179979
 4.005 1794312.3598055
 4.028 1782981.0671633
 4.050 1771519.7497646
 4.073 1759930.9628310
 4.095 1748216.7655976
 4.118 1736378.8199679
 4.141 1724692.9425442
 4.163 1712909.6617489
 4.186 1701004.2873575
 4.209 1688977.2879767
 4.231 1676829.0080598
 4.254 1664462.3154202
 4.276 1651914.3265908
 4.299 1639248.8553091
 4.322 1626466.9092782
 4.344 1613569.7451852
 4.367 1600589.7680723
 4.389 1587571.6678631
 4.412 1574447.2803649
 4.435 1561218.6092294
 4.457 1547888.0468440
 4.480 1534458.3989342
 4.503 1520977.2515553
 4.525 1507447.6678235
 4.548 1493839.7016685
 4.570 1480157.2597732
 4.593 1466404.6883725
 4.616 1452555.0120176
 4.638 1438554.2384561
 4.661 1424508.9724898
 4.683 1410425.6885543
 4.706 1396311.2852712
 4.729 1382173.0707099
 4.751 1368012.6856242
 4.774 1353842.7249347
 4.796 1339679.1443666
 4.819 1325530.5435979
 4.842 1311405.8082815
 4.864 1297297.9098133
 4.887 1283168.0324088
 4.910 1269097.1112904
 4.932 1255095.0580457
 4.955 1241171.8848095
 4.977 1227337.6650695
 5.000 1213594.6006127