178.99	-0.512
179.20	-0.512
179.42	-0.512
179.63	-0.000
179.84	-0.070
180.06	-0.000
180.27	-0.240
180.49	-0.000
180.70	-0.000
180.92	-0.000
181.13	-0.462
181.35	-0.468
181.56	-0.000
181.77	-0.525
181.99	-0.000
182.20	-0.000
182.42	-0.594
182.63	-0.808
182.85	-0.669
183.06	-1.146
183.28	-0.000
183.49	-0.499
183.70	-1.501
183.92	-0.496
184.13	-0.465
184.35	-0.000
184.56	-0.000
184.78	-0.171
184.99	-0.628
185.21	-0.000
185.42	-0.722
185.63	-1.096
185.85	-1.498
186.06	-0.315
186.28	-0.634
186.49	-0.382
186.71	-0.260
186.92	-1.769
187.13	-0.000
187.35	-0.289
187.56	-1.949
187.78	-0.439
187.99	-0.000
188.21	-0.529
188.42	-0.000
188.63	-0.476
188.85	-0.000
189.06	-0.000
189.28	-0.321
189.49	-0.000
189.71	-0.000
189.92	-0.470
190.13	-0.513
190.35	-0.234
190.56	-0.138
190.78	-0.000
190.99	-0.630
191.20	-1.304
191.42	-0.447
191.63	-0.618
191.85	-0.488
192.06	-0.323
192.28	-0.000
192.49	-0.654
192.70	-0.362
192.92	-0.000
193.13	-0.000
193.35	-0.865
193.56	-0.868
193.77	-0.352
193.99	-0.191
194.20	-0.971
194.42	-0.454
194.63	-0.000
194.84	-0.000
195.06	-0.647
195.27	-0.000
195.49	-0.000
195.70	-0.257
195.91	-0.124
196.13	-0.188
196.34	-0.000
196.56	-0.347
196.77	-0.000
196.98	-0.650
197.20	-0.503
197.41	-0.000
197.63	-0.000
197.84	-0.894
198.05	-0.387
198.27	-0.000
198.48	-0.389
198.70	-0.598
198.91	-0.736
199.12	-0.000
199.34	-0.000
199.55	-0.841
199.76	-0.000
199.98	-0.210
200.19	-0.523
200.41	-0.866
200.62	-1.108
200.83	-0.943
201.05	-0.295
201.26	-0.644
201.48	-0.000
201.69	-0.000
201.90	-0.729
202.12	-0.000
202.33	-0.618
202.54	-0.000
202.76	-0.269
202.97	-1.537
203.19	-0.488
203.40	-0.000
203.61	-0.534
203.83	-1.628
204.04	-0.000
204.25	-0.273
204.47	-0.000
204.68	-0.568
204.89	-0.000
205.11	-0.000
205.32	-0.263
205.54	-0.793
205.75	-0.654
205.96	-0.867
206.18	-0.337
206.39	-0.890
206.60	-0.614
206.82	-0.000
207.03	-0.000
207.24	-1.099
207.46	-0.479
207.67	-0.000
207.89	-1.811
208.10	-0.656
208.31	-0.548
208.53	-0.705
208.74	-1.605
208.95	-0.000
209.17	-0.000
209.38	-0.509
209.59	-0.000
209.81	-0.000
210.02	-0.346
210.23	-0.284
210.45	-0.000
210.66	-0.000
210.87	-0.802
211.09	-0.401
211.30	-0.485
211.51	-1.092
211.73	-0.719
211.94	-0.325
212.15	-0.880
212.37	-0.080
212.58	-0.000
212.79	-0.899
213.01	-0.358
213.22	-0.000
213.43	-0.788
213.65	-0.634
213.86	-0.000
214.07	-1.045
214.29	-0.000
214.50	-0.000
214.71	-0.566
214.93	-0.448
215.14	-0.697
215.35	-0.405
215.57	-0.000
215.78	-0.000
215.99	-0.000
216.21	-0.518
216.42	-0.559
216.63	-0.000
216.85	-0.000
217.06	-0.000
217.27	-0.000
217.49	-0.000
217.70	-0.281
217.91	-0.289
218.13	-0.947
218.34	-0.826
218.55	-0.000
218.77	-0.000
218.98	-0.943
219.19	-0.954
219.40	-0.247
219.62	-0.000
219.83	-0.000
220.04	-0.000
220.26	-0.863
220.47	-0.861
220.68	-0.265
220.90	-0.000
221.11	-0.000
221.32	-1.082
221.54	-0.000
221.75	-0.000
221.96	-0.303
222.17	-0.391
222.39	-0.096
222.60	-0.000
222.81	-0.773
223.03	-0.521
223.24	-0.000
223.45	-1.020
223.67	-0.609
223.88	-0.000
224.09	-0.699
224.30	-0.634
224.52	-0.000
224.73	-0.000
224.94	-0.102
225.16	-1.220
225.37	-0.469
225.58	-0.000
225.79	-0.574
226.01	-0.000
226.22	-0.020
226.43	-0.178
226.65	-0.827
226.86	-0.319
227.07	-0.000
227.28	-0.000
227.50	-0.000
227.71	-1.490
227.92	-0.293
228.14	-0.000
228.35	-0.596
228.56	-0.000
228.77	-1.514
228.99	-0.409
229.20	-0.000
229.41	-0.230
229.62	-0.000
229.84	-0.350
230.05	-0.555
230.26	-0.000
230.48	-0.000
230.69	-0.000
230.90	-0.347
231.11	-0.565
231.33	-1.050
231.54	-0.000
231.75	-0.715
231.96	-0.119
232.18	-0.000
232.39	-0.222
232.60	-0.990
232.81	-0.356
233.03	-0.577
233.24	-0.000
233.45	-0.000
233.66	-0.000
233.88	-0.000
234.09	-0.726
234.30	-0.000
234.51	-0.260
234.73	-0.000
234.94	-0.180
235.15	-1.212
235.36	-0.401
235.58	-0.494
235.79	-0.165
236.00	-0.000
236.21	-0.136
236.43	-0.000
236.64	-1.676
236.85	-0.966
237.06	-0.490
237.28	-0.000
237.49	-0.787
237.70	-0.809
237.91	-1.723
238.13	-0.000
238.34	-0.704
238.55	-0.460
238.76	-0.000
238.98	-0.000
239.19	-0.000
239.40	-0.416
239.61	-0.000
239.83	-0.672
240.04	-0.998
240.25	-0.000
240.46	-0.000
240.67	-0.000
240.89	-0.000
241.10	-0.181
241.31	-0.677
241.52	-0.414
241.74	-0.571
241.95	-0.245
242.16	-1.043
242.37	-0.448
242.58	-0.000
242.80	-0.000
243.01	-0.000
243.22	-0.369
243.43	-0.919
243.65	-0.000
243.86	-0.706
244.07	-0.271
244.28	-1.189
244.49	-0.000
244.71	-0.120
244.92	-0.512
245.13	-0.126
245.34	-0.235
245.55	-0.000
245.77	-0.000
245.98	-0.000
246.19	-0.319
246.40	-0.157
246.62	-0.000
246.83	-0.243
247.04	-0.495
247.25	-0.587
247.46	-0.395
247.68	-0.000
247.89	-0.360
248.10	-0.000
248.31	-0.425
248.52	-0.354
248.74	-1.386
248.95	-0.000
249.16	-0.403
249.37	-0.293
249.58	-0.399
249.79	-0.586
250.01	-0.000
250.22	-0.152
250.43	-0.000
250.64	-0.000
250.85	-0.509
251.07	-0.242
251.28	-0.259
251.49	-0.462
251.70	-1.071
251.91	-0.544
252.13	-0.000
252.34	-0.388
252.55	-0.000
252.76	-0.000
252.97	-0.385
253.18	-0.000
253.40	-0.757
253.61	-0.000
253.82	-0.000
254.03	-0.299
254.24	-0.000
254.46	-1.046
254.67	-0.501
254.88	-0.349
255.09	-0.000
255.30	-1.430
255.51	-0.000
255.73	-0.000
255.94	-0.626
256.15	-0.000
256.36	-0.000
256.57	-0.000
256.78	-0.000
257.00	-0.351
257.21	-0.000
257.42	-0.000
257.63	-0.809
257.84	-0.390
258.05	-0.953
258.26	-0.000
258.48	-0.910
258.69	-0.000
258.90	-0.844
259.11	-0.000
259.32	-1.545
259.53	-0.000
259.75	-0.000
259.96	-0.000
260.17	-0.576
260.38	-0.000
260.59	-0.000
260.80	-0.000
261.01	-0.419
261.23	-0.619
261.44	-0.615
261.65	-0.698
261.86	-0.000
262.07	-0.000
262.28	-0.391
262.49	-0.654
262.71	-0.000
262.92	-0.000
263.13	-0.000
263.34	-0.530
263.55	-0.000
263.76	-0.399
263.97	-0.325
264.19	-0.364
264.40	-0.000
264.61	-0.343
264.82	-0.721
265.03	-0.304
265.24	-0.000
265.45	-1.052
265.66	-0.000
265.88	-1.072
266.09	-1.911
266.30	-1.084
266.51	-0.000
266.72	-0.047
266.93	-0.000
267.14	-0.553
267.35	-0.000
267.57	-0.353
267.78	-0.000
267.99	-0.000
268.20	-0.000
268.41	-0.000
268.62	-0.000
268.83	-0.640
269.04	-0.000
269.25	-0.438
269.47	-0.525
269.68	-0.288
269.89	-0.499
270.10	-0.737
270.31	-0.000
270.52	-0.847
270.73	-0.815
270.94	-0.000
271.15	-1.530
271.37	-0.605
271.58	-0.546
271.79	-0.000
272.00	-0.000
272.21	-0.217
272.42	-1.622
272.63	-0.000
272.84	-0.000
273.05	-0.875
273.26	-0.000
273.48	-0.000
273.69	-0.000
273.90	-1.069
274.11	-0.450
274.32	-0.218
274.53	-0.000
274.74	-0.000
274.95	-1.652
275.16	-0.413
275.37	-0.403
275.58	-0.407
275.80	-0.000
276.01	-0.000
276.22	-0.060
276.43	-0.220
276.64	-1.126
276.85	-0.000
277.06	-0.733
277.27	-0.611
277.48	-0.239
277.69	-0.073
277.90	-0.582
278.11	-0.000
278.32	-0.651
278.54	-0.000
278.75	-0.000
278.96	-0.000
279.17	-0.000
279.38	-0.506
279.59	-0.000
279.80	-0.392
280.01	-0.255
280.22	-0.414
280.43	-0.000
280.64	-0.000
280.85	-1.193
281.06	-0.712
281.27	-0.351
281.48	-0.312
281.70	-0.494
281.91	-0.000
282.12	-0.000
282.33	-0.668
282.54	-0.000
282.75	-0.585
282.96	-0.483
283.17	-0.000
283.38	-0.350
283.59	-0.000
283.80	-0.000
284.01	-0.000
284.22	-0.774
284.43	-0.622
284.64	-0.000
284.85	-1.061
285.06	-0.098
285.27	-0.000
285.48	-0.000
285.70	-0.000
285.91	-0.422
286.12	-1.045
286.33	-0.239
286.54	-0.000
286.75	-0.230
286.96	-0.509
287.17	-0.738
287.38	-0.338
287.59	-0.000
287.80	-0.000
288.01	-0.723
288.22	-0.439
288.43	-0.008
288.64	-0.316
288.85	-0.583
289.06	-0.000
289.27	-0.000
289.48	-1.374
289.69	-0.937
289.90	-0.277
290.11	-0.000
290.32	-0.000
290.53	-0.445
290.74	-0.000
290.95	-0.347
291.16	-0.000
291.37	-1.269
291.58	-0.310
291.79	-0.472
292.00	-0.000
292.21	-0.557
292.42	-0.626
292.63	-0.416
292.84	-0.000
293.05	-0.000
293.26	-0.931
293.47	-0.176
293.68	-0.289
293.89	-0.000
294.10	-0.442
294.31	-0.000
294.52	-1.126
294.73	-0.912
294.95	-0.753
295.16	-0.323
295.37	-0.361
295.58	-0.424
295.79	-0.088
295.99	-0.723
296.20	-0.821
296.41	-0.483
296.62	-0.000
296.83	-0.096
297.04	-1.185
297.25	-0.468
297.46	-0.310
297.67	-0.176
297.88	-0.489
298.09	-0.609
298.30	-1.146
298.51	-0.000
298.72	-0.833
298.93	-0.397
299.14	-0.000
299.35	-1.139
299.56	-0.676
299.77	-0.000
299.98	-0.256
300.19	-0.577
300.40	-0.349
300.61	0.111
300.82	-0.000
301.03	-0.860
301.24	-0.253
301.45	-0.000
301.66	-0.000
301.87	-0.192
302.08	-0.000
302.29	-0.559
302.50	-1.813
302.71	-0.100
302.92	-0.000
303.13	-0.468
303.34	-0.000
303.55	-0.000
303.76	-0.000
303.97	-0.000
304.18	-0.000
304.39	-0.810
304.60	-0.373
304.81	-1.197
305.02	-0.383
305.22	-0.477
305.43	-0.497
305.64	-0.000
305.85	-0.453
306.06	-0.816
306.27	-0.512
306.48	-0.961
306.69	-0.139
306.90	-0.545
307.11	-0.000
307.32	-0.000
307.53	-0.000
307.74	-0.000
307.95	-0.635
308.16	-0.000
308.37	-0.000
308.58	-0.754
308.79	-0.000
309.00	-0.558
309.21	-1.074
309.41	-0.000
309.62	-0.692
309.83	-0.185
310.04	-1.632
310.25	-1.372
310.46	-0.239
310.67	-0.244
310.88	-0.000
311.09	-0.000
311.30	-0.000
311.51	-0.810
311.72	-0.000
311.93	-1.302
312.14	-0.000
312.34	-0.757
312.55	-0.000
312.76	-0.317
312.97	-0.000
313.18	-0.590
313.39	-0.310
313.60	-0.663
313.81	-0.000
314.02	-0.000
314.23	-1.534
314.44	-0.000
314.65	-0.000
314.86	-0.000
315.06	-0.468
315.27	-0.280
315.48	-0.395
315.69	-0.381
315.90	-0.000
316.11	-0.664
316.32	-0.434
316.53	-0.000
316.74	-0.493
316.95	-0.597
317.16	-0.000
317.36	-0.000
317.57	-0.432
317.78	-0.000
317.99	-0.492
318.20	-0.891
318.41	-0.625
318.62	-0.250
318.83	-0.000
319.04	-0.621
319.24	-0.000
319.45	-0.000
319.66	-0.349
319.87	-0.261
320.08	-0.915
320.29	-0.390
320.50	-1.278
320.71	-0.870
320.92	-0.670
321.12	-0.355
321.33	-0.466
321.54	-0.000
321.75	-0.317
321.96	-0.000
322.17	-0.000
322.38	-0.000
322.59	-0.164
322.80	-0.000
323.00	-0.622
323.21	-0.870
323.42	-0.689
323.63	-0.895
323.84	-0.590
324.05	-0.834
324.26	-0.000
324.47	-0.404
324.67	-0.593
324.88	-0.000
325.09	-0.000
325.30	-0.000
325.51	-0.000
325.72	-0.054
325.93	-0.000
326.13	-0.843
326.34	-0.519
326.55	-0.000
326.76	-0.322
326.97	-0.000
327.18	-0.147
327.39	-0.574
327.59	-0.000
327.80	-0.371
328.01	-0.151
328.22	-1.775
328.43	-0.748
328.64	-0.220
328.85	-0.209
329.05	-0.162
329.26	-0.323
329.47	-0.000
329.68	-0.000
329.89	-1.343
330.10	-0.000
330.30	-0.000
330.51	-0.554
330.72	-0.668
330.93	-0.000
331.14	-0.223
331.35	-0.549
331.56	-0.360
331.76	-0.000
331.97	-0.000
332.18	-0.718
332.39	-0.000
332.60	-0.543
332.81	-0.595
333.01	-0.682
333.22	-0.534
333.43	-0.400
333.64	-0.373
333.85	-0.268
334.05	-1.539
334.26	-0.180
334.47	-0.662
334.68	-0.141
334.89	-0.317
335.10	-0.471
335.30	-0.807
335.51	-0.356
335.72	-0.044
335.93	-0.326
336.14	-0.148
336.35	-0.118
336.55	-0.528
336.76	-0.588
336.97	-0.595
337.18	0.053
337.39	-0.000
337.59	-0.124
337.80	-0.337
338.01	-0.405
338.22	-0.234
338.43	-0.090
338.63	-0.182
338.84	-0.607
339.05	-0.262
339.26	-0.024
339.47	-0.260
339.67	-0.077
339.88	-0.305
340.09	0.001
340.30	-0.155
340.51	-0.127
340.71	-0.164
340.92	-0.069
341.13	-0.167
341.34	-0.305
341.55	-0.271
341.75	-0.256
341.96	-0.405
342.17	-0.476
342.38	-0.117
342.58	0.024
342.79	-0.202
343.00	-0.348
343.21	-0.000
343.42	-0.041
343.62	-0.235
343.83	-0.252
344.04	-0.345
344.25	-0.067
344.46	-0.173
344.66	-0.095
344.87	-0.138
345.08	-0.175
345.29	0.047
345.49	0.139
345.70	-0.026
345.91	-0.041
346.12	-0.040
346.32	0.050
346.53	-0.060
346.74	0.134
346.95	0.347
347.16	-0.034
347.36	0.154
347.57	-0.325
347.78	0.105
347.99	-0.078
348.19	0.134
348.40	0.150
348.61	0.104
348.82	0.018
349.02	0.002
349.23	-0.165
349.44	0.070
349.65	0.115
349.85	0.067
350.06	0.093
350.27	0.152
350.48	0.162
350.68	0.015
350.89	0.188
351.10	-0.006
351.31	-0.072
351.51	0.226
351.72	0.008
351.93	0.183
352.14	0.133
352.34	-0.105
352.55	0.206
352.76	0.031
352.96	0.086
353.17	0.021
353.38	0.020
353.59	0.130
353.79	0.277
354.00	-0.007
354.21	0.090
354.42	0.073
354.62	0.301
354.83	0.039
355.04	0.121
355.24	0.143
355.45	0.162
355.66	0.075
355.87	0.094
356.07	0.137
356.28	0.108
356.49	0.106
356.70	0.260
356.90	0.185
357.11	0.302
357.32	0.145
357.52	0.135
357.73	0.108
357.94	0.386
358.15	0.150
358.35	0.137
358.56	0.153
358.77	0.251
358.97	0.315
359.18	0.222
359.39	0.278
359.59	0.119
359.80	0.279
360.01	0.291
360.22	0.193
360.42	0.147
360.63	0.227
360.84	0.171
361.04	0.246
361.25	0.400
361.46	0.156
361.66	0.187
361.87	0.270
362.08	0.226
362.29	0.238
362.49	0.174
362.70	0.224
362.91	0.332
363.11	0.332
363.32	0.405
363.53	0.188
363.73	0.203
363.94	0.206
364.15	0.199
364.35	0.307
364.56	0.344
364.77	0.160
364.97	0.236
365.18	0.315
365.39	0.256
365.59	0.443
365.80	0.331
366.01	0.313
366.21	0.174
366.42	0.382
366.63	0.327
366.83	0.285
367.04	0.327
367.25	0.341
367.45	0.236
367.66	0.388
367.87	0.388
368.07	0.291
368.28	0.364
368.49	0.334
368.69	0.320
368.90	0.285
369.11	0.299
369.31	0.292
369.52	0.300
369.73	0.248
369.93	0.372
370.14	0.326
370.35	0.308
370.55	0.295
370.76	0.300
370.97	0.368
371.17	0.344
371.38	0.302
371.58	0.358
371.79	0.373
372.00	0.464
372.20	0.364
372.41	0.337
372.62	0.336
372.82	0.332
373.03	0.351
373.24	0.407
373.44	0.274
373.65	0.309
373.85	0.350
374.06	0.353
374.27	0.357
374.47	0.311
374.68	0.310
374.89	0.329
375.09	0.302
375.30	0.413
375.51	0.301
375.71	0.371
375.92	0.401
376.12	0.403
376.33	0.363
376.54	0.387
376.74	0.307
376.95	0.411
377.15	0.285
377.36	0.318
377.57	0.318
377.77	0.332
377.98	0.317
378.19	0.287
378.39	0.337
378.60	0.359
378.80	0.329
379.01	0.346
379.22	0.424
379.42	0.467
379.63	0.375
379.83	0.442
380.04	0.329
380.25	0.420
380.45	0.395
380.66	0.409
380.86	0.345
381.07	0.441
381.28	0.399
381.48	0.398
381.69	0.373
381.89	0.457
382.10	0.317
382.31	0.426
382.51	0.408
382.72	0.447
382.92	0.535
383.13	0.473
383.33	0.327
383.54	0.410
383.75	0.402
383.95	0.406
384.16	0.334
384.36	0.432
384.57	0.454
384.78	0.445
384.98	0.386
385.19	0.375
385.39	0.473
385.60	0.370
385.80	0.369
386.01	0.398
386.22	0.400
386.42	0.409
386.63	0.380
386.83	0.381
387.04	0.408
387.24	0.406
387.45	0.414
387.65	0.453
387.86	0.434
388.07	0.444
388.27	0.386
388.48	0.397
388.68	0.471
388.89	0.446
389.09	0.462
389.30	0.442
389.50	0.364
389.71	0.397
389.92	0.379
390.12	0.464
390.33	0.436
390.53	0.405
390.74	0.413
390.94	0.399
391.15	0.418
391.35	0.470
391.56	0.420
391.77	0.378
391.97	0.419
392.18	0.404
392.38	0.396
392.59	0.430
392.79	0.519
393.00	0.438
393.20	0.448
393.41	0.433
393.61	0.462
393.82	0.442
394.02	0.388
394.23	0.414
394.43	0.452
394.64	0.426
394.84	0.382
395.05	0.532
395.26	0.410
395.46	0.413
395.67	0.366
395.87	0.428
396.08	0.401
396.28	0.439
396.49	0.489
396.69	0.408
396.90	0.442
397.10	0.441
397.31	0.415
397.51	0.482
397.72	0.415
397.92	0.361
398.13	0.430
398.33	0.429
398.54	0.458
398.74	0.421
398.95	0.496
399.15	0.398
399.36	0.443
399.56	0.411
399.77	0.416
399.97	0.404
400.18	0.411
400.38	0.445
400.59	0.418
400.79	0.466
401.00	0.416
401.20	0.457
401.41	0.407
401.61	0.486
401.82	0.398
402.02	0.427
402.23	0.464
402.43	0.400
402.64	0.406
402.84	0.468
403.05	0.492
403.25	0.404
403.46	0.488
403.66	0.470
403.87	0.402
404.07	0.414
404.27	0.452
404.48	0.408
404.68	0.434
404.89	0.427
405.09	0.440
405.30	0.442
405.50	0.419
405.71	0.406
405.91	0.463
406.12	0.479
406.32	0.442
406.53	0.456
406.73	0.409
406.94	0.447
407.14	0.542
407.34	0.448
407.55	0.450
407.75	0.406
407.96	0.424
408.16	0.504
408.37	0.434
408.57	0.440
408.78	0.442
408.98	0.473
409.19	0.433
409.39	0.455
409.59	0.450
409.80	0.436
410.00	0.451
410.21	0.430
410.41	0.423
410.62	0.439
410.82	0.470
411.03	0.472
411.23	0.471
411.43	0.451
411.64	0.451
411.84	0.429
412.05	0.400
412.25	0.420
412.46	0.398
412.66	0.458
412.86	0.422
413.07	0.434
413.27	0.462
413.48	0.480
413.68	0.457
413.89	0.436
414.09	0.453
414.29	0.441
414.50	0.484
414.70	0.428
414.91	0.444
415.11	0.429
415.32	0.461
415.52	0.468
415.72	0.460
415.93	0.390
416.13	0.478
416.34	0.436
416.54	0.468
416.74	0.466
416.95	0.441
417.15	0.449
417.36	0.410
417.56	0.446
417.76	0.433
417.97	0.456
418.17	0.435
418.38	0.457
418.58	0.484
418.78	0.416
418.99	0.429
419.19	0.435
419.40	0.447
419.60	0.441
419.80	0.426
420.01	0.460
420.21	0.430
420.42	0.451
420.62	0.476
420.82	0.432
421.03	0.475
421.23	0.464
421.44	0.459
421.64	0.426
421.84	0.439
422.05	0.471
422.25	0.401
422.45	0.437
422.66	0.442
422.86	0.436
423.07	0.427
423.27	0.454
423.47	0.457
423.68	0.466
423.88	0.468
424.08	0.438
424.29	0.443
424.49	0.462
424.70	0.471
424.90	0.452
425.10	0.406
425.31	0.480
425.51	0.411
425.71	0.450
425.92	0.449
426.12	0.474
426.32	0.427
426.53	0.428
426.73	0.438
426.93	0.460
427.14	0.486
427.34	0.434
427.55	0.438
427.75	0.418
427.95	0.471
428.16	0.428
428.36	0.464
428.56	0.421
428.77	0.484
428.97	0.457
429.17	0.438
429.38	0.447
429.58	0.440
429.78	0.461
429.99	0.442
430.19	0.452
430.39	0.436
430.60	0.435
430.80	0.417
431.00	0.456
431.21	0.418
431.41	0.439
431.61	0.435
431.82	0.441
432.02	0.440
432.22	0.471
432.43	0.444
432.63	0.451
432.83	0.464
433.04	0.482
433.24	0.447
433.44	0.486
433.65	0.466
433.85	0.443
434.05	0.438
434.25	0.470
434.46	0.436
434.66	0.462
434.86	0.462
435.07	0.459
435.27	0.433
435.47	0.467
435.68	0.474
435.88	0.452
436.08	0.464
436.29	0.460
436.49	0.443
436.69	0.478
436.89	0.443
437.10	0.480
437.30	0.472
437.50	0.422
437.71	0.468
437.91	0.450
438.11	0.432
438.32	0.450
438.52	0.451
438.72	0.448
438.92	0.450
439.13	0.451
439.33	0.463
439.53	0.444
439.74	0.459
439.94	0.462
440.14	0.462
440.34	0.443
440.55	0.457
440.75	0.444
440.95	0.459
441.15	0.429
441.36	0.475
441.56	0.459
441.76	0.455
441.97	0.456
442.17	0.445
442.37	0.451
442.57	0.454
442.78	0.469
442.98	0.450
443.18	0.477
443.38	0.446
443.59	0.468
443.79	0.457
443.99	0.453
444.19	0.477
444.40	0.440
444.60	0.446
444.80	0.468
445.00	0.467
445.21	0.479
445.41	0.454
445.61	0.441
445.81	0.453
446.02	0.446
446.22	0.455
446.42	0.457
446.62	0.441
446.83	0.468
447.03	0.459
447.23	0.460
447.43	0.461
447.64	0.435
447.84	0.454
448.04	0.483
448.24	0.471
448.45	0.453
448.65	0.455
448.85	0.451
449.05	0.488
449.26	0.460
449.46	0.454
449.66	0.479
449.86	0.438
450.06	0.441
450.27	0.461
450.47	0.475
450.67	0.429
450.87	0.444
451.08	0.459
451.28	0.451
451.48	0.448
451.68	0.437
451.88	0.439
452.09	0.445
452.29	0.455
452.49	0.458
452.69	0.454
452.89	0.465
453.10	0.451
453.30	0.471
453.50	0.445
453.70	0.448
453.90	0.464
454.11	0.465
454.31	0.467
454.51	0.442
454.71	0.468
454.91	0.468
455.12	0.481
455.32	0.468
455.52	0.451
455.72	0.467
455.92	0.450
456.13	0.447
456.33	0.443
456.53	0.477
456.73	0.461
456.93	0.457
457.14	0.465
457.34	0.484
457.54	0.477
457.74	0.472
457.94	0.460
458.14	0.492
458.35	0.465
458.55	0.472
458.75	0.468
458.95	0.447
459.15	0.470
459.36	0.463
459.56	0.437
459.76	0.448
459.96	0.471
460.16	0.468
460.36	0.465
460.57	0.489
460.77	0.480
460.97	0.495
461.17	0.460
461.37	0.459
461.57	0.455
461.77	0.462
461.98	0.490
462.18	0.464
462.38	0.485
462.58	0.478
462.78	0.439
462.98	0.472
463.19	0.476
463.39	0.465
463.59	0.473
463.79	0.473
463.99	0.474
464.19	0.484
464.39	0.503
464.60	0.488
464.80	0.477
465.00	0.495
465.20	0.470
465.40	0.485
465.60	0.465
465.80	0.486
466.01	0.492
466.21	0.492
466.41	0.487
466.61	0.491
466.81	0.483
467.01	0.502
467.21	0.513
467.41	0.507
467.62	0.497
467.82	0.482
468.02	0.526
468.22	0.491
468.42	0.484
468.62	0.498
468.82	0.477
469.02	0.495
469.22	0.499
469.43	0.492
469.63	0.512
469.83	0.504
470.03	0.510
470.23	0.491
470.43	0.494
470.63	0.515
470.83	0.504
471.03	0.513
471.24	0.501
471.44	0.520
471.64	0.525
471.84	0.514
472.04	0.507
472.24	0.519
472.44	0.513
472.64	0.512
472.84	0.522
473.04	0.506
473.25	0.528
473.45	0.516
473.65	0.529
473.85	0.522
474.05	0.535
474.25	0.519
474.45	0.520
474.65	0.520
474.85	0.521
475.05	0.522
475.25	0.516
475.45	0.529
475.66	0.527
475.86	0.522
476.06	0.538
476.26	0.531
476.46	0.536
476.66	0.541
476.86	0.525
477.06	0.538
477.26	0.529
477.46	0.535
477.66	0.540
477.86	0.560
478.06	0.534
478.26	0.540
478.46	0.536
478.67	0.529
478.87	0.533
479.07	0.544
479.27	0.550
479.47	0.561
479.67	0.540
479.87	0.549
480.07	0.553
480.27	0.558
480.47	0.556
480.67	0.555
480.87	0.539
481.07	0.556
481.27	0.538
481.47	0.541
481.67	0.572
481.87	0.559
482.07	0.548
482.27	0.546
482.47	0.566
482.67	0.538
482.87	0.571
483.07	0.561
483.28	0.551
483.48	0.579
483.68	0.557
483.88	0.560
484.08	0.558
484.28	0.564
484.48	0.575
484.68	0.581
484.88	0.574
485.08	0.562
485.28	0.576
485.48	0.580
485.68	0.577
485.88	0.549
486.08	0.574
486.28	0.582
486.48	0.582
486.68	0.566
486.88	0.583
487.08	0.560
487.28	0.587
487.48	0.599
487.68	0.580
487.88	0.592
488.08	0.595
488.28	0.579
488.48	0.579
488.68	0.584
488.88	0.609
489.08	0.599
489.28	0.616
489.48	0.587
489.68	0.602
489.88	0.598
490.08	0.600
490.28	0.614
490.48	0.606
490.68	0.601
490.88	0.615
491.08	0.622
491.28	0.618
491.48	0.611
491.68	0.607
491.88	0.621
492.08	0.625
492.28	0.619
492.48	0.632
492.68	0.619
492.88	0.624
493.08	0.619
493.28	0.624
493.48	0.620
493.67	0.633
493.87	0.634
494.07	0.627
494.27	0.640
494.47	0.631
494.67	0.649
494.87	0.634
495.07	0.655
495.27	0.645
495.47	0.632
495.67	0.650
495.87	0.636
496.07	0.632
496.27	0.659
496.47	0.630
496.67	0.647
496.87	0.650
497.07	0.635
497.27	0.646
497.47	0.643
497.67	0.657
497.87	0.654
498.06	0.682
498.26	0.657
498.46	0.651
498.66	0.665
498.86	0.651
499.06	0.656
499.26	0.656
499.46	0.666
499.66	0.660
499.86	0.663
500.06	0.664
500.26	0.652
500.46	0.656
500.66	0.668
500.86	0.691
501.05	0.668
501.25	0.688
501.45	0.679
501.65	0.666
501.85	0.670
502.05	0.722
502.25	0.688
502.45	0.710
502.65	0.680
502.85	0.680
503.05	0.681
503.24	0.698
503.44	0.702
503.64	0.700
503.84	0.684
504.04	0.689
504.24	0.705
504.44	0.689
504.64	0.700
504.84	0.702
505.04	0.704
505.24	0.721
505.43	0.689
505.63	0.701
505.83	0.701
506.03	0.734
506.23	0.699
506.43	0.718
506.63	0.706
506.83	0.707
507.03	0.718
507.22	0.716
507.42	0.723
507.62	0.729
507.82	0.714
508.02	0.724
508.22	0.730
508.42	0.730
508.62	0.725
508.81	0.730
509.01	0.728
509.21	0.732
509.41	0.718
509.61	0.726
509.81	0.717
510.01	0.719
510.21	0.728
510.40	0.711
510.60	0.743
510.80	0.718
511.00	0.748
511.20	0.737
511.40	0.736
511.60	0.731
511.79	0.744
511.99	0.732
512.19	0.729
512.39	0.725
512.59	0.728
512.79	0.744
512.99	0.743
513.18	0.742
513.38	0.735
513.58	0.751
513.78	0.749
513.98	0.758
514.18	0.741
514.37	0.736
514.57	0.736
514.77	0.737
514.97	0.752
515.17	0.742
515.37	0.757
515.56	0.766
515.76	0.751
515.96	0.734
516.16	0.759
516.36	0.759
516.56	0.760
516.75	0.762
516.95	0.744
517.15	0.757
517.35	0.747
517.55	0.754
517.75	0.739
517.94	0.761
518.14	0.761
518.34	0.748
518.54	0.755
518.74	0.756
518.93	0.759
519.13	0.753
519.33	0.761
519.53	0.740
519.73	0.755
519.92	0.762
520.12	0.733
520.32	0.764
520.52	0.755
520.72	0.761
520.91	0.732
521.11	0.747
521.31	0.755
521.51	0.746
521.71	0.754
521.90	0.752
522.10	0.753
522.30	0.747
522.50	0.752
522.70	0.739
522.89	0.741
523.09	0.747
523.29	0.738
523.49	0.747
523.69	0.747
523.88	0.739
524.08	0.740
524.28	0.745
524.48	0.742
524.67	0.747
524.87	0.754
525.07	0.730
525.27	0.745
525.46	0.741
525.66	0.749
525.86	0.745
526.06	0.738
526.26	0.731
526.45	0.737
526.65	0.733
526.85	0.740
527.05	0.709
527.24	0.733
527.44	0.734
527.64	0.739
527.84	0.728
528.03	0.714
528.23	0.721
528.43	0.715
528.63	0.732
528.82	0.722
529.02	0.725
529.22	0.708
529.42	0.717
529.61	0.715
529.81	0.707
530.01	0.721
530.21	0.714
530.40	0.702
530.60	0.715
530.80	0.718
531.00	0.699
531.19	0.700
531.39	0.708
531.59	0.704
531.78	0.693
531.98	0.715
532.18	0.697
532.38	0.689
532.57	0.688
532.77	0.691
532.97	0.687
533.16	0.680
533.36	0.684
533.56	0.685
533.76	0.686
533.95	0.675
534.15	0.695
534.35	0.677
534.55	0.678
534.74	0.681
534.94	0.682
535.14	0.661
535.33	0.677
535.53	0.656
535.73	0.651
535.92	0.677
536.12	0.672
536.32	0.662
536.52	0.651
536.71	0.651
536.91	0.657
537.11	0.641
537.30	0.652
537.50	0.646
537.70	0.642
537.89	0.648
538.09	0.638
538.29	0.648
538.48	0.634
538.68	0.628
538.88	0.639
539.08	0.636
539.27	0.623
539.47	0.624
539.67	0.621
539.86	0.627
540.06	0.600
540.26	0.611
540.45	0.619
540.65	0.608
540.85	0.610
541.04	0.613
541.24	0.617
541.44	0.598
541.63	0.602
541.83	0.597
542.03	0.599
542.22	0.601
542.42	0.595
542.62	0.588
542.81	0.601
543.01	0.588
543.21	0.585
543.40	0.583
543.60	0.580
543.79	0.579
543.99	0.567
544.19	0.582
544.38	0.569
544.58	0.566
544.78	0.581
544.97	0.567
545.17	0.553
545.37	0.560
545.56	0.553
545.76	0.553
545.96	0.561
546.15	0.557
546.35	0.545
546.54	0.558
546.74	0.536
546.94	0.542
547.13	0.534
547.33	0.550
547.53	0.535
547.72	0.525
547.92	0.535
548.11	0.534
548.31	0.527
548.51	0.531
548.70	0.519
548.90	0.521
549.10	0.504
549.29	0.518
549.49	0.511
549.68	0.510
549.88	0.505
550.08	0.509
550.27	0.494
550.47	0.504
550.66	0.490
550.86	0.495
551.06	0.492
551.25	0.494
551.45	0.490
551.64	0.482
551.84	0.483
552.04	0.487
552.23	0.480
552.43	0.486
552.62	0.479
552.82	0.458
553.02	0.471
553.21	0.464
553.41	0.469
553.60	0.461
553.80	0.455
554.00	0.458
554.19	0.459
554.39	0.454
554.58	0.460
554.78	0.467
554.97	0.446
555.17	0.453
555.37	0.449
555.56	0.449
555.76	0.439
555.95	0.442
556.15	0.443
556.34	0.436
556.54	0.437
556.74	0.435
556.93	0.431
557.13	0.423
557.32	0.430
557.52	0.424
557.71	0.422
557.91	0.422
558.10	0.415
558.30	0.409
558.50	0.409
558.69	0.414
558.89	0.408
559.08	0.405
559.28	0.409
559.47	0.396
559.67	0.396
559.86	0.412
560.06	0.395
560.25	0.385
560.45	0.396
560.65	0.393
560.84	0.384
561.04	0.385
561.23	0.374
561.43	0.389
561.62	0.378
561.82	0.382
562.01	0.372
562.21	0.376
562.40	0.371
562.60	0.374
562.79	0.362
562.99	0.361
563.18	0.367
563.38	0.366
563.57	0.363
563.77	0.367
563.96	0.366
564.16	0.356
564.36	0.354
564.55	0.345
564.75	0.355
564.94	0.344
565.14	0.346
565.33	0.338
565.53	0.350
565.72	0.341
565.92	0.345
566.11	0.335
566.31	0.335
566.50	0.337
566.70	0.339
566.89	0.332
567.09	0.330
567.28	0.335
567.48	0.324
567.67	0.324
567.87	0.329
568.06	0.321
568.26	0.318
568.45	0.328
568.64	0.317
568.84	0.314
569.03	0.318
569.23	0.318
569.42	0.318
569.62	0.313
569.81	0.313
570.01	0.318
570.20	0.306
570.40	0.314
570.59	0.303
570.79	0.298
570.98	0.302
571.18	0.297
571.37	0.291
571.57	0.302
571.76	0.298
571.95	0.294
572.15	0.296
572.34	0.298
572.54	0.287
572.73	0.268
572.93	0.279
573.12	0.289
573.32	0.279
573.51	0.276
573.71	0.288
573.90	0.279
574.09	0.287
574.29	0.276
574.48	0.265
574.68	0.273
574.87	0.268
575.07	0.265
575.26	0.274
575.46	0.268
575.65	0.264
575.84	0.259
576.04	0.272
576.23	0.266
576.43	0.253
576.62	0.261
576.82	0.257
577.01	0.262
577.20	0.258
577.40	0.258
577.59	0.258
577.79	0.252
577.98	0.248
578.18	0.249
578.37	0.251
578.56	0.250
578.76	0.253
578.95	0.250
579.15	0.253
579.34	0.249
579.53	0.236
579.73	0.239
579.92	0.242
580.12	0.236
580.31	0.237
580.50	0.231
580.70	0.234
580.89	0.241
581.09	0.233
581.28	0.238
581.47	0.235
581.67	0.230
581.86	0.231
582.06	0.228
582.25	0.222
582.44	0.227
582.64	0.226
582.83	0.218
583.03	0.224
583.22	0.220
583.41	0.219
583.61	0.216
583.80	0.210
583.99	0.214
584.19	0.222
584.38	0.211
584.58	0.211
584.77	0.214
584.96	0.214
585.16	0.203
585.35	0.214
585.54	0.211
585.74	0.204
585.93	0.206
586.13	0.201
586.32	0.204
586.51	0.202
586.71	0.203
586.90	0.204
587.09	0.201
587.29	0.192
587.48	0.198
587.67	0.194
587.87	0.195
588.06	0.198
588.25	0.191
588.45	0.192
588.64	0.194
588.83	0.191
589.03	0.189
589.22	0.192
589.41	0.193
589.61	0.193
589.80	0.186
589.99	0.191
590.19	0.186
590.38	0.189
590.57	0.184
590.77	0.183
590.96	0.182
591.15	0.175
591.35	0.184
591.54	0.180
591.73	0.174
591.93	0.183
592.12	0.180
592.31	0.178
592.51	0.180
592.70	0.176
592.89	0.175
593.09	0.172
593.28	0.178
593.47	0.174
593.67	0.171
593.86	0.170
594.05	0.169
594.25	0.173
594.44	0.170
594.63	0.169
594.82	0.172
595.02	0.172
595.21	0.165
595.40	0.158
595.60	0.168
595.79	0.166
595.98	0.164
596.17	0.170
596.37	0.159
596.56	0.162
596.75	0.164
596.95	0.164
597.14	0.168
597.33	0.165
597.52	0.156
597.72	0.157
597.91	0.157
598.10	0.156
598.30	0.160
598.49	0.158
598.68	0.149
598.87	0.148
599.07	0.153
599.26	0.155
599.45	0.158
599.65	0.146
599.84	0.150
600.03	0.151
600.22	0.150
600.42	0.147
600.61	0.147
600.80	0.147
600.99	0.153
601.19	0.142
601.38	0.154
601.57	0.146
601.76	0.146
601.96	0.148
602.15	0.152
602.34	0.145
602.53	0.135
602.73	0.138
602.92	0.143
603.11	0.140
603.30	0.133
603.50	0.142
603.69	0.138
603.88	0.135
604.07	0.146
604.26	0.138
604.46	0.138
604.65	0.144
604.84	0.130
605.03	0.148
605.23	0.133
605.42	0.125
605.61	0.126
605.80	0.135
606.00	0.139
606.19	0.132
606.38	0.122
606.57	0.133
606.76	0.137
606.96	0.133
607.15	0.129
607.34	0.127
607.53	0.135
607.72	0.130
607.92	0.128
608.11	0.124
608.30	0.127
608.49	0.127
608.68	0.132
608.88	0.132
609.07	0.125
609.26	0.121
609.45	0.121
609.64	0.126
609.84	0.126
610.03	0.119
610.22	0.119
610.41	0.119
610.60	0.107
610.80	0.121
610.99	0.122
611.18	0.120
611.37	0.114
611.56	0.117
611.76	0.119
611.95	0.121
612.14	0.115
612.33	0.114
612.52	0.114
612.71	0.118
612.91	0.119
613.10	0.122
613.29	0.119
613.48	0.111
613.67	0.116
613.86	0.113
614.06	0.115
614.25	0.110
614.44	0.115
614.63	0.106
614.82	0.111
615.01	0.111
615.20	0.111
615.40	0.110
615.59	0.106
615.78	0.107
615.97	0.107
616.16	0.111
616.35	0.108
616.55	0.105
616.74	0.110
616.93	0.104
617.12	0.105
617.31	0.109
617.50	0.112
617.69	0.106
617.88	0.103
618.08	0.102
618.27	0.103
618.46	0.111
618.65	0.106
618.84	0.104
619.03	0.099
619.22	0.104
619.42	0.100
619.61	0.093
619.80	0.113
619.99	0.099
620.18	0.101
620.37	0.106
620.56	0.105
620.75	0.100
620.94	0.106
621.14	0.097
621.33	0.100
621.52	0.101
621.71	0.097
621.90	0.104
622.09	0.101
622.28	0.104
622.47	0.097
622.66	0.096
622.85	0.096
623.05	0.099
623.24	0.103
623.43	0.097
623.62	0.090
623.81	0.099
624.00	0.094
624.19	0.090
624.38	0.102
624.57	0.096
624.76	0.095
624.95	0.091
625.15	0.092
625.34	0.089
625.53	0.087
625.72	0.093
625.91	0.093
626.10	0.096
626.29	0.088
626.48	0.093
626.67	0.092
626.86	0.089
627.05	0.086
627.24	0.086
627.43	0.085
627.62	0.095
627.82	0.092
628.01	0.084
628.20	0.086
628.39	0.088
628.58	0.088
628.77	0.082
628.96	0.078
629.15	0.094
629.34	0.084
629.53	0.085
629.72	0.082
629.91	0.086
630.10	0.092
630.29	0.078
630.48	0.084
630.67	0.083
630.86	0.081
631.05	0.074
631.24	0.080
631.43	0.078
631.62	0.091
631.81	0.086
632.00	0.084
632.20	0.086
632.39	0.081
632.58	0.084
632.77	0.080
632.96	0.086
633.15	0.076
633.34	0.083
633.53	0.082
633.72	0.072
633.91	0.078
634.10	0.078
634.29	0.078
634.48	0.084
634.67	0.077
634.86	0.078
635.05	0.080
635.24	0.067
635.43	0.066
635.62	0.081
635.81	0.079
636.00	0.078
636.19	0.078
636.38	0.076
636.57	0.072
636.76	0.078
636.95	0.074
637.14	0.080
637.33	0.074
637.52	0.080
637.71	0.075
637.90	0.073
638.09	0.071
638.28	0.075
638.47	0.078
638.66	0.073
638.85	0.075
639.04	0.079
639.23	0.074
639.41	0.073
639.60	0.066
639.79	0.077
639.98	0.075
640.17	0.075
640.36	0.068
640.55	0.077
640.74	0.071
640.93	0.071
641.12	0.071
641.31	0.076
641.50	0.070
641.69	0.073
641.88	0.084
642.07	0.067
642.26	0.071
642.45	0.061
642.64	0.067
642.83	0.066
643.02	0.065
643.21	0.070
643.40	0.069
643.59	0.066
643.77	0.071
643.96	0.074
644.15	0.067
644.34	0.066
644.53	0.065
644.72	0.064
644.91	0.067
645.10	0.066
645.29	0.071
645.48	0.063
645.67	0.068
645.86	0.061
646.05	0.069
646.24	0.061
646.42	0.064
646.61	0.065
646.80	0.071
646.99	0.065
647.18	0.059
647.37	0.071
647.56	0.059
647.75	0.059
647.94	0.058
648.13	0.064
648.32	0.066
648.50	0.061
648.69	0.066
648.88	0.060
649.07	0.066
649.26	0.059
649.45	0.067
649.64	0.058
649.83	0.057
650.02	0.061
650.21	0.072
650.39	0.061
650.58	0.064
650.77	0.057
650.96	0.059
651.15	0.062
651.34	0.065
651.53	0.068
651.72	0.063
651.90	0.059
652.09	0.056
652.28	0.053
652.47	0.055
652.66	0.056
652.85	0.060
653.04	0.058
653.23	0.055
653.41	0.057
653.60	0.064
653.79	0.054
653.98	0.059
654.17	0.054
654.36	0.066
654.55	0.064
654.73	0.059
654.92	0.056
655.11	0.052
655.30	0.056
655.49	0.061
655.68	0.051
655.87	0.060
656.05	0.058
656.24	0.048
656.43	0.055
656.62	0.053
656.81	0.058
657.00	0.049
657.18	0.051
657.37	0.060
657.56	0.056
657.75	0.065
657.94	0.058
658.13	0.054
658.31	0.053
658.50	0.060
658.69	0.057
658.88	0.047
659.07	0.051
659.26	0.052
659.44	0.052
659.63	0.045
659.82	0.058
660.01	0.063
660.20	0.052
660.38	0.051
660.57	0.058
660.76	0.053
660.95	0.047
661.14	0.055
661.32	0.048
661.51	0.054
661.70	0.053
661.89	0.048
662.08	0.059
662.26	0.049
662.45	0.051
662.64	0.054
662.83	0.047
663.02	0.061
663.20	0.052
663.39	0.056
663.58	0.043
663.77	0.051
663.96	0.051
664.14	0.059
664.33	0.045
664.52	0.053
664.71	0.051
664.89	0.050
665.08	0.050
665.27	0.049
665.46	0.045
665.64	0.054
665.83	0.049
666.02	0.056
666.21	0.049
666.40	0.046
666.58	0.048
666.77	0.042
666.96	0.045
667.15	0.050
667.33	0.045
667.52	0.043
667.71	0.049
667.90	0.043
668.08	0.042
668.27	0.050
668.46	0.050
668.65	0.056
668.83	0.043
669.02	0.056
669.21	0.048
669.40	0.042
669.58	0.055
669.77	0.049
669.96	0.046
670.14	0.045
670.33	0.042
670.52	0.050
670.71	0.047
670.89	0.034
671.08	0.048
671.27	0.046
671.46	0.050
671.64	0.045
671.83	0.045
672.02	0.046
672.20	0.051
672.39	0.047
672.58	0.047
672.77	0.051
672.95	0.041
673.14	0.047
673.33	0.044
673.51	0.045
673.70	0.039
673.89	0.041
674.08	0.040
674.26	0.036
674.45	0.041
674.64	0.047
674.82	0.042
675.01	0.046
675.20	0.042
675.38	0.035
675.57	0.040
675.76	0.032
675.94	0.037
676.13	0.036
676.32	0.042
676.51	0.044
676.69	0.041
676.88	0.044
677.07	0.043
677.25	0.047
677.44	0.050
677.63	0.036
677.81	0.043
678.00	0.032
678.19	0.038
678.37	0.047
678.56	0.039
678.75	0.035
678.93	0.039
679.12	0.043
679.31	0.049
679.49	0.035
679.68	0.038
679.87	0.043
680.05	0.038
680.24	0.039
680.42	0.037
680.61	0.048
680.80	0.040
680.98	0.037
681.17	0.042
681.36	0.032
681.54	0.037
681.73	0.042
681.92	0.034
682.10	0.042
682.29	0.034
682.48	0.029
682.66	0.033
682.85	0.040
683.03	0.040
683.22	0.042
683.41	0.042
683.59	0.043
683.78	0.039
683.97	0.045
684.15	0.040
684.34	0.043
684.52	0.033
684.71	0.044
684.90	0.038
685.08	0.027
685.27	0.041
685.45	0.035
685.64	0.042
685.83	0.033
686.01	0.039
686.20	0.038
686.39	0.050
686.57	0.043
686.76	0.038
686.94	0.027
687.13	0.036
687.31	0.039
687.50	0.039
687.69	0.033
687.87	0.031
688.06	0.041
688.24	0.028
688.43	0.036
688.62	0.040
688.80	0.033
688.99	0.039
689.17	0.035
689.36	0.032
689.55	0.031
689.73	0.038
689.92	0.041
690.10	0.031
690.29	0.019
690.47	0.032
690.66	0.033
690.84	0.040
691.03	0.032
691.22	0.033
691.40	0.040
691.59	0.038
691.77	0.027
691.96	0.036
692.14	0.031
692.33	0.031
692.52	0.037
692.70	0.040
692.89	0.040
693.07	0.030
693.26	0.030
693.44	0.031
693.63	0.035
693.81	0.028
694.00	0.030
694.18	0.028
694.37	0.031
694.55	0.028
694.74	0.037
694.93	0.036
695.11	0.025
695.30	0.032
695.48	0.034
695.67	0.034
695.85	0.028
696.04	0.036
696.22	0.036
696.41	0.034
696.59	0.034
696.78	0.027
696.96	0.031
697.15	0.033
697.33	0.040
697.52	0.025
697.70	0.029
697.89	0.032
698.07	0.024
698.26	0.024
698.44	0.026
698.63	0.031
698.81	0.021
699.00	0.038
699.18	0.031
699.37	0.034
699.55	0.025
699.74	0.029
699.92	0.030
700.11	0.032
700.29	0.034
700.48	0.033
700.66	0.033
700.85	0.028
701.03	0.017
701.22	0.023
701.40	0.034
701.59	0.030
701.77	0.029
701.96	0.029
702.14	0.032
702.33	0.027
702.51	0.027
702.69	0.022
702.88	0.029
703.06	0.027
703.25	0.031
703.43	0.025
703.62	0.028
703.80	0.022
703.99	0.024
704.17	0.027
704.36	0.027
704.54	0.026
704.73	0.033
704.91	0.029
705.09	0.028
705.28	0.029
705.46	0.022
705.65	0.016
705.83	0.026
706.02	0.025
706.20	0.031
706.38	0.022
706.57	0.030
706.75	0.026
706.94	0.027
707.12	0.021
707.31	0.029
707.49	0.026
707.67	0.023
707.86	0.029
708.04	0.022
708.23	0.028
708.41	0.034
708.60	0.029
708.78	0.029
708.96	0.025
709.15	0.033
709.33	0.031
709.52	0.031
709.70	0.027
709.88	0.029
710.07	0.023
710.25	0.024
710.44	0.023
710.62	0.020
710.80	0.020
710.99	0.023
711.17	0.027
711.36	0.023
711.54	0.030
711.72	0.031
711.91	0.018
712.09	0.025
712.28	0.020
712.46	0.020
712.64	0.027
712.83	0.018
713.01	0.014
713.20	0.025
713.38	0.028
713.56	0.033
713.75	0.025
713.93	0.024
714.11	0.019
714.30	0.021
714.48	0.025
714.66	0.021
714.85	0.023
715.03	0.024
715.22	0.023
715.40	0.027
715.58	0.023
715.77	0.027
715.95	0.022
716.13	0.019
716.32	0.021
716.50	0.028
716.68	0.017
716.87	0.021
717.05	0.023
717.23	0.032
717.42	0.021
717.60	0.029
717.78	0.015
717.97	0.033
718.15	0.037
718.33	0.021
718.52	0.032
718.70	0.024
718.88	0.022
719.07	0.019
719.25	0.027
719.43	0.015
719.62	0.018
719.80	0.023
719.98	0.028
720.17	0.020
720.35	0.022
720.53	0.024
720.72	0.020
720.90	0.029
721.08	0.016
721.27	0.029
721.45	0.009
721.63	0.031
721.81	0.031
722.00	0.020
722.18	0.014
722.36	0.010
722.55	0.026
722.73	0.022
722.91	0.018
723.10	0.012
723.28	0.018
723.46	0.026
723.64	0.024
723.83	0.012
724.01	0.026
724.19	0.016
724.38	0.027
724.56	0.017
724.74	0.019
724.92	0.023
725.11	0.023
725.29	0.016
725.47	0.020
725.66	0.025
725.84	0.031
726.02	0.028
726.20	0.016
726.39	0.021
726.57	0.016
726.75	0.024
726.93	0.023
727.12	0.016
727.30	0.020
727.48	0.021
727.66	0.016
727.85	0.021
728.03	0.019
728.21	0.028
728.39	0.016
728.58	0.014
728.76	0.022
728.94	0.011
729.12	0.018
729.31	0.014
729.49	0.025
729.67	0.019
729.85	0.017
730.04	0.020
730.22	0.021
730.40	0.017
730.58	0.025
730.76	0.017
730.95	0.025
731.13	0.015
731.31	0.021
731.49	0.014
731.68	0.018
731.86	0.009
732.04	0.018
732.22	0.024
732.40	0.017
732.59	0.029
732.77	0.030
732.95	0.009
733.13	0.013
733.31	0.020
733.50	0.018
733.68	0.021
733.86	0.016
734.04	0.010
734.22	0.021
734.41	0.017
734.59	0.020
734.77	0.020
734.95	0.014
735.13	-0.000
735.32	0.022
735.50	0.015
735.68	0.012
735.86	0.026
736.04	0.016
736.22	0.015
736.41	0.015
736.59	0.024
736.77	0.025
736.95	0.019
737.13	0.014
737.32	0.024
737.50	0.020
737.68	0.016
737.86	0.022
738.04	0.008
738.22	0.015
738.41	0.016
738.59	0.016
738.77	0.014
738.95	0.013
739.13	0.032
739.31	0.016
739.49	0.024
739.68	0.020
739.86	0.012
740.04	0.007
740.22	0.014
740.40	0.019
740.58	0.007
740.76	0.004
740.95	0.010
741.13	0.010
741.31	0.006
741.49	0.018
741.67	0.013
741.85	0.016
742.03	0.017
742.21	0.008
742.40	0.020
742.58	0.004
742.76	0.008
742.94	0.020
743.12	0.020
743.30	0.021
743.48	0.010
743.66	0.000
743.85	0.020
744.03	0.018
744.21	0.012
744.39	0.008
744.57	0.016
744.75	0.015
744.93	0.015
745.11	0.009
745.29	0.011
745.47	0.011
745.66	0.013
745.84	0.007
746.02	0.019
746.20	0.020
746.38	0.011
746.56	0.015
746.74	0.013
746.92	0.007
747.10	0.020
747.28	0.009
747.46	0.024
747.64	0.005
747.83	0.013
748.01	0.012
748.19	0.023
748.37	0.015
748.55	0.004
748.73	0.015
748.91	0.019
749.09	0.006
749.27	0.015
749.45	0.016
749.63	0.006
749.81	0.017
749.99	0.010
750.17	0.002
750.35	0.018
750.53	0.013
750.72	0.027
750.90	0.011
751.08	0.016
751.26	0.019
751.44	0.001
751.62	0.008
751.80	0.016
751.98	0.014
752.16	0.001
752.34	0.011
752.52	0.026
752.70	0.019
752.88	0.017
753.06	0.013
753.24	0.017
753.42	0.017
753.60	0.013
753.78	0.004
753.96	0.017
754.14	0.015
754.32	0.018
754.50	0.018
754.68	0.014
754.86	0.006
755.04	0.014
755.22	0.012
755.40	0.014
755.58	0.014
755.76	0.015
755.94	0.012
756.12	0.011
756.30	0.013
756.48	0.013
756.66	0.006
756.84	0.024
757.02	0.013
757.20	0.013
757.38	0.017
757.56	0.012
757.74	0.005
757.92	0.009
758.10	0.014
758.28	0.014
758.46	0.009
758.64	0.019
758.82	0.009
759.00	0.009
759.18	0.009
759.36	0.015
759.54	0.007
759.72	0.009
759.90	0.016
760.08	0.015
760.26	0.007
760.44	0.007
760.62	0.016
760.80	0.013
760.98	0.015
761.16	0.008
761.33	0.009
761.51	0.014
761.69	0.010
761.87	0.017
762.05	-0.002
762.23	0.008
762.41	0.020
762.59	0.021
762.77	0.010
762.95	0.016
763.13	0.010
763.31	0.014
763.49	0.025
763.67	0.012
763.85	0.002
764.03	0.008
764.21	0.008
764.38	0.013
764.56	0.014
764.74	0.012
764.92	0.004
765.10	0.011
765.28	0.020
765.46	0.010
765.64	0.003
765.82	0.020
766.00	0.019
766.18	0.018
766.35	0.008
766.53	0.012
766.71	-0.000
766.89	0.003
767.07	0.019
767.25	0.010
767.43	0.005
767.61	0.000
767.79	0.015
767.97	0.014
768.14	0.013
768.32	0.004
768.50	0.022
768.68	0.006
768.86	0.011
769.04	0.017
769.22	0.014
769.40	0.010
769.58	0.006
769.75	0.007
769.93	0.004
770.11	0.006
770.29	0.010
770.47	0.012
770.65	0.019
770.83	0.020
771.00	0.009
771.18	0.009
771.36	0.006
771.54	0.002
771.72	0.012
771.90	0.018
772.08	0.001
772.25	0.004
772.43	0.000
772.61	0.009
772.79	0.015
772.97	0.005
773.15	0.010
773.33	0.003
773.50	0.017
773.68	0.008
773.86	-0.001
774.04	-0.002
774.22	0.023
774.40	0.005
774.57	0.004
774.75	-0.001
774.93	0.000
775.11	-0.006
775.29	0.012
775.46	0.001
775.64	-0.008
775.82	0.008
776.00	0.020
776.18	0.013
776.36	0.006
776.53	-0.003
776.71	0.001
776.89	0.002
777.07	0.011
777.25	0.004
777.42	-0.009
777.60	0.013
777.78	0.010
777.96	-0.000
778.14	0.004
778.31	-0.005
778.49	0.008
778.67	0.003
778.85	-0.002
779.03	-0.003
779.20	0.008
779.38	0.012
779.56	0.022
779.74	0.020
779.91	-0.003
780.09	0.002
780.27	0.015
780.45	0.000
780.63	-0.001
780.80	0.006
780.98	-0.003
781.16	0.010
781.34	0.001
781.51	-0.007
781.69	0.008
781.87	0.013
782.05	0.008
782.22	-0.001
782.40	-0.007
782.58	-0.002
782.76	0.006
782.93	0.011
783.11	-0.000
783.29	0.002
783.47	-0.002
783.64	0.003
783.82	0.009
784.00	-0.015
784.18	0.008
784.35	-0.017
784.53	0.004
784.71	0.012
784.89	-0.001
785.06	-0.000
785.24	-0.001
785.42	-0.005
785.60	-0.001
785.77	-0.008
785.95	-0.014
786.13	0.008
786.30	0.003
786.48	-0.005
786.66	-0.013
786.84	-0.010
787.01	-0.008
787.19	0.004
787.37	-0.014
787.54	0.010
787.72	-0.003
787.90	-0.002
788.07	0.011
788.25	0.002
788.43	-0.004
788.61	-0.006
788.78	0.003
788.96	-0.007
789.14	-0.007
789.31	0.009
789.49	0.006
789.67	0.001
789.84	0.008
790.02	-0.018
790.20	-0.004
790.37	-0.013
790.55	-0.001
790.73	0.012
790.90	-0.006
791.08	0.005
791.26	0.005
791.43	0.012
791.61	-0.004
791.79	0.014
791.96	-0.001
792.14	-0.015
792.32	0.005
792.49	0.013
792.67	0.005
792.85	0.004
793.02	-0.004
793.20	0.011
793.38	-0.009
793.55	-0.004
793.73	-0.021
793.91	0.001
794.08	-0.002
794.26	-0.004
794.44	0.009
794.61	0.008
794.79	0.011
794.97	0.008
795.14	0.000
795.32	0.006
795.49	-0.012
795.67	0.007
795.85	-0.001
796.02	-0.005
796.20	-0.002
796.38	0.000
796.55	-0.001
796.73	-0.011
796.90	-0.024
797.08	-0.009
797.26	-0.013
797.43	-0.010
797.61	-0.010
797.78	0.002
797.96	-0.013
798.14	-0.004
798.31	0.005
798.49	-0.005
798.66	-0.011
798.84	-0.000
799.02	-0.004
799.19	0.014
799.37	-0.009
799.54	0.015
799.72	-0.002
799.90	-0.015
800.07	0.000
800.25	-0.004
800.42	0.010
800.60	-0.021
800.78	-0.015
800.95	-0.009
801.13	-0.004
801.30	-0.016
801.48	-0.006
801.65	-0.003
801.83	-0.004
802.01	0.007
802.18	-0.014
802.36	-0.021
802.53	-0.009
802.71	-0.008
802.88	-0.021
803.06	-0.005
803.23	0.004
803.41	-0.006
803.59	-0.001
803.76	0.005
803.94	-0.006
804.11	-0.004
804.29	-0.003
804.46	-0.000
804.64	0.006
804.81	-0.012
804.99	-0.008
805.16	-0.006
805.34	0.013
805.52	0.000
805.69	-0.008
805.87	0.007
806.04	-0.009
806.22	-0.003
806.39	-0.012
806.57	-0.006
806.74	-0.006
806.92	0.005
807.09	0.008
807.27	-0.009
807.44	-0.004
807.62	-0.001
807.79	-0.020
807.97	-0.022
808.14	-0.019
808.32	-0.022
808.49	-0.019
808.67	-0.013
808.84	-0.003
809.02	0.003
809.19	-0.015
809.37	0.011
809.54	-0.003
809.72	0.006
809.89	-0.006
810.07	-0.011
810.24	-0.017
810.42	-0.024
810.59	-0.031
810.77	-0.008
810.94	-0.016
811.12	-0.013
811.29	-0.005
811.47	-0.006
811.64	-0.002
811.82	-0.020
811.99	-0.008
812.16	0.014
812.34	-0.009
812.51	-0.008
812.69	-0.011
812.86	-0.001
813.04	-0.011
813.21	0.010
813.39	-0.025
813.56	-0.010
813.74	-0.016
813.91	-0.005
814.08	-0.016
814.26	-0.007
814.43	-0.007
814.61	-0.017
814.78	-0.019
814.96	-0.003
815.13	-0.016
815.31	-0.015
815.48	0.006
815.65	-0.002
815.83	-0.013
816.00	-0.006
816.18	-0.002
816.35	-0.017
816.53	-0.018
816.70	-0.006
816.87	-0.017
817.05	-0.018
817.22	-0.013
817.40	-0.009
817.57	-0.008
817.74	-0.024
817.92	0.014
818.09	-0.020
818.27	-0.006
818.44	-0.035
818.62	0.012
818.79	-0.015
818.96	-0.026
819.14	-0.029
819.31	-0.020
819.49	-0.004
819.66	-0.011
819.83	-0.007
820.01	-0.032
820.18	-0.030
820.35	-0.022
820.53	-0.030
820.70	-0.026
820.88	-0.009
821.05	-0.016
821.22	-0.020
821.40	-0.018
821.57	-0.017
821.74	-0.008
821.92	-0.012
822.09	-0.016
822.27	0.005
822.44	-0.013
822.61	-0.007
822.79	0.009
822.96	-0.014
823.13	-0.020
823.31	-0.024
823.48	-0.015
823.65	-0.032
823.83	-0.018
824.00	-0.023
824.17	-0.003
824.35	-0.026
824.52	-0.022
824.69	-0.026
824.87	-0.011
825.04	-0.013
825.22	-0.010
825.39	-0.038
825.56	-0.016
825.74	0.011
825.91	-0.005
826.08	-0.038
826.25	-0.011
826.43	-0.010
826.60	-0.000
826.77	-0.003
826.95	-0.029
827.12	-0.011
827.29	-0.027
827.47	-0.031
827.64	-0.032
827.81	-0.030
827.99	0.003
828.16	-0.023
828.33	-0.025
828.51	-0.032
828.68	-0.026
828.85	-0.013
829.02	-0.025
829.20	-0.006
829.37	-0.032
829.54	-0.020
829.72	-0.015
829.89	0.005
830.06	-0.015
830.23	-0.032
830.41	0.003
830.58	0.002
830.75	-0.032
830.93	-0.014
831.10	-0.023
831.27	-0.028
831.44	-0.018
831.62	-0.015
831.79	-0.035
831.96	-0.042
832.13	-0.024
832.31	-0.022
832.48	-0.019
832.65	-0.039
832.83	-0.009
833.00	-0.035
833.17	-0.024
833.34	-0.018
833.52	-0.037
833.69	0.007
833.86	-0.026
834.03	-0.016
834.21	-0.002
834.38	-0.029
834.55	-0.022
834.72	-0.025
834.89	-0.012
835.07	-0.010
835.24	-0.024
835.41	-0.027
835.58	-0.007
835.76	-0.030
835.93	-0.030
836.10	-0.025
836.27	-0.001
836.45	-0.017
836.62	-0.016
836.79	-0.031
836.96	0.004
837.13	-0.003
837.31	-0.015
837.48	-0.025
837.65	-0.024
837.82	-0.048
837.99	-0.019
838.17	-0.021
838.34	-0.031
838.51	-0.006
838.68	-0.039
838.85	-0.020
839.03	-0.020
839.20	-0.019
839.37	-0.003
839.54	-0.014
839.71	-0.036
839.89	-0.008
840.06	-0.025
840.23	-0.025
840.40	-0.031
840.57	-0.043
840.74	-0.013
840.92	-0.018
841.09	-0.033
841.26	0.001
841.43	-0.027
841.60	-0.037
841.78	-0.002
841.95	-0.035
842.12	-0.037
842.29	-0.030
842.46	-0.035
842.63	0.002
842.80	-0.042
842.98	-0.018
843.15	-0.009
843.32	-0.044
843.49	-0.040
843.66	-0.044
843.83	-0.031
844.00	-0.015
844.18	-0.017
844.35	-0.032
844.52	-0.036
844.69	-0.011
844.86	-0.013
845.03	-0.028
845.20	-0.036
845.38	-0.012
845.55	-0.043
845.72	-0.033
845.89	-0.043
846.06	-0.041
846.23	-0.058
846.40	-0.048
846.57	-0.046
846.75	-0.013
846.92	-0.048
847.09	-0.019
847.26	-0.019
847.43	-0.045
847.60	-0.032
847.77	-0.025
847.94	-0.050
848.11	-0.019
848.28	-0.044
848.46	-0.045
848.63	-0.043
848.80	-0.023
848.97	-0.004
849.14	-0.000
849.31	-0.030
849.48	-0.011
849.65	-0.022
849.82	-0.025
849.99	-0.025
850.16	-0.027
850.33	-0.020
850.51	-0.031
850.68	-0.001
850.85	-0.022
851.02	-0.015
851.19	-0.021
851.36	-0.042
851.53	-0.026
851.70	-0.017
851.87	-0.036
852.04	-0.040
852.21	-0.038
852.38	-0.021
852.55	-0.010
852.72	-0.034
852.89	-0.051
853.06	-0.053
853.24	-0.041
853.41	-0.040
853.58	-0.048
853.75	-0.050
853.92	-0.003
854.09	-0.044
854.26	-0.017
854.43	-0.029
854.60	-0.027
854.77	-0.049
854.94	-0.071
855.11	-0.048
855.28	-0.070
855.45	0.003
855.62	-0.051
855.79	-0.047
855.96	0.008
856.13	-0.008
856.30	-0.048
856.47	-0.022
856.64	-0.027
856.81	-0.040
856.98	-0.044
857.15	-0.049
857.32	-0.016
857.49	-0.061
857.66	-0.039
857.83	-0.085
858.00	-0.016
858.17	-0.062
858.34	-0.062
858.51	-0.050
858.68	-0.058
858.85	-0.030
859.02	-0.083
859.19	-0.008
859.36	-0.030
859.53	-0.015
859.70	-0.053
859.87	-0.012
860.04	-0.008
860.21	-0.020
860.38	-0.049
860.55	0.005
860.72	-0.061
860.89	-0.030
861.06	-0.042
861.23	-0.007
861.40	-0.057
861.56	-0.020
861.73	-0.011
861.90	-0.009
862.07	-0.042
862.24	-0.060
862.41	-0.054
862.58	-0.065
862.75	-0.034
862.92	-0.026
863.09	-0.033
863.26	-0.078
863.43	-0.069
863.60	-0.052
863.77	-0.007
863.94	-0.062
864.11	-0.039
864.28	-0.048
864.44	-0.026
864.61	-0.066
864.78	-0.029
864.95	-0.042
865.12	-0.066
865.29	-0.010
865.46	-0.038
865.63	-0.013
865.80	-0.059
865.97	-0.042
866.14	-0.040
866.31	-0.092
866.47	-0.030
866.64	-0.024
866.81	-0.006
866.98	-0.026
867.15	-0.016
867.32	-0.026
867.49	-0.044
867.66	-0.035
867.83	-0.045
867.99	-0.065
868.16	-0.032
868.33	-0.032
868.50	-0.076
868.67	-0.035
868.84	-0.044
869.01	-0.091
869.18	-0.058
869.35	-0.025
869.51	-0.039
869.68	-0.062
869.85	-0.060
870.02	-0.076
870.19	-0.057
870.36	-0.045
870.53	-0.050
870.69	-0.041
870.86	-0.069
871.03	-0.075
871.20	-0.037
871.37	-0.039
871.54	-0.026
871.71	-0.104
871.87	-0.025
872.04	-0.048
872.21	-0.053
872.38	-0.088
872.55	-0.021
872.72	-0.069
872.88	-0.082
873.05	-0.050
873.22	-0.069
873.39	-0.025
873.56	-0.070
873.73	-0.049
873.89	-0.091
874.06	-0.100
874.23	-0.095
874.40	-0.028
874.57	-0.058
874.73	-0.050
874.90	-0.036
875.07	-0.070
875.24	-0.068
875.41	-0.038
875.57	-0.049
875.74	-0.066
875.91	-0.013
876.08	-0.107
876.25	-0.010
876.41	-0.067
876.58	-0.086
876.75	-0.045
876.92	-0.048
877.09	-0.067
877.25	-0.026
877.42	-0.086
877.59	-0.085
877.76	-0.094
877.93	-0.048
878.09	-0.094
878.26	-0.044
878.43	-0.106
878.60	-0.064
878.76	-0.060
878.93	-0.017
879.10	-0.089
879.27	-0.085
879.43	-0.076
879.60	-0.043
879.77	-0.076
879.94	-0.065
880.10	-0.089
880.27	-0.063
880.44	-0.111
880.61	-0.026
880.77	-0.048
880.94	-0.073
881.11	-0.011
881.28	-0.068
881.44	-0.070
881.61	-0.122
881.78	-0.080
881.95	-0.072
882.11	-0.085
882.28	-0.069
882.45	-0.085
882.62	-0.114
882.78	-0.019
882.95	-0.058
883.12	-0.059
883.28	-0.062
883.45	-0.057
883.62	-0.053
883.79	-0.129
883.95	-0.061
884.12	-0.045
884.29	-0.013
884.45	-0.054
884.62	-0.066
884.79	-0.062
884.96	-0.077
885.12	-0.092
885.29	-0.071
885.46	-0.067
885.62	-0.077
885.79	-0.058
885.96	-0.091
886.12	-0.077
886.29	-0.084
886.46	-0.033
886.62	-0.044
886.79	-0.059
