178.99	1000.000
179.20	1000.000
179.42	1000.000
179.63	-10.714
179.84	85.938
180.06	74.699
180.27	212.500
180.49	-35.220
180.70	44.186
180.92	56.842
181.13	-234.034
181.35	-1358.824
181.56	-2028.947
181.77	1878.723
181.99	519.463
182.20	2135.135
182.42	467.273
182.63	637.572
182.85	417.769
183.06	314.407
183.28	211.022
183.49	192.074
183.70	170.397
183.92	156.591
184.13	135.067
184.35	121.008
184.56	127.936
184.78	123.825
184.99	120.433
185.21	115.320
185.42	124.054
185.63	110.180
185.85	120.458
186.06	111.850
186.28	103.009
186.49	102.421
186.71	99.419
186.92	91.559
187.13	80.909
187.35	75.931
187.56	71.949
187.78	71.229
187.99	73.576
188.21	66.492
188.42	70.241
188.63	73.600
188.85	74.843
189.06	74.947
189.28	72.134
189.49	74.635
189.71	78.705
189.92	72.599
190.13	70.646
190.35	72.220
190.56	73.950
190.78	80.152
190.99	84.201
191.20	85.935
191.42	88.367
191.63	87.695
191.85	86.623
192.06	90.631
192.28	90.932
192.49	87.443
192.70	92.217
192.92	85.679
193.13	83.002
193.35	84.568
193.56	80.052
193.77	83.478
193.99	83.497
194.20	82.819
194.42	87.102
194.63	86.433
194.84	82.580
195.06	77.971
195.27	79.390
195.49	72.164
195.70	77.447
195.91	80.673
196.13	79.458
196.34	86.205
196.56	85.783
196.77	84.788
196.98	84.109
197.20	90.302
197.41	95.863
197.63	101.909
197.84	100.143
198.05	100.047
198.27	100.655
198.48	93.517
198.70	100.411
198.91	97.310
199.12	103.041
199.34	111.207
199.55	116.919
199.76	105.596
199.98	107.264
200.19	97.087
200.41	94.463
200.62	97.376
200.83	107.378
201.05	102.817
201.26	98.172
201.48	96.673
201.69	87.351
201.90	91.496
202.12	91.211
202.33	102.642
202.54	102.297
202.76	98.762
202.97	113.341
203.19	106.782
203.40	104.076
203.61	101.139
203.83	102.361
204.04	100.053
204.25	104.879
204.47	100.208
204.68	101.610
204.89	103.906
205.11	101.362
205.32	86.731
205.54	91.091
205.75	94.957
205.96	95.507
206.18	90.437
206.39	86.373
206.60	84.104
206.82	75.023
207.03	72.039
207.24	69.235
207.46	63.938
207.67	63.923
207.89	66.004
208.10	67.304
208.31	59.602
208.53	58.152
208.74	59.907
208.95	62.872
209.17	61.447
209.38	56.170
209.59	55.015
209.81	65.421
210.02	61.927
210.23	67.483
210.45	81.077
210.66	93.360
210.87	94.193
211.09	96.606
211.30	108.877
211.51	113.557
211.73	111.132
211.94	111.244
212.15	117.217
212.37	111.239
212.58	127.700
212.79	114.024
213.01	129.970
213.22	150.690
213.43	142.536
213.65	138.437
213.86	124.495
214.07	124.880
214.29	121.297
214.50	130.285
214.71	123.994
214.93	110.655
215.14	104.953
215.35	100.686
215.57	99.390
215.78	88.681
215.99	91.499
216.21	96.986
216.42	93.675
216.63	89.813
216.85	97.758
217.06	91.490
217.27	94.158
217.49	85.442
217.70	82.857
217.91	85.997
218.13	88.449
218.34	89.736
218.55	88.367
218.77	84.817
218.98	76.274
219.19	72.842
219.40	82.681
219.62	93.663
219.83	96.748
220.04	93.229
220.26	101.701
220.47	91.634
220.68	78.167
220.90	77.451
221.11	79.710
221.32	76.730
221.54	79.547
221.75	93.962
221.96	93.238
222.17	89.189
222.39	77.442
222.60	86.067
222.81	90.436
223.03	87.275
223.24	89.146
223.45	84.851
223.67	79.604
223.88	76.969
224.09	76.524
224.30	81.541
224.52	85.926
224.73	85.628
224.94	93.294
225.16	102.274
225.37	105.037
225.58	109.058
225.79	109.729
226.01	107.972
226.22	98.812
226.43	103.675
226.65	98.845
226.86	106.920
227.07	101.010
227.28	103.885
227.50	106.779
227.71	106.007
227.92	141.026
228.14	159.047
228.35	157.728
228.56	159.162
228.77	159.135
228.99	153.038
229.20	139.270
229.41	121.618
229.62	107.858
229.84	103.142
230.05	79.607
230.26	79.691
230.48	68.927
230.69	71.834
230.90	72.651
231.11	82.672
231.33	85.552
231.54	86.047
231.75	85.314
231.96	81.675
232.18	84.707
232.39	81.464
232.60	79.478
232.81	78.101
233.03	74.218
233.24	70.298
233.45	71.257
233.66	75.625
233.88	82.177
234.09	88.160
234.30	92.103
234.51	96.793
234.73	93.726
234.94	97.531
235.15	94.712
235.36	97.478
235.58	101.230
235.79	98.808
236.00	97.086
236.21	96.633
236.43	99.853
236.64	96.401
236.85	94.302
237.06	95.263
237.28	101.301
237.49	111.879
237.70	116.679
237.91	105.504
238.13	100.706
238.34	101.059
238.55	96.787
238.76	88.974
238.98	93.628
239.19	91.860
239.40	92.484
239.61	94.233
239.83	91.463
240.04	87.530
240.25	89.350
240.46	86.813
240.67	84.730
240.89	84.468
241.10	80.969
241.31	85.720
241.52	92.033
241.74	95.075
241.95	95.115
242.16	90.693
242.37	97.126
242.58	94.575
242.80	93.219
243.01	92.988
243.22	89.312
243.43	94.998
243.65	99.088
243.86	101.623
244.07	101.138
244.28	95.963
244.49	94.791
244.71	101.992
244.92	111.814
245.13	112.211
245.34	108.607
245.55	108.353
245.77	94.620
245.98	88.951
246.19	75.709
246.40	69.092
246.62	69.294
246.83	65.635
247.04	63.412
247.25	66.850
247.46	71.294
247.68	79.449
247.89	74.513
248.10	76.567
248.31	76.415
248.52	84.716
248.74	98.682
248.95	98.677
249.16	86.826
249.37	77.752
249.58	80.135
249.79	95.195
250.01	102.001
250.22	108.596
250.43	105.746
250.64	114.549
250.85	123.947
251.07	116.146
251.28	118.300
251.49	120.024
251.70	117.175
251.91	110.698
252.13	111.204
252.34	107.872
252.55	103.352
252.76	98.875
252.97	100.051
253.18	98.355
253.40	101.753
253.61	102.352
253.82	100.708
254.03	105.173
254.24	98.549
254.46	99.579
254.67	104.464
254.88	103.780
255.09	106.385
255.30	109.994
255.51	116.627
255.73	115.877
255.94	121.282
256.15	117.908
256.36	122.078
256.57	110.127
256.78	116.133
257.00	121.113
257.21	115.471
257.42	106.240
257.63	102.695
257.84	104.535
258.05	106.216
258.26	108.102
258.48	104.945
258.69	98.085
258.90	98.807
259.11	91.251
259.32	93.357
259.53	88.619
259.75	86.472
259.96	81.176
260.17	77.605
260.38	77.691
260.59	84.894
260.80	79.626
261.01	82.914
261.23	78.881
261.44	79.698
261.65	88.073
261.86	84.261
262.07	80.729
262.28	78.664
262.49	74.867
262.71	70.216
262.92	71.368
263.13	70.832
263.34	69.859
263.55	65.017
263.76	62.054
263.97	62.506
264.19	61.312
264.40	70.449
264.61	72.076
264.82	71.095
265.03	65.777
265.24	73.374
265.45	68.325
265.66	69.386
265.88	66.367
266.09	71.346
266.30	66.980
266.51	73.445
266.72	70.825
266.93	75.434
267.14	77.888
267.35	78.733
267.57	82.316
267.78	80.895
267.99	88.843
268.20	86.846
268.41	93.997
268.62	93.946
268.83	93.342
269.04	95.206
269.25	90.148
269.47	89.170
269.68	93.429
269.89	100.807
270.10	108.253
270.31	109.045
270.52	97.953
270.73	102.833
270.94	99.557
271.15	102.681
271.37	102.752
271.58	104.004
271.79	95.352
272.00	92.177
272.21	95.027
272.42	85.755
272.63	87.599
272.84	82.601
273.05	86.260
273.26	88.283
273.48	89.618
273.69	93.776
273.90	93.949
274.11	84.328
274.32	88.141
274.53	81.187
274.74	83.950
274.95	87.193
275.16	86.791
275.37	84.197
275.58	83.415
275.80	83.890
276.01	81.550
276.22	87.008
276.43	88.150
276.64	89.274
276.85	94.828
277.06	90.897
277.27	81.952
277.48	77.338
277.69	79.530
277.90	76.847
278.11	74.218
278.32	68.137
278.54	71.847
278.75	65.914
278.96	70.690
279.17	69.018
279.38	65.204
279.59	66.787
279.80	72.811
280.01	72.087
280.22	73.136
280.43	70.281
280.64	65.929
280.85	68.332
281.06	64.706
281.27	70.518
281.48	75.324
281.70	82.093
281.91	81.541
282.12	76.416
282.33	79.275
282.54	83.302
282.75	90.066
282.96	96.894
283.17	101.044
283.38	99.625
283.59	100.227
283.80	110.109
284.01	106.568
284.22	100.413
284.43	90.856
284.64	88.015
284.85	94.426
285.06	97.462
285.27	91.808
285.48	94.992
285.70	93.075
285.91	93.472
286.12	97.004
286.33	98.835
286.54	97.553
286.75	98.374
286.96	96.827
287.17	92.831
287.38	87.131
287.59	91.033
287.80	90.880
288.01	93.325
288.22	89.534
288.43	88.224
288.64	92.216
288.85	104.284
289.06	96.481
289.27	90.371
289.48	92.384
289.69	100.082
289.90	103.623
290.11	101.446
290.32	102.532
290.53	95.551
290.74	91.787
290.95	96.855
291.16	96.818
291.37	100.465
291.58	102.987
291.79	99.763
292.00	96.555
292.21	100.049
292.42	92.174
292.63	82.613
292.84	90.973
293.05	89.071
293.26	83.011
293.47	92.860
293.68	96.057
293.89	94.721
294.10	92.515
294.31	87.826
294.52	86.178
294.73	84.346
294.95	82.751
295.16	89.440
295.37	86.130
295.58	81.571
295.79	75.809
295.99	71.361
296.20	74.947
296.41	74.396
296.62	68.168
296.83	72.055
297.04	80.099
297.25	73.213
297.46	68.353
297.67	66.181
297.88	58.303
298.09	57.814
298.30	61.925
298.51	58.706
298.72	62.602
298.93	64.071
299.14	65.565
299.35	71.559
299.56	66.257
299.77	65.245
299.98	73.405
300.19	75.528
300.40	84.418
300.61	81.447
300.82	72.294
301.03	73.570
301.24	74.328
301.45	69.936
301.66	74.296
301.87	76.717
302.08	83.461
302.29	86.758
302.50	84.996
302.71	77.818
302.92	83.160
303.13	80.287
303.34	80.585
303.55	78.794
303.76	83.002
303.97	83.709
304.18	86.467
304.39	80.215
304.60	84.071
304.81	80.764
305.02	75.874
305.22	79.651
305.43	83.068
305.64	78.902
305.85	81.766
306.06	81.708
306.27	87.878
306.48	85.962
306.69	87.553
306.90	85.587
307.11	92.435
307.32	90.799
307.53	87.924
307.74	86.952
307.95	87.935
308.16	81.186
308.37	79.681
308.58	74.285
308.79	74.132
309.00	66.948
309.21	70.648
309.41	74.978
309.62	69.806
309.83	64.841
310.04	69.565
310.25	67.148
310.46	63.030
310.67	55.937
310.88	57.728
311.09	59.249
311.30	60.153
311.51	57.066
311.72	57.689
311.93	64.685
312.14	62.551
312.34	68.558
312.55	65.267
312.76	66.218
312.97	70.649
313.18	74.936
313.39	79.335
313.60	71.409
313.81	74.182
314.02	79.281
314.23	81.024
314.44	76.824
314.65	79.865
314.86	85.289
315.06	86.226
315.27	87.027
315.48	86.618
315.69	90.845
315.90	91.372
316.11	84.691
316.32	85.697
316.53	86.369
316.74	78.808
316.95	81.598
317.16	83.439
317.36	87.446
317.57	82.654
317.78	81.465
317.99	90.382
318.20	92.857
318.41	99.610
318.62	103.020
318.83	102.023
319.04	101.985
319.24	102.094
319.45	100.562
319.66	100.789
319.87	101.377
320.08	97.374
320.29	93.328
320.50	100.594
320.71	92.120
320.92	99.665
321.12	96.953
321.33	98.181
321.54	95.744
321.75	80.335
321.96	76.710
322.17	75.800
322.38	69.782
322.59	73.375
322.80	70.013
323.00	63.014
323.21	59.665
323.42	58.415
323.63	53.314
323.84	56.937
324.05	55.947
324.26	56.406
324.47	57.222
324.67	64.074
324.88	60.605
325.09	62.791
325.30	63.878
325.51	66.397
325.72	67.236
325.93	67.507
326.13	72.655
326.34	75.531
326.55	76.835
326.76	76.096
326.97	73.092
327.18	72.356
327.39	72.300
327.59	73.654
327.80	72.491
328.01	75.188
328.22	70.947
328.43	74.709
328.64	75.065
328.85	74.762
329.05	71.933
329.26	72.329
329.47	73.300
329.68	71.434
329.89	69.817
330.10	68.623
330.30	69.025
330.51	68.018
330.72	68.073
330.93	68.991
331.14	72.853
331.35	74.634
331.56	73.962
331.76	75.565
331.97	73.089
332.18	74.610
332.39	75.667
332.60	76.210
332.81	75.507
333.01	73.555
333.22	71.633
333.43	72.764
333.64	73.759
333.85	73.594
334.05	72.569
334.26	74.005
334.47	73.495
334.68	75.093
334.89	75.088
335.10	73.719
335.30	72.542
335.51	71.048
335.72	69.397
335.93	69.165
336.14	67.937
336.35	68.300
336.55	68.175
336.76	67.255
336.97	68.329
337.18	67.692
337.39	67.778
337.59	67.003
337.80	65.261
338.01	63.631
338.22	62.349
338.43	61.911
338.63	60.449
338.84	61.702
339.05	61.612
339.26	61.880
339.47	61.791
339.67	61.540
339.88	59.895
340.09	59.780
340.30	59.354
340.51	60.428
340.71	60.620
340.92	60.057
341.13	59.583
341.34	59.301
341.55	59.474
341.75	59.430
341.96	59.193
342.17	59.288
342.38	60.924
342.58	60.377
342.79	59.940
343.00	61.167
343.21	60.095
343.42	58.734
343.62	58.495
343.83	58.403
344.04	58.410
344.25	58.313
344.46	57.773
344.66	58.069
344.87	57.330
345.08	56.690
345.29	55.719
345.49	55.830
345.70	56.338
345.91	56.311
346.12	56.299
346.32	56.520
346.53	56.477
346.74	54.920
346.95	54.463
347.16	54.264
347.36	53.964
347.57	54.020
347.78	54.171
347.99	53.877
348.19	54.090
348.40	53.681
348.61	53.485
348.82	53.653
349.02	52.710
349.23	52.035
349.44	52.302
349.65	53.028
349.85	52.591
350.06	51.653
350.27	51.126
350.48	51.277
350.68	51.870
350.89	51.769
351.10	52.341
351.31	52.658
351.51	52.327
351.72	51.670
351.93	51.167
352.14	51.087
352.34	50.529
352.55	50.392
352.76	50.226
352.96	50.289
353.17	50.438
353.38	51.053
353.59	51.171
353.79	50.646
354.00	50.000
354.21	49.776
354.42	49.844
354.62	49.674
354.83	49.010
355.04	49.105
355.24	48.930
355.45	47.874
355.66	47.643
355.87	47.668
356.07	47.817
356.28	47.865
356.49	47.934
356.70	47.401
356.90	46.821
357.11	46.791
357.32	46.861
357.52	46.443
357.73	46.319
357.94	45.796
358.15	46.242
358.35	45.890
358.56	45.776
358.77	45.390
358.97	44.876
359.18	44.752
359.39	43.943
359.59	43.966
359.80	44.438
360.01	44.148
360.22	44.050
360.42	43.892
360.63	43.452
360.84	42.991
361.04	43.331
361.25	43.350
361.46	43.402
361.66	42.595
361.87	42.217
362.08	41.483
362.29	41.557
362.49	40.884
362.70	40.961
362.91	41.013
363.11	40.987
363.32	40.961
363.53	41.145
363.73	41.071
363.94	40.858
364.15	40.640
364.35	40.572
364.56	40.317
364.77	39.877
364.97	40.079
365.18	39.981
365.39	39.780
365.59	39.551
365.80	39.228
366.01	39.460
366.21	39.546
366.42	39.784
366.63	39.599
366.83	39.440
367.04	39.393
367.25	38.987
367.45	38.857
367.66	38.781
367.87	38.428
368.07	38.422
368.28	38.039
368.49	38.158
368.69	38.271
368.90	38.209
369.11	38.099
369.31	37.844
369.52	37.852
369.73	37.865
369.93	37.701
370.14	37.577
370.35	37.414
370.55	37.197
370.76	36.915
370.97	37.058
371.17	36.784
371.38	36.567
371.58	36.571
371.79	36.423
372.00	36.537
372.20	36.542
372.41	36.539
372.62	36.589
372.82	36.276
373.03	35.870
373.24	35.820
373.44	35.769
373.65	35.734
373.85	35.446
374.06	35.268
374.27	35.379
374.47	35.253
374.68	35.338
374.89	35.019
375.09	35.107
375.30	34.750
375.51	34.913
375.71	35.020
375.92	35.073
376.12	35.037
376.33	34.908
376.54	34.849
376.74	34.574
376.95	34.476
377.15	34.444
377.36	34.430
377.57	34.359
377.77	34.305
377.98	34.244
378.19	34.094
378.39	33.988
378.60	33.672
378.80	33.717
379.01	33.478
379.22	33.759
379.42	33.708
379.63	33.748
379.83	33.785
380.04	33.571
380.25	33.255
380.45	33.096
380.66	33.114
380.86	33.076
381.07	33.007
381.28	33.066
381.48	32.907
381.69	32.821
381.89	32.585
382.10	32.535
382.31	32.441
382.51	32.369
382.72	32.226
382.92	32.181
383.13	31.999
383.33	31.895
383.54	31.747
383.75	31.524
383.95	31.454
384.16	31.284
384.36	31.252
384.57	31.304
384.78	31.325
384.98	31.162
385.19	31.101
385.39	31.170
385.60	31.138
385.80	31.090
386.01	31.094
386.22	31.115
386.42	30.952
386.63	30.928
386.83	30.897
387.04	30.957
387.24	30.985
387.45	30.899
387.65	30.982
387.86	30.914
388.07	30.955
388.27	30.869
388.48	30.832
388.68	30.872
388.89	30.768
389.09	30.665
389.30	30.595
389.50	30.400
389.71	30.263
389.92	30.044
390.12	29.992
390.33	29.894
390.53	29.785
390.74	29.736
390.94	29.565
391.15	29.497
391.35	29.398
391.56	29.168
391.77	29.188
391.97	29.094
392.18	29.022
392.38	28.926
392.59	28.808
392.79	28.702
393.00	28.483
393.20	28.460
393.41	28.316
393.61	28.231
393.82	28.086
394.02	27.997
394.23	27.969
394.43	27.826
394.64	27.731
394.84	27.709
395.05	27.649
395.26	27.617
395.46	27.570
395.67	27.466
395.87	27.495
396.08	27.422
396.28	27.238
396.49	27.074
396.69	27.021
396.90	26.945
397.10	26.780
397.31	26.635
397.51	26.491
397.72	26.451
397.92	26.364
398.13	26.363
398.33	26.265
398.54	26.168
398.74	26.177
398.95	26.184
399.15	26.122
399.36	26.093
399.56	26.045
399.77	25.921
399.97	25.798
400.18	25.803
400.38	25.719
400.59	25.676
400.79	25.710
401.00	25.520
401.20	25.472
401.41	25.433
401.61	25.316
401.82	25.222
402.02	25.153
402.23	24.989
402.43	24.880
402.64	24.734
402.84	24.695
403.05	24.570
403.25	24.283
403.46	24.119
403.66	24.069
403.87	23.922
404.07	23.801
404.27	23.752
404.48	23.496
404.68	23.368
404.89	23.269
405.09	23.076
405.30	23.009
405.50	22.894
405.71	22.832
405.91	22.853
406.12	22.741
406.32	22.667
406.53	22.577
406.73	22.493
406.94	22.499
407.14	22.328
407.34	22.142
407.55	22.178
407.75	22.081
407.96	21.921
408.16	21.823
408.37	21.751
408.57	21.639
408.78	21.626
408.98	21.456
409.19	21.355
409.39	21.228
409.59	21.131
409.80	20.985
410.00	20.987
410.21	20.812
410.41	20.707
410.62	20.569
410.82	20.489
411.03	20.376
411.23	20.256
411.43	20.237
411.64	20.195
411.84	20.078
412.05	20.046
412.25	19.930
412.46	19.871
412.66	19.836
412.86	19.773
413.07	19.661
413.27	19.619
413.48	19.454
413.68	19.399
413.89	19.403
414.09	19.349
414.29	19.194
414.50	19.122
414.70	19.056
414.91	18.954
415.11	18.960
415.32	18.953
415.52	18.849
415.72	18.725
415.93	18.693
416.13	18.582
416.34	18.464
416.54	18.393
416.74	18.324
416.95	18.252
417.15	18.165
417.36	18.094
417.56	18.025
417.76	18.030
417.97	17.985
418.17	17.815
418.38	17.756
418.58	17.698
418.78	17.667
418.99	17.637
419.19	17.602
419.40	17.500
419.60	17.393
419.80	17.374
420.01	17.325
420.21	17.238
420.42	17.197
420.62	17.194
420.82	17.089
421.03	17.084
421.23	17.034
421.44	16.969
421.64	16.933
421.84	16.892
422.05	16.835
422.25	16.800
422.45	16.791
422.66	16.722
422.86	16.657
423.07	16.603
423.27	16.591
423.47	16.549
423.68	16.497
423.88	16.467
424.08	16.418
424.29	16.335
424.49	16.280
424.70	16.224
424.90	16.131
425.10	16.193
425.31	16.153
425.51	16.112
425.71	16.094
425.92	16.060
426.12	16.032
426.32	16.047
426.53	15.990
426.73	15.982
426.93	15.972
427.14	15.929
427.34	15.940
427.55	15.895
427.75	15.794
427.95	15.753
428.16	15.707
428.36	15.685
428.56	15.675
428.77	15.674
428.97	15.664
429.17	15.615
429.38	15.587
429.58	15.473
429.78	15.419
429.99	15.381
430.19	15.320
430.39	15.241
430.60	15.178
430.80	15.178
431.00	15.164
431.21	15.161
431.41	15.154
431.61	15.138
431.82	15.096
432.02	15.122
432.22	15.107
432.43	15.082
432.63	15.073
432.83	15.080
433.04	15.084
433.24	15.060
433.44	15.067
433.65	15.011
433.85	15.041
434.05	14.987
434.25	14.997
434.46	15.021
434.66	15.039
434.86	15.066
435.07	15.067
435.27	15.045
435.47	15.035
435.68	15.054
435.88	15.037
436.08	15.065
436.29	15.152
436.49	15.186
436.69	15.142
436.89	15.153
437.10	15.131
437.30	15.101
437.50	15.129
437.71	15.133
437.91	15.142
438.11	15.128
438.32	15.194
438.52	15.206
438.72	15.203
438.92	15.139
439.13	15.116
439.33	15.139
439.53	15.156
439.74	15.139
439.94	15.145
440.14	15.150
440.34	15.144
440.55	15.034
440.75	15.070
440.95	15.113
441.15	15.091
441.36	15.152
441.56	15.188
441.76	15.182
441.97	15.175
442.17	15.175
442.37	15.179
442.57	15.167
442.78	15.188
442.98	15.195
443.18	15.341
443.38	15.359
443.59	15.322
443.79	15.297
443.99	15.331
444.19	15.309
444.40	15.292
444.60	15.349
444.80	15.405
445.00	15.418
445.21	15.461
445.41	15.462
445.61	15.415
445.81	15.403
446.02	15.419
446.22	15.461
446.42	15.517
446.62	15.549
446.83	15.573
447.03	15.596
447.23	15.638
447.43	15.626
447.64	15.659
447.84	15.686
448.04	15.724
448.24	15.769
448.45	15.823
448.65	15.908
448.85	15.935
449.05	16.004
449.26	15.962
449.46	15.982
449.66	16.052
449.86	16.078
450.06	16.102
450.27	16.142
450.47	16.193
450.67	16.204
450.87	16.232
451.08	16.240
451.28	16.303
451.48	16.325
451.68	16.342
451.88	16.373
452.09	16.415
452.29	16.455
452.49	16.459
452.69	16.518
452.89	16.520
453.10	16.537
453.30	16.588
453.50	16.711
453.70	16.720
453.90	16.779
454.11	16.863
454.31	16.921
454.51	16.966
454.71	16.987
454.91	17.037
455.12	17.077
455.32	17.148
455.52	17.173
455.72	17.200
455.92	17.240
456.13	17.281
456.33	17.330
456.53	17.372
456.73	17.427
456.93	17.456
457.14	17.458
457.34	17.466
457.54	17.478
457.74	17.457
457.94	17.519
458.14	17.533
458.35	17.594
458.55	17.620
458.75	17.708
458.95	17.731
459.15	17.777
459.36	17.819
459.56	17.906
459.76	17.913
459.96	17.979
460.16	18.022
460.36	18.072
460.57	18.116
460.77	18.188
460.97	18.245
461.17	18.288
461.37	18.378
461.57	18.457
461.77	18.492
461.98	18.525
462.18	18.607
462.38	18.647
462.58	18.683
462.78	18.761
462.98	18.785
463.19	18.898
463.39	18.919
463.59	18.963
463.79	18.960
463.99	18.999
464.19	19.063
464.39	19.107
464.60	19.175
464.80	19.253
465.00	19.278
465.20	19.324
465.40	19.353
465.60	19.403
465.80	19.475
466.01	19.550
466.21	19.650
466.41	19.668
466.61	19.735
466.81	19.769
467.01	19.818
467.21	19.863
467.41	19.912
467.62	19.997
467.82	20.053
468.02	20.102
468.22	20.174
468.42	20.202
468.62	20.275
468.82	20.310
469.02	20.369
469.22	20.442
469.43	20.491
469.63	20.555
469.83	20.589
470.03	20.610
470.23	20.656
470.43	20.675
470.63	20.752
470.83	20.808
471.03	20.880
471.24	20.953
471.44	20.996
471.64	21.034
471.84	21.068
472.04	21.164
472.24	21.248
472.44	21.299
472.64	21.362
472.84	21.413
473.04	21.471
473.25	21.516
473.45	21.549
473.65	21.617
473.85	21.678
474.05	21.771
474.25	21.837
474.45	21.906
474.65	21.974
474.85	22.032
475.05	22.076
475.25	22.103
475.45	22.136
475.66	22.211
475.86	22.253
476.06	22.324
476.26	22.364
476.46	22.416
476.66	22.495
476.86	22.562
477.06	22.595
477.26	22.655
477.46	22.734
477.66	22.822
477.86	22.868
478.06	22.951
478.26	23.012
478.46	23.069
478.67	23.137
478.87	23.220
479.07	23.289
479.27	23.372
479.47	23.442
479.67	23.534
479.87	23.589
480.07	23.669
480.27	23.721
480.47	23.776
480.67	23.852
480.87	23.904
481.07	23.961
481.27	24.057
481.47	24.124
481.67	24.178
481.87	24.216
482.07	24.307
482.27	24.325
482.47	24.358
482.67	24.414
482.87	24.459
483.07	24.508
483.28	24.544
483.48	24.597
483.68	24.664
483.88	24.698
484.08	24.783
484.28	24.824
484.48	24.904
484.68	24.979
484.88	25.024
485.08	25.092
485.28	25.177
485.48	25.235
485.68	25.305
485.88	25.344
486.08	25.426
486.28	25.460
486.48	25.545
486.68	25.632
486.88	25.703
487.08	25.777
487.28	25.831
487.48	25.919
487.68	25.987
487.88	26.071
488.08	26.134
488.28	26.186
488.48	26.271
488.68	26.330
488.88	26.414
489.08	26.475
489.28	26.522
489.48	26.586
489.68	26.631
489.88	26.678
490.08	26.747
490.28	26.807
490.48	26.896
490.68	26.982
490.88	27.046
491.08	27.128
491.28	27.184
491.48	27.263
491.68	27.310
491.88	27.376
492.08	27.431
492.28	27.512
492.48	27.571
492.68	27.627
492.88	27.696
493.08	27.742
493.28	27.822
493.48	27.896
493.67	27.949
493.87	28.055
494.07	28.138
494.27	28.225
494.47	28.296
494.67	28.359
494.87	28.403
495.07	28.461
495.27	28.513
495.47	28.586
495.67	28.630
495.87	28.697
496.07	28.776
496.27	28.836
496.47	28.878
496.67	28.944
496.87	29.025
497.07	29.093
497.27	29.177
497.47	29.237
497.67	29.319
497.87	29.392
498.06	29.430
498.26	29.483
498.46	29.552
498.66	29.620
498.86	29.686
499.06	29.766
499.26	29.848
499.46	29.930
499.66	29.986
499.86	30.073
500.06	30.149
500.26	30.182
500.46	30.258
500.66	30.336
500.86	30.420
501.05	30.493
501.25	30.567
501.45	30.625
501.65	30.678
501.85	30.722
502.05	30.776
502.25	30.870
502.45	30.961
502.65	31.028
502.85	31.094
503.05	31.141
503.24	31.193
503.44	31.275
503.64	31.313
503.84	31.385
504.04	31.465
504.24	31.525
504.44	31.622
504.64	31.702
504.84	31.770
505.04	31.825
505.24	31.882
505.43	31.951
505.63	32.011
505.83	32.091
506.03	32.195
506.23	32.258
506.43	32.284
506.63	32.332
506.83	32.397
507.03	32.455
507.22	32.538
507.42	32.614
507.62	32.656
507.82	32.750
508.02	32.821
508.22	32.897
508.42	32.960
508.62	33.017
508.81	33.059
509.01	33.161
509.21	33.231
509.41	33.309
509.61	33.351
509.81	33.407
510.01	33.496
510.21	33.537
510.40	33.599
510.60	33.685
510.80	33.753
511.00	33.837
511.20	33.923
511.40	33.996
511.60	34.051
511.79	34.120
511.99	34.169
512.19	34.227
512.39	34.278
512.59	34.353
512.79	34.431
512.99	34.498
513.18	34.516
513.38	34.576
513.58	34.633
513.78	34.715
513.98	34.776
514.18	34.816
514.37	34.907
514.57	35.001
514.77	35.075
514.97	35.128
515.17	35.149
515.37	35.191
515.56	35.247
515.76	35.318
515.96	35.371
516.16	35.437
516.36	35.503
516.56	35.562
516.75	35.614
516.95	35.652
517.15	35.709
517.35	35.805
517.55	35.876
517.75	35.918
517.94	35.974
518.14	36.048
518.34	36.110
518.54	36.137
518.74	36.168
518.93	36.208
519.13	36.266
519.33	36.341
519.53	36.420
519.73	36.461
519.92	36.519
520.12	36.576
520.32	36.653
520.52	36.715
520.72	36.781
520.91	36.852
521.11	36.922
521.31	37.008
521.51	37.058
521.71	37.103
521.90	37.164
522.10	37.220
522.30	37.275
522.50	37.334
522.70	37.406
522.89	37.488
523.09	37.535
523.29	37.604
523.49	37.658
523.69	37.705
523.88	37.781
524.08	37.856
524.28	37.915
524.48	37.946
524.67	38.007
524.87	38.076
525.07	38.130
525.27	38.184
525.46	38.234
525.66	38.285
525.86	38.350
526.06	38.419
526.26	38.449
526.45	38.518
526.65	38.582
526.85	38.650
527.05	38.713
527.24	38.796
527.44	38.860
527.64	38.934
527.84	38.992
528.03	39.038
528.23	39.098
528.43	39.172
528.63	39.252
528.82	39.291
529.02	39.329
529.22	39.404
529.42	39.481
529.61	39.545
529.81	39.595
530.01	39.674
530.21	39.749
530.40	39.829
530.60	39.878
530.80	39.935
531.00	39.989
531.19	40.039
531.39	40.098
531.59	40.150
531.78	40.192
531.98	40.259
532.18	40.344
532.38	40.402
532.57	40.448
532.77	40.494
532.97	40.577
533.16	40.645
533.36	40.690
533.56	40.738
533.76	40.780
533.95	40.841
534.15	40.881
534.35	40.950
534.55	41.008
534.74	41.102
534.94	41.185
535.14	41.244
535.33	41.305
535.53	41.366
535.73	41.424
535.92	41.478
536.12	41.506
536.32	41.543
536.52	41.618
536.71	41.692
536.91	41.740
537.11	41.797
537.30	41.849
537.50	41.906
537.70	41.980
537.89	42.045
538.09	42.120
538.29	42.182
538.48	42.226
538.68	42.307
538.88	42.316
539.08	42.353
539.27	42.405
539.47	42.455
539.67	42.525
539.86	42.586
540.06	42.662
540.26	42.747
540.45	42.793
540.65	42.838
540.85	42.895
541.04	42.941
541.24	42.989
541.44	43.039
541.63	43.095
541.83	43.122
542.03	43.185
542.22	43.209
542.42	43.266
542.62	43.312
542.81	43.366
543.01	43.441
543.21	43.478
543.40	43.550
543.60	43.622
543.79	43.658
543.99	43.701
544.19	43.745
544.38	43.799
544.58	43.867
544.78	43.903
544.97	43.944
545.17	44.037
545.37	44.109
545.56	44.187
545.76	44.243
545.96	44.300
546.15	44.358
546.35	44.445
546.54	44.498
546.74	44.549
546.94	44.582
547.13	44.624
547.33	44.689
547.53	44.718
547.72	44.762
547.92	44.836
548.11	44.906
548.31	44.989
548.51	45.040
548.70	45.089
548.90	45.144
549.10	45.193
549.29	45.242
549.49	45.270
549.68	45.292
549.88	45.362
550.08	45.411
550.27	45.450
550.47	45.474
550.66	45.504
550.86	45.560
551.06	45.618
551.25	45.667
551.45	45.715
551.64	45.780
551.84	45.836
552.04	45.862
552.23	45.901
552.43	45.926
552.62	45.951
552.82	46.013
553.02	46.058
553.21	46.108
553.41	46.143
553.60	46.206
553.80	46.275
554.00	46.312
554.19	46.361
554.39	46.418
554.58	46.498
554.78	46.572
554.97	46.598
555.17	46.639
555.37	46.692
555.56	46.742
555.76	46.771
555.95	46.801
556.15	46.849
556.34	46.900
556.54	46.939
556.74	47.023
556.93	47.056
557.13	47.116
557.32	47.159
557.52	47.208
557.71	47.239
557.91	47.266
558.10	47.303
558.30	47.372
558.50	47.429
558.69	47.471
558.89	47.496
559.08	47.562
559.28	47.599
559.47	47.608
559.67	47.648
559.86	47.696
560.06	47.731
560.25	47.777
560.45	47.816
560.65	47.852
560.84	47.879
561.04	47.918
561.23	47.952
561.43	48.026
561.62	48.051
561.82	48.111
562.01	48.162
562.21	48.247
562.40	48.288
562.60	48.338
562.79	48.359
562.99	48.415
563.18	48.468
563.38	48.532
563.57	48.621
563.77	48.676
563.96	48.731
564.16	48.786
564.36	48.818
564.55	48.870
564.75	48.941
564.94	48.975
565.14	49.025
565.33	49.069
565.53	49.077
565.72	49.112
565.92	49.160
566.11	49.197
566.31	49.221
566.50	49.256
566.70	49.279
566.89	49.344
567.09	49.376
567.28	49.416
567.48	49.441
567.67	49.472
567.87	49.530
568.06	49.567
568.26	49.593
568.45	49.655
568.64	49.697
568.84	49.731
569.03	49.783
569.23	49.853
569.42	49.896
569.62	49.947
569.81	50.007
570.01	50.043
570.20	50.084
570.40	50.110
570.59	50.143
570.79	50.201
570.98	50.222
571.18	50.273
571.37	50.314
571.57	50.356
571.76	50.373
571.95	50.390
572.15	50.440
572.34	50.494
572.54	50.527
572.73	50.579
572.93	50.625
573.12	50.664
573.32	50.673
573.51	50.706
573.71	50.740
573.90	50.780
574.09	50.791
574.29	50.831
574.48	50.867
574.68	50.911
574.87	50.926
575.07	50.980
575.26	50.994
575.46	51.030
575.65	51.088
575.84	51.145
576.04	51.182
576.23	51.200
576.43	51.229
576.62	51.257
576.82	51.273
577.01	51.297
577.20	51.343
577.40	51.375
577.59	51.412
577.79	51.479
577.98	51.508
578.18	51.588
578.37	51.639
578.56	51.660
578.76	51.705
578.95	51.746
579.15	51.785
579.34	51.840
579.53	51.863
579.73	51.903
579.92	51.929
580.12	51.973
580.31	52.016
580.50	52.066
580.70	52.128
580.89	52.167
581.09	52.203
581.28	52.238
581.47	52.267
581.67	52.292
581.86	52.299
582.06	52.354
582.25	52.365
582.44	52.378
582.64	52.431
582.83	52.444
583.03	52.460
583.22	52.481
583.41	52.526
583.61	52.583
583.80	52.626
583.99	52.698
584.19	52.758
584.38	52.816
584.58	52.823
584.77	52.843
584.96	52.899
585.16	52.920
585.35	52.948
585.54	53.007
585.74	53.047
585.93	53.089
586.13	53.125
586.32	53.160
586.51	53.217
586.71	53.230
586.90	53.264
587.09	53.315
587.29	53.355
587.48	53.363
587.67	53.369
587.87	53.381
588.06	53.416
588.25	53.423
588.45	53.420
588.64	53.485
588.83	53.503
589.03	53.527
589.22	53.577
589.41	53.589
589.61	53.635
589.80	53.673
589.99	53.697
590.19	53.738
590.38	53.773
590.57	53.788
590.77	53.877
590.96	53.948
591.15	53.976
591.35	54.009
591.54	54.073
591.73	54.120
591.93	54.140
592.12	54.169
592.31	54.221
592.51	54.279
592.70	54.318
592.89	54.362
593.09	54.383
593.28	54.417
593.47	54.458
593.67	54.478
593.86	54.505
594.05	54.560
594.25	54.583
594.44	54.633
594.63	54.670
594.82	54.657
595.02	54.661
595.21	54.684
595.40	54.713
595.60	54.735
595.79	54.745
595.98	54.797
596.17	54.815
596.37	54.842
596.56	54.863
596.75	54.882
596.95	54.904
597.14	54.918
597.33	54.952
597.52	55.007
597.72	55.039
597.91	55.063
598.10	55.111
598.30	55.158
598.49	55.186
598.68	55.222
598.87	55.265
599.07	55.306
599.26	55.350
599.45	55.374
599.65	55.400
599.84	55.428
600.03	55.438
600.22	55.467
600.42	55.491
600.61	55.536
600.80	55.552
600.99	55.586
601.19	55.626
601.38	55.656
601.57	55.674
601.76	55.693
601.96	55.717
602.15	55.729
602.34	55.735
602.53	55.753
602.73	55.789
602.92	55.817
603.11	55.823
603.30	55.867
603.50	55.907
603.69	55.915
603.88	55.961
604.07	55.989
604.26	56.014
604.46	56.030
604.65	56.025
604.84	56.044
605.03	56.071
605.23	56.103
605.42	56.114
605.61	56.140
605.80	56.178
606.00	56.222
606.19	56.236
606.38	56.265
606.57	56.289
606.76	56.303
606.96	56.341
607.15	56.393
607.34	56.405
607.53	56.431
607.72	56.471
607.92	56.512
608.11	56.543
608.30	56.592
608.49	56.634
608.68	56.679
608.88	56.745
609.07	56.791
609.26	56.825
609.45	56.871
609.64	56.900
609.84	56.911
610.03	56.926
610.22	56.955
610.41	56.965
610.60	56.986
610.80	57.038
610.99	57.052
611.18	57.096
611.37	57.111
611.56	57.144
611.76	57.167
611.95	57.155
612.14	57.171
612.33	57.212
612.52	57.241
612.71	57.262
612.91	57.256
613.10	57.272
613.29	57.301
613.48	57.330
613.67	57.354
613.86	57.383
614.06	57.423
614.25	57.414
614.44	57.474
614.63	57.504
614.82	57.505
615.01	57.532
615.20	57.515
615.40	57.539
615.59	57.565
615.78	57.622
615.97	57.673
616.16	57.722
616.35	57.719
616.55	57.722
616.74	57.745
616.93	57.794
617.12	57.801
617.31	57.830
617.50	57.835
617.69	57.844
617.88	57.887
618.08	57.898
618.27	57.959
618.46	57.982
618.65	58.018
618.84	58.049
619.03	58.074
619.22	58.112
619.42	58.140
619.61	58.142
619.80	58.151
619.99	58.172
620.18	58.198
620.37	58.238
620.56	58.244
620.75	58.287
620.94	58.283
621.14	58.337
621.33	58.357
621.52	58.403
621.71	58.434
621.90	58.453
622.09	58.497
622.28	58.518
622.47	58.538
622.66	58.557
622.85	58.577
623.05	58.603
623.24	58.622
623.43	58.668
623.62	58.692
623.81	58.707
624.00	58.734
624.19	58.774
624.38	58.759
624.57	58.802
624.76	58.828
624.95	58.862
625.15	58.875
625.34	58.887
625.53	58.907
625.72	58.944
625.91	58.981
626.10	59.003
626.29	59.029
626.48	59.047
626.67	59.070
626.86	59.078
627.05	59.093
627.24	59.126
627.43	59.131
627.62	59.193
627.82	59.201
628.01	59.222
628.20	59.234
628.39	59.281
628.58	59.279
628.77	59.292
628.96	59.324
629.15	59.330
629.34	59.362
629.53	59.346
629.72	59.368
629.91	59.368
630.10	59.369
630.29	59.411
630.48	59.428
630.67	59.445
630.86	59.455
631.05	59.477
631.24	59.497
631.43	59.538
631.62	59.534
631.81	59.566
632.00	59.597
632.20	59.611
632.39	59.633
632.58	59.678
632.77	59.693
632.96	59.707
633.15	59.745
633.34	59.774
633.53	59.826
633.72	59.875
633.91	59.890
634.10	59.937
634.29	59.936
634.48	59.966
634.67	59.972
634.86	60.020
635.05	60.043
635.24	60.065
635.43	60.073
635.62	60.100
635.81	60.120
636.00	60.141
636.19	60.154
636.38	60.200
636.57	60.220
636.76	60.223
636.95	60.253
637.14	60.292
637.33	60.305
637.52	60.323
637.71	60.315
637.90	60.357
638.09	60.374
638.28	60.395
638.47	60.413
638.66	60.450
638.85	60.486
639.04	60.489
639.23	60.533
639.41	60.550
639.60	60.565
639.79	60.592
639.98	60.595
640.17	60.628
640.36	60.602
640.55	60.617
640.74	60.654
640.93	60.703
641.12	60.700
641.31	60.738
641.50	60.779
641.69	60.802
641.88	60.798
642.07	60.814
642.26	60.842
642.45	60.857
642.64	60.868
642.83	60.880
643.02	60.924
643.21	60.924
643.40	60.943
643.59	60.959
643.77	60.979
643.96	61.001
644.15	61.008
644.34	61.055
644.53	61.088
644.72	61.131
644.91	61.134
645.10	61.151
645.29	61.143
645.48	61.180
645.67	61.175
645.86	61.221
646.05	61.242
646.24	61.250
646.42	61.265
646.61	61.300
646.80	61.312
646.99	61.324
647.18	61.350
647.37	61.392
647.56	61.428
647.75	61.460
647.94	61.469
648.13	61.505
648.32	61.533
648.50	61.552
648.69	61.571
648.88	61.584
649.07	61.618
649.26	61.639
649.45	61.636
649.64	61.672
649.83	61.702
650.02	61.722
650.21	61.751
650.39	61.757
650.58	61.797
650.77	61.824
650.96	61.858
651.15	61.871
651.34	61.854
651.53	61.884
651.72	61.920
651.90	61.973
652.09	61.990
652.28	62.029
652.47	62.064
652.66	62.087
652.85	62.096
653.04	62.108
653.23	62.141
653.41	62.153
653.60	62.153
653.79	62.163
653.98	62.184
654.17	62.202
654.36	62.248
654.55	62.236
654.73	62.255
654.92	62.276
655.11	62.306
655.30	62.345
655.49	62.368
655.68	62.378
655.87	62.424
656.05	62.455
656.24	62.429
656.43	62.432
656.62	62.421
656.81	62.451
657.00	62.458
657.18	62.457
657.37	62.471
657.56	62.529
657.75	62.579
657.94	62.595
658.13	62.603
658.31	62.626
658.50	62.669
658.69	62.712
658.88	62.724
659.07	62.745
659.26	62.749
659.44	62.752
659.63	62.762
659.82	62.743
660.01	62.746
660.20	62.777
660.38	62.813
660.57	62.860
660.76	62.878
660.95	62.920
661.14	62.939
661.32	62.991
661.51	63.016
661.70	63.000
661.89	63.040
662.08	63.077
662.26	63.103
662.45	63.089
662.64	63.070
662.83	63.070
663.02	63.086
663.20	63.113
663.39	63.122
663.58	63.159
663.77	63.177
663.96	63.189
664.14	63.181
664.33	63.186
664.52	63.189
664.71	63.206
664.89	63.198
665.08	63.246
665.27	63.266
665.46	63.262
665.64	63.286
665.83	63.302
666.02	63.284
666.21	63.304
666.40	63.345
666.58	63.402
666.77	63.417
666.96	63.439
667.15	63.463
667.33	63.496
667.52	63.497
667.71	63.511
667.90	63.565
668.08	63.593
668.27	63.610
668.46	63.629
668.65	63.633
668.83	63.667
669.02	63.697
669.21	63.674
669.40	63.703
669.58	63.728
669.77	63.724
669.96	63.774
670.14	63.779
670.33	63.805
670.52	63.783
670.71	63.817
670.89	63.825
671.08	63.813
671.27	63.815
671.46	63.846
671.64	63.870
671.83	63.855
672.02	63.871
672.20	63.879
672.39	63.909
672.58	63.954
672.77	63.983
672.95	63.975
673.14	63.995
673.33	64.030
673.51	64.017
673.70	64.047
673.89	64.065
674.08	64.102
674.26	64.108
674.45	64.136
674.64	64.173
674.82	64.189
675.01	64.224
675.20	64.227
675.38	64.231
675.57	64.242
675.76	64.289
675.94	64.346
676.13	64.386
676.32	64.396
676.51	64.415
676.69	64.419
676.88	64.451
677.07	64.496
677.25	64.494
677.44	64.515
677.63	64.529
677.81	64.576
678.00	64.600
678.19	64.601
678.37	64.599
678.56	64.591
678.75	64.595
678.93	64.621
679.12	64.670
679.31	64.701
679.49	64.714
679.68	64.694
679.87	64.688
680.05	64.704
680.24	64.725
680.42	64.736
680.61	64.764
680.80	64.768
680.98	64.771
681.17	64.778
681.36	64.794
681.54	64.827
681.73	64.820
681.92	64.794
682.10	64.812
682.29	64.854
682.48	64.894
682.66	64.930
682.85	64.929
683.03	64.945
683.22	64.960
683.41	65.002
683.59	65.037
683.78	65.057
683.97	65.060
684.15	65.071
684.34	65.094
684.52	65.096
684.71	65.129
684.90	65.119
685.08	65.106
685.27	65.124
685.45	65.108
685.64	65.104
685.83	65.133
686.01	65.175
686.20	65.208
686.39	65.191
686.57	65.227
686.76	65.252
686.94	65.248
687.13	65.267
687.31	65.266
687.50	65.289
687.69	65.299
687.87	65.333
688.06	65.342
688.24	65.348
688.43	65.382
688.62	65.382
688.80	65.412
688.99	65.476
689.17	65.506
689.36	65.525
689.55	65.592
689.73	65.634
689.92	65.614
690.10	65.616
690.29	65.655
690.47	65.621
690.66	65.647
690.84	65.692
691.03	65.695
691.22	65.736
691.40	65.730
691.59	65.731
691.77	65.720
691.96	65.768
692.14	65.772
692.33	65.753
692.52	65.784
692.70	65.812
692.89	65.820
693.07	65.822
693.26	65.831
693.44	65.809
693.63	65.801
693.81	65.840
694.00	65.874
694.18	65.883
694.37	65.925
694.55	65.915
694.74	65.944
694.93	65.966
695.11	65.965
695.30	65.979
695.48	65.996
695.67	66.042
695.85	66.009
696.04	66.030
696.22	66.072
696.41	66.097
696.59	66.124
696.78	66.127
696.96	66.162
697.15	66.216
697.33	66.243
697.52	66.252
697.70	66.274
697.89	66.244
698.07	66.235
698.26	66.255
698.44	66.336
698.63	66.341
698.81	66.348
699.00	66.364
699.18	66.401
699.37	66.407
699.55	66.402
699.74	66.463
699.92	66.494
700.11	66.492
700.29	66.513
700.48	66.496
700.66	66.518
700.85	66.521
701.03	66.536
701.22	66.554
701.40	66.564
701.59	66.587
701.77	66.633
701.96	66.683
702.14	66.694
702.33	66.681
702.51	66.688
702.69	66.749
702.88	66.774
703.06	66.777
703.25	66.848
703.43	66.890
703.62	66.882
703.80	66.896
703.99	66.914
704.17	66.930
704.36	66.960
704.54	66.982
704.73	67.023
704.91	67.011
705.09	66.993
705.28	67.002
705.46	66.988
705.65	67.001
705.83	67.041
706.02	67.049
706.20	67.065
706.38	67.070
706.57	67.072
706.75	67.093
706.94	67.117
707.12	67.089
707.31	67.116
707.49	67.139
707.67	67.136
707.86	67.164
708.04	67.136
708.23	67.186
708.41	67.211
708.60	67.194
708.78	67.218
708.96	67.260
709.15	67.279
709.33	67.333
709.52	67.321
709.70	67.291
709.88	67.275
710.07	67.289
710.25	67.301
710.44	67.285
710.62	67.290
710.80	67.270
710.99	67.328
711.17	67.334
711.36	67.350
711.54	67.401
711.72	67.439
711.91	67.477
712.09	67.494
712.28	67.506
712.46	67.576
712.64	67.615
712.83	67.605
713.01	67.660
713.20	67.668
713.38	67.738
713.56	67.721
713.75	67.767
713.93	67.777
714.11	67.832
714.30	67.838
714.48	67.874
714.66	67.895
714.85	67.878
715.03	67.870
715.22	67.887
715.40	67.878
715.58	67.846
715.77	67.879
715.95	67.852
716.13	67.812
716.32	67.767
716.50	67.760
716.68	67.797
716.87	67.803
717.05	67.821
717.23	67.786
717.42	67.847
717.60	67.861
717.78	67.855
717.97	67.851
718.15	67.893
718.33	67.903
718.52	67.927
718.70	67.925
718.88	67.944
719.07	67.941
719.25	67.949
719.43	67.986
719.62	68.000
719.80	68.045
719.98	68.107
720.17	68.160
720.35	68.183
720.53	68.156
720.72	68.145
720.90	68.120
721.08	68.200
721.27	68.218
721.45	68.272
721.63	68.319
721.81	68.291
722.00	68.300
722.18	68.306
722.36	68.297
722.55	68.333
722.73	68.332
722.91	68.354
723.10	68.335
723.28	68.320
723.46	68.327
723.64	68.328
723.83	68.340
724.01	68.323
724.19	68.327
724.38	68.384
724.56	68.419
724.74	68.471
724.92	68.414
725.11	68.411
725.29	68.387
725.47	68.403
725.66	68.430
725.84	68.456
726.02	68.454
726.20	68.558
726.39	68.581
726.57	68.578
726.75	68.607
726.93	68.644
727.12	68.678
727.30	68.682
727.48	68.670
727.66	68.644
727.85	68.654
728.03	68.650
728.21	68.650
728.39	68.632
728.58	68.667
728.76	68.670
728.94	68.693
729.12	68.692
729.31	68.694
729.49	68.722
729.67	68.702
729.85	68.746
730.04	68.715
730.22	68.698
730.40	68.746
730.58	68.752
730.76	68.761
730.95	68.784
731.13	68.816
731.31	68.849
731.49	68.915
731.68	68.949
731.86	68.972
732.04	68.988
732.22	69.019
732.40	68.967
732.59	69.020
732.77	69.074
732.95	69.091
733.13	69.085
733.31	69.112
733.50	69.159
733.68	69.151
733.86	69.191
734.04	69.253
734.22	69.256
734.41	69.263
734.59	69.308
734.77	69.336
734.95	69.321
735.13	69.310
735.32	69.324
735.50	69.339
735.68	69.341
735.86	69.322
736.04	69.335
736.22	69.403
736.41	69.423
736.59	69.409
736.77	69.456
736.95	69.456
737.13	69.454
737.32	69.437
737.50	69.447
737.68	69.447
737.86	69.436
738.04	69.452
738.22	69.493
738.41	69.503
738.59	69.501
738.77	69.506
738.95	69.543
739.13	69.507
739.31	69.501
739.49	69.559
739.68	69.608
739.86	69.625
740.04	69.606
740.22	69.630
740.40	69.643
740.58	69.630
740.76	69.643
740.95	69.622
741.13	69.641
741.31	69.632
741.49	69.600
741.67	69.601
741.85	69.595
742.03	69.585
742.21	69.591
742.40	69.622
742.58	69.661
742.76	69.691
742.94	69.726
743.12	69.754
743.30	69.734
743.48	69.781
743.66	69.784
743.85	69.798
744.03	69.782
744.21	69.824
744.39	69.853
744.57	69.880
744.75	69.900
744.93	69.891
745.11	69.919
745.29	69.968
745.47	69.979
745.66	70.001
745.84	70.016
746.02	70.030
746.20	70.035
746.38	70.003
746.56	69.978
746.74	69.994
746.92	69.986
747.10	70.015
747.28	69.976
747.46	69.991
747.64	70.008
747.83	70.017
748.01	70.013
748.19	70.003
748.37	70.033
748.55	70.052
748.73	70.065
748.91	70.062
749.09	70.069
749.27	70.097
749.45	70.089
749.63	70.090
749.81	70.097
749.99	70.104
750.17	70.169
750.35	70.213
750.53	70.262
750.72	70.298
750.90	70.252
751.08	70.263
751.26	70.275
751.44	70.292
751.62	70.326
751.80	70.299
751.98	70.309
752.16	70.287
752.34	70.323
752.52	70.380
752.70	70.396
752.88	70.386
753.06	70.375
753.24	70.402
753.42	70.396
753.60	70.417
753.78	70.433
753.96	70.432
754.14	70.414
754.32	70.404
754.50	70.420
754.68	70.433
754.86	70.465
755.04	70.504
755.22	70.486
755.40	70.479
755.58	70.528
755.76	70.534
755.94	70.583
756.12	70.600
756.30	70.553
756.48	70.623
756.66	70.644
756.84	70.678
757.02	70.685
757.20	70.720
757.38	70.714
757.56	70.718
757.74	70.732
757.92	70.790
758.10	70.783
758.28	70.792
758.46	70.873
758.64	70.892
758.82	70.885
759.00	70.908
759.18	70.943
759.36	70.918
759.54	70.968
759.72	70.981
759.90	71.013
760.08	71.077
760.26	71.029
760.44	71.047
760.62	71.078
760.80	71.106
760.98	71.138
761.16	71.139
761.33	71.119
761.51	71.112
761.69	71.082
761.87	71.111
762.05	71.138
762.23	71.150
762.41	71.164
762.59	71.157
762.77	71.181
762.95	71.158
763.13	71.213
763.31	71.207
763.49	71.247
763.67	71.221
763.85	71.220
764.03	71.202
764.21	71.212
764.38	71.199
764.56	71.198
764.74	71.173
764.92	71.208
765.10	71.276
765.28	71.288
765.46	71.334
765.64	71.320
765.82	71.336
766.00	71.332
766.18	71.319
766.35	71.331
766.53	71.359
766.71	71.355
766.89	71.398
767.07	71.390
767.25	71.411
767.43	71.443
767.61	71.444
767.79	71.537
767.97	71.544
768.14	71.603
768.32	71.651
768.50	71.682
768.68	71.693
768.86	71.655
769.04	71.680
769.22	71.651
769.40	71.682
769.58	71.687
769.75	71.661
769.93	71.652
770.11	71.691
770.29	71.652
770.47	71.682
770.65	71.617
770.83	71.680
771.00	71.662
771.18	71.640
771.36	71.622
771.54	71.623
771.72	71.657
771.90	71.621
772.08	71.597
772.25	71.601
772.43	71.645
772.61	71.681
772.79	71.703
772.97	71.758
773.15	71.741
773.33	71.730
773.50	71.789
773.68	71.856
773.86	71.894
774.04	71.917
774.22	71.960
774.40	71.982
774.57	71.981
774.75	71.989
774.93	72.005
775.11	72.031
775.29	71.982
775.46	71.971
775.64	71.951
775.82	71.967
776.00	71.964
776.18	71.973
776.36	71.967
776.53	71.976
776.71	71.966
776.89	71.990
777.07	71.981
777.25	71.956
777.42	71.945
777.60	71.933
777.78	71.971
777.96	71.943
778.14	71.928
778.31	71.883
778.49	71.841
778.67	71.862
778.85	71.890
779.03	71.879
779.20	71.887
779.38	71.938
779.56	71.996
779.74	72.041
779.91	72.002
780.09	72.018
780.27	72.031
780.45	72.073
780.63	72.088
780.80	72.119
780.98	72.132
781.16	72.164
781.34	72.148
781.51	72.190
781.69	72.273
781.87	72.340
782.05	72.368
782.22	72.440
782.40	72.467
782.58	72.492
782.76	72.580
782.93	72.593
783.11	72.613
783.29	72.606
783.47	72.612
783.64	72.563
783.82	72.595
784.00	72.554
784.18	72.538
784.35	72.574
784.53	72.590
784.71	72.636
784.89	72.590
785.06	72.631
785.24	72.590
785.42	72.597
785.60	72.615
785.77	72.621
785.95	72.635
786.13	72.657
786.30	72.727
786.48	72.708
786.66	72.750
786.84	72.762
787.01	72.761
787.19	72.783
787.37	72.838
787.54	72.875
787.72	72.848
787.90	72.864
788.07	72.842
788.25	72.826
788.43	72.820
788.61	72.843
788.78	72.831
788.96	72.826
789.14	72.765
789.31	72.725
789.49	72.775
789.67	72.757
789.84	72.765
790.02	72.680
790.20	72.707
790.37	72.692
790.55	72.699
790.73	72.687
790.90	72.666
791.08	72.750
791.26	72.737
791.43	72.806
791.61	72.785
791.79	72.767
791.96	72.820
792.14	72.825
792.32	72.874
792.49	72.865
792.67	72.939
792.85	73.007
793.02	73.031
793.20	73.012
793.38	72.974
793.55	72.847
793.73	72.842
793.91	72.854
794.08	72.921
794.26	72.885
794.44	72.886
794.61	72.973
794.79	72.949
794.97	72.911
795.14	72.898
795.32	72.993
795.49	73.011
795.67	73.008
795.85	73.084
796.02	73.056
796.20	73.109
796.38	73.080
796.55	73.096
796.73	73.141
796.90	73.120
797.08	73.183
797.26	73.342
797.43	73.399
797.61	73.428
797.78	73.399
797.96	73.448
798.14	73.459
798.31	73.449
798.49	73.427
798.66	73.511
798.84	73.578
799.02	73.598
799.19	73.676
799.37	73.694
799.54	73.642
799.72	73.684
799.90	73.695
800.07	73.717
800.25	73.705
800.42	73.680
800.60	73.777
800.78	73.813
800.95	73.828
801.13	73.815
801.30	73.800
801.48	73.780
801.65	73.775
801.83	73.812
802.01	73.788
802.18	73.785
802.36	73.796
802.53	73.775
802.71	73.707
802.88	73.722
803.06	73.755
803.23	73.802
803.41	73.798
803.59	73.772
803.76	73.736
803.94	73.696
804.11	73.654
804.29	73.552
804.46	73.561
804.64	73.474
804.81	73.488
804.99	73.460
805.16	73.458
805.34	73.456
805.52	73.437
805.69	73.399
805.87	73.450
806.04	73.424
806.22	73.409
806.39	73.449
806.57	73.447
806.74	73.425
806.92	73.423
807.09	73.497
807.27	73.534
807.44	73.578
807.62	73.649
807.79	73.654
807.97	73.727
808.14	73.631
808.32	73.688
808.49	73.693
808.67	73.726
808.84	73.757
809.02	73.799
809.19	73.835
809.37	73.944
809.54	73.951
809.72	74.000
809.89	74.007
810.07	74.036
810.24	74.040
810.42	74.128
810.59	74.137
810.77	74.033
810.94	74.074
811.12	74.059
811.29	74.001
811.47	74.003
811.64	74.124
811.82	74.238
811.99	74.249
812.16	74.295
812.34	74.334
812.51	74.348
812.69	74.310
812.86	74.349
813.04	74.251
813.21	74.275
813.39	74.261
813.56	74.281
813.74	74.225
813.91	74.230
814.08	74.119
814.26	74.094
814.43	74.149
814.61	74.061
814.78	74.156
814.96	74.285
815.13	74.385
815.31	74.348
815.48	74.272
815.65	74.351
815.83	74.388
816.00	74.402
816.18	74.380
816.35	74.440
816.53	74.327
816.70	74.383
816.87	74.381
817.05	74.422
817.22	74.438
817.40	74.401
817.57	74.414
817.74	74.438
817.92	74.417
818.09	74.492
818.27	74.649
818.44	74.673
818.62	74.640
818.79	74.730
818.96	74.667
819.14	74.735
819.31	74.728
819.49	74.728
819.66	74.710
819.83	74.780
820.01	74.810
820.18	74.874
820.35	74.841
820.53	74.807
820.70	74.773
820.88	74.814
821.05	74.896
821.22	74.802
821.40	74.894
821.57	74.924
821.74	74.888
821.92	74.810
822.09	74.747
822.27	74.765
822.44	74.668
822.61	74.688
822.79	74.686
822.96	74.674
823.13	74.626
823.31	74.595
823.48	74.579
823.65	74.557
823.83	74.593
824.00	74.698
824.17	74.746
824.35	74.767
824.52	74.770
824.69	74.766
824.87	74.884
825.04	74.790
825.22	74.784
825.39	74.754
825.56	74.762
825.74	74.757
825.91	74.680
826.08	74.617
826.25	74.648
826.43	74.616
826.60	74.630
826.77	74.672
826.95	74.725
827.12	74.623
827.29	74.543
827.47	74.596
827.64	74.586
827.81	74.539
827.99	74.546
828.16	74.617
828.33	74.650
828.51	74.632
828.68	74.622
828.85	74.705
829.02	74.701
829.20	74.626
829.37	74.717
829.54	74.740
829.72	74.876
829.89	74.810
830.06	74.726
830.23	74.689
830.41	74.699
830.58	74.690
830.75	74.805
830.93	74.936
831.10	74.855
831.27	74.791
831.44	74.909
831.62	74.926
831.79	74.817
831.96	74.777
832.13	74.937
832.31	75.038
832.48	75.032
832.65	75.174
832.83	75.277
833.00	75.314
833.17	75.388
833.34	75.383
833.52	75.366
833.69	75.624
833.86	75.611
834.03	75.606
834.21	75.609
834.38	75.600
834.55	75.563
834.72	75.605
834.89	75.661
835.07	75.633
835.24	75.592
835.41	75.637
835.58	75.656
835.76	75.494
835.93	75.385
836.10	75.328
836.27	75.286
836.45	75.233
836.62	75.131
836.79	75.055
836.96	74.939
837.13	75.027
837.31	74.978
837.48	75.055
837.65	75.095
837.82	75.150
837.99	75.289
838.17	75.283
838.34	75.299
838.51	75.403
838.68	75.428
838.85	75.368
839.03	75.391
839.20	75.393
839.37	75.373
839.54	75.359
839.71	75.431
839.89	75.399
840.06	75.489
840.23	75.573
840.40	75.692
840.57	75.878
840.74	75.908
840.92	75.822
841.09	75.786
841.26	75.774
841.43	75.836
841.60	75.769
841.78	75.825
841.95	75.832
842.12	75.743
842.29	75.666
842.46	75.803
842.63	75.879
842.80	75.868
842.98	76.006
843.15	76.151
843.32	76.216
843.49	76.218
843.66	76.163
843.83	76.135
844.00	76.106
844.18	76.092
844.35	76.052
844.52	76.232
844.69	76.242
844.86	76.226
845.03	76.226
845.20	76.169
845.38	76.091
845.55	76.184
845.72	76.135
845.89	76.231
846.06	76.242
846.23	76.173
846.40	76.215
846.57	76.163
846.75	76.094
846.92	75.963
847.09	75.935
847.26	75.960
847.43	76.066
847.60	76.084
847.77	76.115
847.94	76.173
848.11	76.134
848.28	76.219
848.46	76.191
848.63	76.152
848.80	76.278
848.97	76.310
849.14	76.260
849.31	76.298
849.48	76.223
849.65	76.257
849.82	76.244
849.99	76.323
850.16	76.302
850.33	76.380
850.51	76.484
850.68	76.608
850.85	76.750
851.02	76.696
851.19	76.742
851.36	76.686
851.53	76.647
851.70	76.538
851.87	76.521
852.04	76.670
852.21	76.561
852.38	76.411
852.55	76.530
852.72	76.595
852.89	76.568
853.06	76.718
853.24	76.654
853.41	76.666
853.58	76.541
853.75	76.614
853.92	76.641
854.09	76.599
854.26	76.518
854.43	76.331
854.60	76.208
854.77	76.195
854.94	76.180
855.11	76.271
855.28	76.324
855.45	76.300
855.62	76.246
855.79	76.396
855.96	76.438
856.13	76.218
856.30	76.135
856.47	76.244
856.64	76.218
856.81	76.307
856.98	76.423
857.15	76.464
857.32	76.437
857.49	76.430
857.66	76.583
857.83	76.618
858.00	76.642
858.17	76.734
858.34	76.727
858.51	76.803
858.68	76.760
858.85	76.693
859.02	76.565
859.19	76.594
859.36	76.441
859.53	76.558
859.70	76.725
859.87	76.805
860.04	76.861
860.21	76.595
860.38	76.536
860.55	76.628
860.72	76.735
860.89	76.662
861.06	76.664
861.23	76.357
861.40	76.411
861.56	76.319
861.73	76.408
861.90	76.314
862.07	76.300
862.24	76.409
862.41	76.558
862.58	76.671
862.75	76.645
862.92	76.877
863.09	76.800
863.26	76.769
863.43	76.764
863.60	76.607
863.77	76.875
863.94	76.949
864.11	76.738
864.28	76.714
864.44	76.799
864.61	76.784
864.78	77.024
864.95	76.990
865.12	77.254
865.29	77.105
865.46	77.281
865.63	77.328
865.80	77.258
865.97	77.301
866.14	77.253
866.31	77.298
866.47	77.146
866.64	77.121
866.81	77.208
866.98	77.146
867.15	77.270
867.32	77.095
867.49	77.048
867.66	77.118
867.83	77.091
867.99	77.139
868.16	77.175
868.33	77.225
868.50	77.324
868.67	77.148
868.84	77.175
869.01	77.020
869.18	77.092
869.35	77.052
869.51	76.960
869.68	77.126
869.85	77.070
870.02	77.286
870.19	77.403
870.36	77.435
870.53	77.652
870.69	77.563
870.86	77.677
871.03	77.593
871.20	77.569
871.37	77.581
871.54	77.450
871.71	77.506
871.87	77.392
872.04	77.168
872.21	77.375
872.38	77.405
872.55	77.472
872.72	77.357
872.88	77.562
873.05	77.579
873.22	77.447
873.39	77.442
873.56	77.299
873.73	77.296
873.89	77.217
874.06	77.075
874.23	77.265
874.40	77.104
874.57	77.298
874.73	77.448
874.90	77.591
875.07	77.750
875.24	77.789
875.41	77.666
875.57	77.826
875.74	77.849
875.91	77.712
876.08	77.673
876.25	77.739
876.41	77.669
876.58	77.544
876.75	77.636
876.92	77.640
877.09	77.717
877.25	77.692
877.42	77.750
877.59	77.835
877.76	77.767
877.93	77.919
878.09	78.001
878.26	77.947
878.43	77.925
878.60	78.036
878.76	77.867
878.93	78.129
879.10	78.289
879.27	78.238
879.43	78.468
879.60	78.509
879.77	78.505
879.94	78.291
880.10	78.433
880.27	78.318
880.44	78.470
880.61	78.342
880.77	78.377
880.94	78.415
881.11	78.318
881.28	78.149
881.44	78.206
881.61	78.028
881.78	77.988
881.95	77.999
882.11	77.917
882.28	77.776
882.45	77.773
882.62	77.637
882.78	77.766
882.95	77.750
883.12	77.969
883.28	77.863
883.45	78.003
883.62	77.923
883.79	77.856
883.95	77.645
884.12	77.743
884.29	77.536
884.45	77.399
884.62	77.629
884.79	77.864
884.96	77.843
885.12	77.641
885.29	76.075
885.46	73.335
885.62	75.631
885.79	78.385
885.96	74.508
886.12	75.952
886.29	82.790
886.46	80.516
886.62	76.423
886.79	73.421
