 0.500  0.0750308
 0.523  0.0796530
 0.545  0.0845511
 0.568  0.0897433
 0.590  0.0952457
 0.613  0.1010682
 0.636  0.1072519
 0.658  0.1137920
 0.681  0.1207049
 0.704  0.1280087
 0.726  0.1357387
 0.749  0.1439211
 0.771  0.1525601
 0.794  0.1616866
 0.817  0.1713391
 0.839  0.1815299
 0.862  0.1923239
 0.884  0.2037077
 0.907  0.2157596
 0.930  0.2285014
 0.952  0.2420122
 0.975  0.2562646
 0.997  0.2713698
 1.020  0.2874062
 1.043  0.3043503
 1.065  0.3223131
 1.088  0.3414373
 1.111  0.3616751
 1.133  0.3832055
 1.156  0.4033549
 1.178  0.4234588
 1.201  0.4446470
 1.224  0.4669838
 1.246  0.4905270
 1.269  0.5130345
 1.291  0.5326809
 1.314  0.5527217
 1.337  0.5730626
 1.359  0.5935650
 1.382  0.6140297
 1.405  0.6474581
 1.427  0.6915086
 1.450  0.7401328
 1.472  0.7940723
 1.495  0.8542348
 1.518  0.9142001
 1.540  0.9644023
 1.563  1.0186990
 1.585  1.0776249
 1.608  1.1418127
 1.631  1.2120167
 1.653  1.2876236
 1.676  1.3694509
 1.698  1.4594698
 1.721  1.5589556
 1.744  1.6694577
 1.766  1.7999268
 1.789  1.9662675
 1.812  2.1550602
 1.834  2.3705468
 1.857  2.6180206
 1.879  2.9041541
 1.902  3.3811069
 1.925  3.9461298
 1.947  4.6140521
 1.970  5.4083308
 1.992  6.3590772
 2.015  7.4850297
 2.038  8.7639844
 2.060 10.3074805
 2.083 12.1852711
 2.106 14.4897684
 2.128 17.3446609
 2.151 20.6214611
 2.173 24.5651884
 2.196 29.3584455
 2.219 35.2028448
 2.241 42.3401054
 2.264 50.9375325
 2.286 60.6317516
 2.309 71.9652893
 2.332 84.9466984
 2.354 99.3569254
 2.377 114.6290907
 2.399 125.4861824
 2.422 132.0271915
 2.445 134.6337324
 2.467 133.7929533
 2.490 130.3247471
 2.513 125.8078483
 2.535 121.6880616
 2.558 117.7602735
 2.580 114.0322810
 2.603 110.5049727
 2.626 107.1746435
 2.648 105.9404430
 2.671 105.2041629
 2.693 104.4924451
 2.716 103.8043374
 2.739 103.1389367
 2.761 102.6492605
 2.784 102.3264242
 2.807 102.0134984
 2.829 101.7102116
 2.852 101.4163045
 2.874 101.1315295
 2.897 101.5415115
 2.920 102.1789806
 2.942 102.8154728
 2.965 103.4510161
 2.987 104.0856385
 3.010 104.7766150
 3.033 105.5386209
 3.055 106.3002337
 3.078 107.0614558
 3.101 107.8222898
 3.123 108.6351957
 3.146 109.7800453
 3.168 110.9316659
 3.191 112.0900887
 3.214 113.2553447
 3.236 114.4274643
 3.259 115.4902030
 3.281 116.3654979
 3.304 117.2307201
 3.327 118.0855885
 3.349 118.9298272
 3.372 119.7592355
 3.394 120.5361243
 3.417 121.3063438
 3.440 122.0697877
 3.462 122.8263526
 3.485 123.5759378
 3.508 124.4792196
 3.530 125.7063640
 3.553 126.9405795
 3.575 128.1818937
 3.598 129.4303336
 3.621 130.6743260
 3.643 131.4986086
 3.666 132.3232931
 3.688 133.1483922
 3.711 133.9739186
 3.734 134.7998852
 3.756 134.8306668
 3.779 134.5579326
 3.802 134.2919453
 3.824 134.0326511
 3.847 133.7799962
 3.869 133.5339271
 3.892 134.6151189
 3.915 135.7412588
 3.937 136.8730899
 3.960 138.0106486
 3.982 139.1539715
 4.005 140.1639637
 4.028 141.1066237
 4.050 142.0516427
 4.073 142.9990310
 4.095 143.9487991
 4.118 144.9009576
 4.141 146.6646718
 4.163 148.5264894
 4.186 150.4131482
 4.209 152.3250973
 4.231 154.2627954
 4.254 155.9362545
 4.276 157.4379986
 4.299 158.9518849
 4.322 160.4780399
 4.344 162.0165917
 4.367 163.7171201
 4.389 165.7857144
 4.412 167.8833376
 4.435 170.0105680
 4.457 172.1679995
 4.480 174.3562419
 4.503 176.8754105
 4.525 179.6860125
 4.548 182.5527262
 4.570 185.4770739
 4.593 188.4606261
 4.616 191.3430849
 4.638 193.7689028
 4.661 196.2179521
 4.683 198.6899023
 4.706 201.1843745
 4.729 203.7009375
 4.751 206.1461133
 4.774 208.5039020
 4.796 210.8616500
 4.819 213.2174896
 4.842 215.5694393
 4.864 217.7700417
 4.887 219.3334256
 4.910 220.8635851
 4.932 222.3587335
 4.955 223.8170715
 4.977 225.2367904
 5.000 226.9429061