0.500 7256276.0195437
 0.523 7264014.9935954
 0.545 7309516.1221705
 0.568 7364130.3425171
 0.590 7399336.0536274
 0.613 7402453.7800465
 0.636 7379968.8577677
 0.658 7350563.8386973
 0.681 7333608.7763442
 0.704 7339794.2026181
 0.726 7366885.8287873
 0.749 7401839.2247115
 0.771 7429104.8117609
 0.794 7439564.1784075
 0.817 7434902.4757657
 0.839 7425068.6583084
 0.862 7421871.9465943
 0.884 7433218.5706452
 0.907 7458790.5138555
 0.930 7490800.9941796
 0.952 7518471.3103532
 0.975 7535015.9096829
 0.997 7540851.6364696
 1.020 7542885.8042058
 1.043 7549896.7126029
 1.065 7568308.0806098
 1.088 7598136.1992888
 1.111 7633359.0352281
 1.133 7665055.6376751
 1.156 7683210.9940011
 1.178 7691867.3581953
 1.201 7699303.1747647
 1.224 7713558.3059341
 1.246 7740303.0870144
 1.269 7774782.5888282
 1.291 7807136.4771026
 1.314 7836682.0065651
 1.337 7858822.1123275
 1.359 7874815.6102285
 1.382 7891117.8772426
 1.405 7911137.2080826
 1.427 7941090.9866581
 1.450 7982090.9654666
 1.472 8027235.7712061
 1.495 8068377.3499997
 1.518 8097820.7519611
 1.540 8114454.7834412
 1.563 8133788.6530744
 1.585 8164341.2761797
 1.608 8209675.8261036
 1.631 8265470.5977927
 1.653 8314384.0632951
 1.676 8348486.8976975
 1.698 8371341.5828353
 1.721 8390151.3516734
 1.744 8416021.5592567
 1.766 8453574.4032856
 1.789 8493692.3152681
 1.812 8527595.0383718
 1.834 8535900.2499334
 1.857 8505831.2314204
 1.879 8436169.0481617
 1.902 8325371.1478293
 1.925 8194073.7995926
 1.947 8051611.5854463
 1.970 7904755.2278295
 1.992 7756195.4262041
 2.015 7609213.7509018
 2.038 7464119.7286965
 2.060 7321870.3024382
 2.083 7182467.7201781
 2.106 7045740.9842310
 2.128 6911446.3795179
 2.151 6776381.0281322
 2.173 6642988.7086557
 2.196 6511292.8867622
 2.219 6381104.5800466
 2.241 6252287.2075810
 2.264 6124521.6268336
 2.286 5996855.6164808
 2.309 5870435.7400851
 2.332 5745304.4717162
 2.354 5621537.5781652
 2.377 5499238.1989757
 2.399 5374390.6131195
 2.422 5251053.2721548
 2.445 5130090.3146550
 2.467 5011696.4320059
 2.490 4896083.1993229
 2.513 4781816.6594788
 2.535 4669636.0853693
 2.558 4561133.7797362
 2.580 4456504.5272870
 2.603 4355916.0760145
 2.626 4259504.9876073
 2.648 4166329.2778103
 2.671 4077176.8861507
 2.693 3992404.6120082
 2.716 3912078.5581173
 2.739 3836209.2511773
 2.761 3764777.9381990
 2.784 3697626.9460482
 2.807 3634571.0605893
 2.829 3575426.4384090
 2.852 3519967.1870982
 2.874 3467930.3256357
 2.897 3418779.7576491
 2.920 3372413.8257637
 2.942 3328595.2113068
 2.965 3286984.4571313
 2.987 3247234.0624562
 3.010 3208962.8914967
 3.033 3171824.8303051
 3.055 3135539.7403856
 3.078 3099806.0044494
 3.101 3064348.1357697
 3.123 3028923.6163144
 3.146 2993347.2405041
 3.168 2957448.3634163
 3.191 2921094.4580308
 3.214 2884195.1313577
 3.236 2846702.4799953
 3.259 2808577.2833231
 3.281 2769855.9841320
 3.304 2730673.0369204
 3.327 2691133.5066177
 3.349 2651368.9429349
 3.372 2611530.4415494
 3.394 2571766.3201167
 3.417 2532272.4889221
 3.440 2493232.7728159
 3.462 2454828.4686120
 3.485 2417232.5337910
 3.508 2380571.9442668
 3.530 2344949.1286452
 3.553 2310551.7013150
 3.575 2277481.8119849
 3.598 2245812.5050713
 3.621 2215586.8153561
 3.643 2186849.8955350
 3.666 2159547.4800389
 3.688 2133624.5804803
 3.711 2108998.7850898
 3.734 2085563.6351719
 3.756 2063235.1499504
 3.779 2041819.5640918
 3.802 2021142.6821783
 3.824 2001047.9785115
 3.847 1981381.2458650
 3.869 1961995.4327813
 3.892 1942767.6430282
 3.915 1923594.9438028
 3.937 1904370.4235294
 3.960 1885006.7321790
 3.982 1865438.2674968
 4.005 1845615.1418612
 4.028 1825521.4991806
 4.050 1805165.9229027
 4.073 1784575.2115958
 4.095 1763795.8289643
 4.118 1742891.2365496
 4.141 1721963.8957228
 4.163 1701065.9476752
 4.186 1680286.7257080
 4.209 1659721.9258835
 4.231 1639466.9129358
 4.254 1619616.4276655
 4.276 1600258.0998582
 4.299 1581462.7063749
 4.322 1563288.0673361
 4.344 1545776.2552907
 4.367 1528948.7781091
 4.389 1512805.9829911
 4.412 1497345.8317388
 4.435 1482543.1694319
 4.457 1468357.4544018
 4.480 1454734.5798488
 4.503 1441598.3101846
 4.525 1428877.0868600
 4.548 1416502.0758925
 4.570 1404393.1915712
 4.593 1392470.5802675
 4.616 1380655.0397140
 4.638 1368867.4933617
 4.661 1357052.0845909
 4.683 1345158.1695390
 4.706 1333147.1848818
 4.729 1320993.6384105
 4.751 1308682.9925576
 4.774 1296218.7788066
 4.796 1283618.9559225
 4.819 1270909.8489360
 4.842 1258127.8384841
 4.864 1245315.6548175
 4.887 1232520.1797072
 4.910 1219805.7156833
 4.932 1207228.6041208
 4.955 1194843.8976327
 4.977 1182703.1026555
 5.000 1170845.7516403